CPU_ALL,CPU Total ,User%,Sys%,Wait%,Idle%,CPUs,
CPU011,CPU Total ,User%,Sys%,Wait%,Idle%,
CPU010,CPU Total ,User%,Sys%,Wait%,Idle%,
CPU09,CPU Total ,User%,Sys%,Wait%,Idle%,
CPU08,CPU Total ,User%,Sys%,Wait%,Idle%,
CPU07,CPU Total ,User%,Sys%,Wait%,Idle%,
CPU06,CPU Total ,User%,Sys%,Wait%,Idle%,
CPU05,CPU Total ,User%,Sys%,Wait%,Idle%,
CPU04,CPU Total ,User%,Sys%,Wait%,Idle%,
CPU03,CPU Total ,User%,Sys%,Wait%,Idle%,
CPU02,CPU Total ,User%,Sys%,Wait%,Idle%,
CPU01,CPU Total ,User%,Sys%,Wait%,Idle%,
CPU00,CPU Total ,User%,Sys%,Wait%,Idle%,
DISKBUSY,Disk %Busy ,hdisk1,hdisk99,hdisk0,
DISKREAD,Disk Read 512 bytes per sec ,hdisk1,hdisk99,hdisk0,
DISKWRITE,Disk Write 512 bytes per sec ,hdisk1,hdisk99,hdisk0,
DISKXFER,Disk transfers per second ,hdisk1,hdisk99,hdisk0,
DISKSERV,Disk Avg service time/transfer ,hdisk1,hdisk99,hdisk0,
DISKWAIT,Average wait queue time for read/write transfers,hdisk1,hdisk99,hdisk0,
MEMREAL,Real Memory Statistics,Size 4k pages,free frames 4k,%pinned,%comp,%noncomp,%client,
MEMVIRT,PgSp / Virtual Memory Statistics,PageSpace,%free,%used,pagein,pageout,pgspgin,pgspgout,sio,totfaults,steal,
PROC,Processes ,Runnable,Swap-in,pswitch,syscall,read,write,fork,exec,loadavg,utilavg,numprocs,
LAN,LAN Interfaces Statistics,ent0/kbytesout,ent2/kbytesout,ent1/kbytesout,ent0/kbytesin,ent2/kbytesin,ent1/kbytesin,ent0/framesout,ent2/framesout,ent1/framesout,ent0/framesin,ent2/framesin,ent1/framesin,ent0/recvdrops,ent2/recvdrops,ent1/recvdrops,
IP,IP Statistics for network interface,lo0/ipacket,en2/ipacket,en1/ipacket,en0/ipacket,lo0/opacket,en2/opacket,en1/opacket,en0/opacket,lo0/ioctet_kb,en2/ioctet_kb,en1/ioctet_kb,en0/ioctet_kb,lo0/ooctet_kb,en2/ooctet_kb,en1/ooctet_kb,en0/ooctet_kb,
TCPUDP,IP Protocol statistics,TCPSendTot,TCPRcvTot,UDPSnddgrm,UDPRcvdgrm,
FILE,File I/O ,iget,namei,dirblk,readch,writech,
JFSFILE,JFS Filespace %Used,/,/home,/usr,/var,/tmp,/opt,
JFSINODE,JFS Inode %Used,/,/home,/usr,/var,/tmp,opt,
LPAR,LPAR Stats,PhysicalCPU,VirtualCPUs,LogicalCPUs,poolCPUS,entitled,weight,poolIdle,UsedAllCPU%,UsedPoolCPU%,SharedCPU,
ZZZZ,T0001,00:07:28,22-Sep-2019,,
CPU_ALL,T0001,3.04,2.90,0.00,94.06,12.00,
CPU011,T0001,0.00,1.78,0.00,98.22,
CPU010,T0001,0.00,1.81,0.00,98.19,
CPU09,T0001,0.00,1.94,0.00,98.06,
CPU08,T0001,7.86,51.23,0.00,40.91,
CPU07,T0001,0.00,1.25,0.00,98.75,
CPU06,T0001,0.00,1.33,0.00,98.67,
CPU05,T0001,0.00,1.71,0.00,98.29,
CPU04,T0001,30.14,37.01,0.01,32.84,
CPU03,T0001,1.30,0.88,0.00,97.82,
CPU02,T0001,0.24,0.80,0.00,98.96,
CPU01,T0001,11.04,11.46,0.01,77.50,
CPU00,T0001,49.29,47.45,0.01,3.25,
DISKBUSY,T0001,0.00,0.00,0.00,
DISKREAD,T0001,7.02,7.02,0.00,
DISKWRITE,T0001,10.11,60.81,0.00,
DISKXFER,T0001,1.05,6.74,0.00,
DISKSERV,T0001,0.00,0.00,0.00,
DISKWAIT,T0001,0.00,0.00,0.00,
MEMREAL,T0001,9437184.00,27544.60,15.45,50.85,48.86,44.34,
MEMVIRT,T0001,2097152.00,99.38,0.62,0.00,2.23,0.00,0.00,2.21,2306.60,0.00,
PROC,T0001,10.03,0.00,5148.78,14694.30,532.97,205.80,12.18,11.50,40.80,2.60,125.00,
LAN,T0001,143.47,0.00,0.12,10.11,0.36,0.29,50.16,0.06,0.57,45.56,4.10,3.99,0.00,0.00,0.00,
IP,T0001,10.38,3.98,3.99,45.56,10.38,0.06,0.57,50.16,2.17,0.28,0.24,9.49,2.17,0.00,0.12,143.46,
TCPUDP,T0001,49.95,49.63,9.98,7.79,
FILE,T0001,0.97,3407.54,0.00,756421.81,23346.80,
JFSFILE,T0001,15.19,70.75,77.01,73.84,3.89,44.29,
JFSINODE,T0001,3.03,9.24,19.58,4.33,0.02,2.26,
LPAR,T0001,0.21,3.00,12.00,64.00,2.00,128.00,42.63,0.33,0.33,1.00,
ZZZZ,T0002,00:12:28,22-Sep-2019,,
CPU_ALL,T0002,8.25,4.27,0.01,87.48,12.00,
CPU011,T0002,0.00,1.53,0.00,98.47,
CPU010,T0002,0.00,1.56,0.00,98.44,
CPU09,T0002,0.00,1.67,0.00,98.33,
CPU08,T0002,15.32,44.82,0.00,39.86,
CPU07,T0002,0.00,2.11,0.00,97.89,
CPU06,T0002,0.00,2.24,0.00,97.76,
CPU05,T0002,4.52,3.18,0.00,92.30,
CPU04,T0002,28.70,38.23,0.00,33.07,
CPU03,T0002,0.26,1.08,0.01,98.65,
CPU02,T0002,1.22,1.17,0.00,97.60,
CPU01,T0002,12.94,10.10,0.07,76.89,
CPU00,T0002,54.12,42.47,0.00,3.40,
DISKBUSY,T0002,0.00,1.40,0.00,
DISKREAD,T0002,7.02,16928.79,0.00,
DISKWRITE,T0002,8.83,58.61,0.00,
DISKXFER,T0002,0.97,23.09,0.00,
DISKSERV,T0002,0.00,0.00,0.00,
DISKWAIT,T0002,0.00,0.00,0.00,
MEMREAL,T0002,9437184.00,20052.00,15.45,50.85,48.94,44.54,
MEMVIRT,T0002,2097152.00,99.38,0.62,2115.26,2.31,0.00,0.00,2117.30,2258.21,2048.28,
PROC,T0002,10.32,0.00,6265.64,19184.67,1645.08,1701.57,12.16,11.46,49.20,4.00,125.80,
LAN,T0002,8640.06,0.01,0.13,90.18,0.37,0.23,322.74,0.09,0.66,1244.10,4.34,2.82,0.00,0.00,0.00,
IP,T0002,10.39,4.22,2.82,1244.10,10.39,0.09,0.66,322.73,2.09,0.28,0.19,73.18,2.09,0.01,0.13,1650.15,
TCPUDP,T0002,322.18,1247.87,10.49,7.85,
FILE,T0002,1.02,3388.20,0.00,3701868.00,3050773.25,
JFSFILE,T0002,15.19,70.75,77.01,73.80,3.89,44.30,
JFSINODE,T0002,3.03,9.24,19.58,4.32,0.02,2.26,
LPAR,T0002,0.44,3.00,12.00,64.00,2.00,128.00,46.23,0.68,0.68,1.00,
ZZZZ,T0003,00:17:28,22-Sep-2019,,
CPU_ALL,T0003,14.71,6.11,0.02,79.16,12.00,
CPU011,T0003,0.00,0.86,0.00,99.14,
CPU010,T0003,0.00,0.89,0.00,99.11,
CPU09,T0003,0.00,1.06,0.00,98.94,
CPU08,T0003,0.00,52.98,0.00,47.02,
CPU07,T0003,0.00,2.10,0.00,97.90,
CPU06,T0003,0.00,2.20,0.00,97.80,
CPU05,T0003,12.35,5.40,0.03,82.22,
CPU04,T0003,44.02,33.11,0.02,22.86,
CPU03,T0003,0.07,1.38,0.00,98.55,
CPU02,T0003,0.15,1.36,0.00,98.49,
CPU01,T0003,14.99,9.22,0.05,75.74,
CPU00,T0003,60.85,35.83,0.01,3.31,
DISKBUSY,T0003,0.00,3.60,0.00,
DISKREAD,T0003,14.19,37672.16,0.00,
DISKWRITE,T0003,9.07,53.45,0.00,
DISKXFER,T0003,1.07,51.06,0.00,
DISKSERV,T0003,0.00,0.00,0.00,
DISKWAIT,T0003,0.00,0.00,0.00,
MEMREAL,T0003,9437184.00,10360.60,15.45,50.85,49.04,45.98,
MEMVIRT,T0003,2097152.00,99.38,0.62,4711.43,2.29,0.00,0.00,4712.96,2292.89,4719.13,
PROC,T0003,7.65,0.20,7613.80,26344.08,3055.03,3442.58,12.16,11.48,56.40,7.20,125.80,
LAN,T0003,18972.12,0.00,0.13,187.93,0.36,0.20,655.85,0.06,0.67,2699.61,4.05,2.26,0.00,0.00,0.00,
IP,T0003,10.01,3.93,2.26,2699.61,10.01,0.06,0.67,655.84,1.96,0.28,0.17,151.02,1.96,0.00,0.13,11982.13,
TCPUDP,T0003,655.92,2703.53,9.52,7.52,
FILE,T0003,0.87,3577.51,0.00,10603809.00,9824619.00,
JFSFILE,T0003,15.19,70.75,77.01,73.80,3.89,44.30,
JFSINODE,T0003,3.03,9.24,19.58,4.32,0.02,2.26,
LPAR,T0003,0.73,3.00,12.00,64.00,2.00,128.00,46.74,1.13,1.13,1.00,
ZZZZ,T0004,00:22:28,22-Sep-2019,,
CPU_ALL,T0004,2.88,2.84,0.00,94.27,12.00,
CPU011,T0004,0.00,1.95,0.00,98.05,
CPU010,T0004,0.00,1.95,0.00,98.05,
CPU09,T0004,0.00,2.07,0.00,97.93,
CPU08,T0004,0.00,50.39,0.00,49.61,
CPU07,T0004,0.00,2.02,0.00,97.98,
CPU06,T0004,0.00,2.13,0.00,97.87,
CPU05,T0004,0.00,2.47,0.00,97.53,
CPU04,T0004,0.00,47.79,0.00,52.21,
CPU03,T0004,0.17,1.18,0.00,98.65,
CPU02,T0004,0.33,0.74,0.00,98.92,
CPU01,T0004,8.74,9.77,0.01,81.48,
CPU00,T0004,49.31,47.69,0.01,3.00,
DISKBUSY,T0004,0.00,0.00,0.00,
DISKREAD,T0004,7.10,8.10,0.00,
DISKWRITE,T0004,8.27,59.35,0.00,
DISKXFER,T0004,0.92,6.65,0.00,
DISKSERV,T0004,0.00,0.00,0.00,
DISKWAIT,T0004,0.00,0.00,0.00,
MEMREAL,T0004,9437184.00,12269.40,15.45,50.84,49.03,46.12,
MEMVIRT,T0004,2097152.00,99.38,0.62,1.60,2.13,0.00,0.00,2.52,2219.61,0.00,
PROC,T0004,9.22,0.00,5209.02,14757.66,527.36,204.03,12.13,11.43,42.60,2.20,125.00,
LAN,T0004,144.69,0.01,0.12,11.17,0.40,0.20,49.88,0.06,0.62,45.31,4.48,2.21,0.00,0.00,0.00,
IP,T0004,10.40,4.37,2.21,45.31,10.40,0.06,0.62,49.88,2.09,0.31,0.16,10.55,2.10,0.01,0.12,144.69,
TCPUDP,T0004,49.81,49.42,10.16,7.96,
FILE,T0004,1.01,3378.69,0.00,756679.31,23985.76,
JFSFILE,T0004,15.19,70.75,77.01,73.81,3.89,44.31,
JFSINODE,T0004,3.03,9.24,19.58,4.32,0.02,2.26,
LPAR,T0004,0.20,3.00,12.00,64.00,2.00,128.00,45.84,0.31,0.31,1.00,
ZZZZ,T0005,00:27:28,22-Sep-2019,,
CPU_ALL,T0005,2.80,2.92,0.00,94.28,12.00,
CPU011,T0005,0.00,2.02,0.00,97.98,
CPU010,T0005,0.00,2.03,0.00,97.97,
CPU09,T0005,0.00,2.25,0.00,97.75,
CPU08,T0005,0.00,50.25,0.00,49.75,
CPU07,T0005,0.00,2.20,0.00,97.80,
CPU06,T0005,0.00,2.27,0.00,97.73,
CPU05,T0005,0.00,2.45,0.00,97.55,
CPU04,T0005,0.00,47.09,0.00,52.91,
CPU03,T0005,0.17,0.59,0.00,99.25,
CPU02,T0005,0.31,0.74,0.00,98.95,
CPU01,T0005,11.22,12.73,0.01,76.04,
CPU00,T0005,47.61,49.00,0.00,3.39,
DISKBUSY,T0005,0.00,0.00,0.00,
DISKREAD,T0005,7.10,7.02,0.00,
DISKWRITE,T0005,9.36,53.55,0.00,
DISKXFER,T0005,1.06,5.75,0.00,
DISKSERV,T0005,0.00,0.00,0.00,
DISKWAIT,T0005,0.00,0.00,0.00,
MEMREAL,T0005,9437184.00,12471.60,15.45,50.84,49.03,46.12,
MEMVIRT,T0005,2097152.00,99.38,0.62,0.34,1.73,0.00,0.01,1.75,2233.17,0.00,
PROC,T0005,13.65,0.00,5173.46,15683.48,554.24,96.67,12.17,11.49,41.80,2.00,125.20,
LAN,T0005,142.70,0.00,0.13,9.22,0.36,0.51,48.09,0.05,0.63,43.35,4.02,7.78,0.00,0.00,0.00,
IP,T0005,10.01,3.90,7.78,43.35,10.01,0.05,0.63,48.09,1.91,0.28,0.40,8.63,1.90,0.00,0.13,142.69,
TCPUDP,T0005,48.34,47.25,9.54,7.57,
FILE,T0005,0.83,3658.56,0.00,849342.38,20902.18,
JFSFILE,T0005,15.19,70.75,77.01,73.81,3.89,44.31,
JFSINODE,T0005,3.03,9.24,19.58,4.32,0.02,2.26,
LPAR,T0005,0.20,3.00,12.00,64.00,2.00,128.00,46.42,0.31,0.31,1.00,
ZZZZ,T0006,00:32:28,22-Sep-2019,,
CPU_ALL,T0006,2.73,2.87,0.00,94.39,12.00,
CPU011,T0006,0.00,1.86,0.00,98.14,
CPU010,T0006,0.00,1.86,0.00,98.14,
CPU09,T0006,0.00,2.13,0.00,97.87,
CPU08,T0006,0.00,49.53,0.00,50.47,
CPU07,T0006,0.00,1.95,0.00,98.05,
CPU06,T0006,0.00,2.06,0.00,97.94,
CPU05,T0006,0.00,2.23,0.00,97.77,
CPU04,T0006,0.00,47.37,0.00,52.63,
CPU03,T0006,0.35,0.87,0.00,98.78,
CPU02,T0006,0.50,0.81,0.00,98.69,
CPU01,T0006,8.46,11.83,0.02,79.69,
CPU00,T0006,47.86,48.95,0.01,3.18,
DISKBUSY,T0006,0.00,0.00,0.00,
DISKREAD,T0006,7.10,7.04,0.00,
DISKWRITE,T0006,7.25,52.78,0.00,
DISKXFER,T0006,0.87,5.80,0.00,
DISKSERV,T0006,0.00,0.00,0.00,
DISKWAIT,T0006,0.00,0.00,0.00,
MEMREAL,T0006,9437184.00,12491.60,15.45,50.84,49.03,46.12,
MEMVIRT,T0006,2097152.00,99.38,0.62,0.67,1.78,0.00,0.01,1.67,2220.38,0.00,
PROC,T0006,9.57,0.00,5024.41,15475.81,540.27,94.61,12.15,11.45,38.20,2.20,125.00,
LAN,T0006,144.28,0.01,0.13,10.93,0.36,0.38,49.03,0.08,0.62,44.87,4.23,5.56,0.00,0.00,0.00,
IP,T0006,10.11,4.11,5.56,44.87,10.11,0.08,0.62,49.03,2.07,0.28,0.31,10.32,2.07,0.01,0.13,144.29,
TCPUDP,T0006,48.77,48.22,10.14,7.87,
FILE,T0006,0.89,3655.21,0.00,826468.50,20998.18,
JFSFILE,T0006,15.19,70.75,77.01,73.81,3.89,44.32,
JFSINODE,T0006,3.03,9.24,19.58,4.32,0.02,2.26,
LPAR,T0006,0.20,3.00,12.00,64.00,2.00,128.00,47.01,0.31,0.31,1.00,
ZZZZ,T0007,00:37:28,22-Sep-2019,,
CPU_ALL,T0007,2.91,2.78,0.01,94.30,12.00,
CPU011,T0007,0.00,1.69,0.00,98.31,
CPU010,T0007,0.00,1.65,0.00,98.35,
CPU09,T0007,0.00,1.71,0.00,98.29,
CPU08,T0007,15.06,43.20,0.00,41.74,
CPU07,T0007,0.00,1.87,0.00,98.13,
CPU06,T0007,0.00,1.97,0.00,98.03,
CPU05,T0007,0.00,2.40,0.00,97.60,
CPU04,T0007,5.21,47.00,0.01,47.78,
CPU03,T0007,0.23,0.54,0.06,99.17,
CPU02,T0007,0.24,0.50,0.00,99.25,
CPU01,T0007,11.29,13.01,0.07,75.63,
CPU00,T0007,49.79,46.91,0.01,3.29,
DISKBUSY,T0007,0.00,0.00,0.00,
DISKREAD,T0007,14.11,14.16,0.00,
DISKWRITE,T0007,6.93,61.44,0.00,
DISKXFER,T0007,0.90,6.78,0.00,
DISKSERV,T0007,0.00,0.00,0.00,
DISKWAIT,T0007,0.00,0.00,0.00,
MEMREAL,T0007,9437184.00,12615.60,15.45,50.84,49.02,46.12,
MEMVIRT,T0007,2097152.00,99.38,0.62,1.56,2.46,0.00,0.00,2.37,2286.21,1.78,
PROC,T0007,10.48,0.20,4879.91,14437.13,526.79,203.65,12.16,11.48,46.00,2.20,125.00,
LAN,T0007,146.16,0.01,0.13,11.49,0.36,0.42,49.43,0.06,0.66,45.16,4.03,6.10,0.00,0.00,0.00,
IP,T0007,9.97,3.91,6.10,45.16,9.97,0.06,0.66,49.43,2.06,0.28,0.33,10.87,2.06,0.01,0.13,146.16,
TCPUDP,T0007,49.63,48.94,9.92,7.67,
FILE,T0007,1.00,3402.02,0.00,757021.50,25044.91,
JFSFILE,T0007,15.19,70.75,77.01,73.82,3.89,44.32,
JFSINODE,T0007,3.03,9.24,19.58,4.32,0.02,2.26,
LPAR,T0007,0.20,3.00,12.00,64.00,2.00,128.00,45.69,0.31,0.31,1.00,
ZZZZ,T0008,00:42:28,22-Sep-2019,,
CPU_ALL,T0008,2.68,2.84,0.00,94.48,12.00,
CPU011,T0008,0.00,2.05,0.00,97.95,
CPU010,T0008,0.00,2.01,0.00,97.99,
CPU09,T0008,0.00,2.39,0.00,97.61,
CPU08,T0008,0.00,49.48,0.00,50.52,
CPU07,T0008,0.00,2.16,0.00,97.84,
CPU06,T0008,0.00,2.24,0.00,97.76,
CPU05,T0008,0.00,2.40,0.00,97.60,
CPU04,T0008,0.00,46.19,0.00,53.81,
CPU03,T0008,0.30,0.84,0.00,98.86,
CPU02,T0008,0.31,0.71,0.00,98.98,
CPU01,T0008,10.07,11.30,0.00,78.63,
CPU00,T0008,47.37,49.53,0.00,3.10,
DISKBUSY,T0008,0.00,0.00,0.00,
DISKREAD,T0008,7.09,7.01,0.00,
DISKWRITE,T0008,6.53,54.04,0.00,
DISKXFER,T0008,0.82,5.74,0.00,
DISKSERV,T0008,0.00,0.00,0.00,
DISKWAIT,T0008,0.00,0.00,0.00,
MEMREAL,T0008,9437184.00,12677.60,15.45,50.84,49.02,46.11,
MEMVIRT,T0008,2097152.00,99.38,0.62,0.76,1.55,0.00,0.00,1.60,2233.38,0.00,
PROC,T0008,9.25,0.00,4844.62,15312.98,542.52,103.04,12.15,11.45,40.20,2.00,125.00,
LAN,T0008,143.04,0.01,0.13,9.58,0.36,0.36,47.87,0.07,0.68,43.10,4.22,5.03,0.00,0.00,0.00,
IP,T0008,9.84,4.11,5.03,43.10,9.84,0.07,0.68,47.87,1.95,0.28,0.29,8.99,1.95,0.01,0.13,143.04,
TCPUDP,T0008,48.04,46.75,9.86,7.58,
FILE,T0008,0.90,3619.05,0.00,842856.00,20179.12,
JFSFILE,T0008,15.19,70.75,77.01,73.82,3.89,44.32,
JFSINODE,T0008,3.03,9.24,19.58,4.32,0.02,2.26,
LPAR,T0008,0.19,3.00,12.00,64.00,2.00,128.00,46.19,0.30,0.30,1.00,
ZZZZ,T0009,00:47:28,22-Sep-2019,,
CPU_ALL,T0009,2.73,2.83,0.00,94.44,12.00,
CPU011,T0009,0.00,1.92,0.00,98.08,
CPU010,T0009,0.00,1.90,0.00,98.10,
CPU09,T0009,0.00,2.28,0.00,97.72,
CPU08,T0009,0.00,49.62,0.00,50.38,
CPU07,T0009,0.00,2.13,0.00,97.87,
CPU06,T0009,0.00,2.23,0.00,97.77,
CPU05,T0009,0.00,2.56,0.00,97.44,
CPU04,T0009,0.00,45.76,0.00,54.24,
CPU03,T0009,0.34,0.70,0.00,98.96,
CPU02,T0009,0.49,0.74,0.00,98.77,
CPU01,T0009,9.37,13.73,0.00,76.89,
CPU00,T0009,48.15,48.47,0.00,3.38,
DISKBUSY,T0009,0.00,0.00,0.00,
DISKREAD,T0009,14.11,14.11,0.00,
DISKWRITE,T0009,7.07,52.53,0.00,
DISKXFER,T0009,0.91,5.82,0.00,
DISKSERV,T0009,0.00,0.00,0.00,
DISKWAIT,T0009,0.00,0.00,0.00,
MEMREAL,T0009,9437184.00,12726.20,15.45,50.84,49.02,46.12,
MEMVIRT,T0009,2097152.00,99.38,0.62,0.04,1.77,0.00,0.00,1.64,2252.17,0.00,
PROC,T0009,8.71,0.00,4855.80,15130.20,553.30,107.88,12.18,11.51,45.80,2.20,124.00,
LAN,T0009,143.14,0.00,0.13,9.39,0.36,0.20,47.75,0.04,0.69,43.37,4.10,2.26,0.00,0.00,0.00,
IP,T0009,9.82,3.98,2.26,43.37,9.82,0.04,0.69,47.75,1.96,0.27,0.17,8.80,1.95,0.00,0.13,143.14,
TCPUDP,T0009,48.19,47.03,9.57,7.69,
FILE,T0009,0.86,3583.69,0.00,842614.81,21404.34,
JFSFILE,T0009,15.19,70.75,77.01,73.82,3.89,44.31,
JFSINODE,T0009,3.03,9.24,19.58,4.32,0.02,2.26,
LPAR,T0009,0.20,3.00,12.00,64.00,2.00,128.00,46.97,0.31,0.31,1.00,
ZZZZ,T0010,00:52:28,22-Sep-2019,,
CPU_ALL,T0010,2.77,2.78,0.00,94.44,12.00,
CPU011,T0010,0.00,2.26,0.00,97.74,
CPU010,T0010,0.00,1.90,0.00,98.10,
CPU09,T0010,0.00,2.15,0.00,97.85,
CPU08,T0010,0.00,49.53,0.00,50.47,
CPU07,T0010,0.00,1.98,0.00,98.02,
CPU06,T0010,0.00,2.08,0.00,97.92,
CPU05,T0010,0.00,2.46,0.00,97.54,
CPU04,T0010,0.00,46.36,0.00,53.64,
CPU03,T0010,0.19,0.70,0.00,99.11,
CPU02,T0010,0.40,0.80,0.00,98.81,
CPU01,T0010,8.81,11.32,0.09,79.78,
CPU00,T0010,48.93,47.99,0.00,3.07,
DISKBUSY,T0010,0.00,0.00,0.00,
DISKREAD,T0010,7.10,7.04,0.00,
DISKWRITE,T0010,6.53,60.18,0.00,
DISKXFER,T0010,0.82,6.54,0.00,
DISKSERV,T0010,0.00,0.00,0.00,
DISKWAIT,T0010,0.00,0.00,0.00,
MEMREAL,T0010,9437184.00,12479.40,15.45,50.84,49.03,46.12,
MEMVIRT,T0010,2097152.00,99.38,0.62,0.67,2.06,0.00,0.00,2.11,2244.25,0.00,
PROC,T0010,9.79,0.00,4846.39,14420.58,530.51,191.35,12.26,11.56,39.60,2.00,125.00,
LAN,T0010,143.19,0.01,0.14,10.07,0.36,0.45,48.33,0.07,0.75,43.73,4.21,6.64,0.00,0.00,0.00,
IP,T0010,9.94,4.09,6.64,43.73,9.94,0.07,0.75,48.33,2.03,0.27,0.36,9.47,2.03,0.01,0.14,143.19,
TCPUDP,T0010,48.18,47.11,10.25,7.77,
FILE,T0010,1.04,3395.22,0.00,768573.06,22957.82,
JFSFILE,T0010,15.19,70.75,77.01,73.83,3.89,44.29,
JFSINODE,T0010,3.03,9.24,19.58,4.32,0.02,2.26,
LPAR,T0010,0.20,3.00,12.00,64.00,2.00,128.00,46.75,0.30,0.30,1.00,
ZZZZ,T0011,00:57:28,22-Sep-2019,,
CPU_ALL,T0011,2.67,2.84,0.00,94.49,12.00,
CPU011,T0011,0.00,1.89,0.00,98.11,
CPU010,T0011,0.00,1.92,0.00,98.08,
CPU09,T0011,0.00,2.13,0.00,97.87,
CPU08,T0011,0.00,49.11,0.00,50.89,
CPU07,T0011,0.00,2.09,0.00,97.91,
CPU06,T0011,0.00,2.25,0.00,97.75,
CPU05,T0011,0.00,2.33,0.00,97.67,
CPU04,T0011,0.00,45.47,0.00,54.53,
CPU03,T0011,0.56,0.47,0.00,98.97,
CPU02,T0011,0.62,0.59,0.00,98.78,
CPU01,T0011,9.42,13.27,0.05,77.26,
CPU00,T0011,47.35,49.32,0.00,3.32,
DISKBUSY,T0011,0.00,0.00,0.00,
DISKREAD,T0011,14.11,14.06,0.00,
DISKWRITE,T0011,6.40,52.33,0.00,
DISKXFER,T0011,0.85,5.70,0.00,
DISKSERV,T0011,0.00,0.00,0.00,
DISKWAIT,T0011,0.00,0.00,0.00,
MEMREAL,T0011,9437184.00,12373.60,15.45,50.84,49.03,46.12,
MEMVIRT,T0011,2097152.00,99.38,0.62,0.01,1.52,0.00,0.00,1.53,2224.04,0.00,
PROC,T0011,14.01,0.00,4862.50,15226.38,541.06,93.04,12.07,11.39,39.40,2.00,125.00,
LAN,T0011,142.43,0.00,0.14,9.04,0.36,0.22,47.23,0.05,0.79,42.89,4.03,2.48,0.00,0.00,0.00,
IP,T0011,9.65,3.91,2.48,42.89,9.65,0.05,0.79,47.23,1.95,0.28,0.18,8.46,1.95,0.00,0.14,142.43,
TCPUDP,T0011,47.29,46.13,9.77,7.86,
FILE,T0011,0.81,3666.08,0.00,833101.31,19356.05,
JFSFILE,T0011,15.19,70.75,77.01,73.83,3.89,44.29,
JFSINODE,T0011,3.03,9.24,19.58,4.32,0.02,2.26,
LPAR,T0011,0.19,3.00,12.00,64.00,2.00,128.00,46.71,0.30,0.30,1.00,
ZZZZ,T0012,01:02:28,22-Sep-2019,,
CPU_ALL,T0012,2.75,2.89,0.00,94.36,12.00,
CPU011,T0012,0.00,1.84,0.00,98.16,
CPU010,T0012,0.00,1.90,0.00,98.10,
CPU09,T0012,0.00,2.16,0.00,97.84,
CPU08,T0012,0.00,50.06,0.00,49.94,
CPU07,T0012,0.00,2.06,0.00,97.94,
CPU06,T0012,0.00,2.15,0.00,97.85,
CPU05,T0012,0.00,2.31,0.00,97.69,
CPU04,T0012,0.00,46.43,0.00,53.57,
CPU03,T0012,1.03,0.90,0.00,98.07,
CPU02,T0012,0.36,0.51,0.00,99.13,
CPU01,T0012,7.70,11.94,0.05,80.30,
CPU00,T0012,47.95,48.97,0.00,3.07,
DISKBUSY,T0012,0.00,0.00,0.00,
DISKREAD,T0012,7.10,7.02,0.00,
DISKWRITE,T0012,8.08,53.58,0.00,
DISKXFER,T0012,0.92,5.88,0.00,
DISKSERV,T0012,0.00,0.00,0.00,
DISKWAIT,T0012,0.00,0.00,0.00,
MEMREAL,T0012,9437184.00,12357.00,15.45,50.84,49.03,46.12,
MEMVIRT,T0012,2097152.00,99.38,0.62,0.01,1.65,0.00,0.00,1.64,2232.66,0.00,
PROC,T0012,12.36,0.00,5086.21,15509.69,541.76,96.49,12.14,11.44,47.20,2.00,125.00,
LAN,T0012,142.84,0.01,0.14,9.40,0.37,0.27,48.95,0.07,0.76,44.12,4.33,3.54,0.00,0.00,0.00,
IP,T0012,10.48,4.22,3.54,44.12,10.48,0.07,0.76,48.95,2.05,0.28,0.23,8.80,2.05,0.01,0.14,142.84,
TCPUDP,T0012,49.74,48.48,9.85,7.56,
FILE,T0012,0.90,3666.06,0.00,828666.44,20256.37,
JFSFILE,T0012,15.20,70.75,77.01,73.82,3.89,44.30,
JFSINODE,T0012,3.03,9.24,19.58,4.32,0.02,2.26,
LPAR,T0012,0.20,3.00,12.00,64.00,2.00,128.00,45.25,0.31,0.31,1.00,
ZZZZ,T0013,01:07:28,22-Sep-2019,,
CPU_ALL,T0013,3.19,3.02,0.02,93.78,12.00,
CPU011,T0013,0.00,1.45,0.00,98.55,
CPU010,T0013,0.00,1.49,0.00,98.51,
CPU09,T0013,0.00,1.46,0.00,98.54,
CPU08,T0013,24.81,41.75,0.03,33.41,
CPU07,T0013,0.00,1.71,0.00,98.29,
CPU06,T0013,0.00,1.82,0.00,98.18,
CPU05,T0013,0.00,2.03,0.00,97.97,
CPU04,T0013,13.07,46.84,0.01,40.07,
CPU03,T0013,0.65,0.69,0.00,98.65,
CPU02,T0013,1.46,0.95,0.00,97.59,
CPU01,T0013,13.00,12.04,0.08,74.88,
CPU00,T0013,49.50,47.22,0.02,3.27,
DISKBUSY,T0013,0.00,0.20,0.00,
DISKREAD,T0013,505.23,762.50,0.00,
DISKWRITE,T0013,8.59,95.16,0.00,
DISKXFER,T0013,3.33,14.36,0.00,
DISKSERV,T0013,0.00,0.00,0.00,
DISKWAIT,T0013,0.00,0.00,0.00,
MEMREAL,T0013,9437184.00,12703.00,15.45,50.84,49.02,46.11,
MEMVIRT,T0013,2097152.00,99.38,0.62,1.18,2.64,0.00,0.00,3.51,3236.77,2.42,
PROC,T0013,10.44,0.00,5245.02,16033.02,631.53,225.98,16.57,15.99,43.20,2.40,125.00,
LAN,T0013,143.69,0.00,0.13,9.54,0.35,0.31,52.23,0.05,0.72,44.11,4.02,4.19,0.00,0.00,0.00,
IP,T0013,11.50,3.90,4.19,44.11,11.50,0.05,0.72,52.23,2.13,0.27,0.25,8.94,2.13,0.00,0.13,143.69,
TCPUDP,T0013,50.52,49.05,13.37,7.96,
FILE,T0013,2.23,3605.96,0.00,1515560.62,27558.52,
JFSFILE,T0013,15.20,70.75,77.01,73.79,3.89,44.30,
JFSINODE,T0013,3.03,9.25,19.58,4.32,0.02,2.26,
LPAR,T0013,0.22,3.00,12.00,64.00,2.00,128.00,46.99,0.34,0.34,1.00,
ZZZZ,T0014,01:12:28,22-Sep-2019,,
CPU_ALL,T0014,2.85,2.78,0.00,94.37,12.00,
CPU011,T0014,0.00,1.89,0.00,98.11,
CPU010,T0014,0.00,1.91,0.00,98.09,
CPU09,T0014,0.00,2.10,0.00,97.90,
CPU08,T0014,0.00,49.72,0.00,50.28,
CPU07,T0014,0.00,1.95,0.00,98.05,
CPU06,T0014,0.00,2.09,0.00,97.91,
CPU05,T0014,0.00,2.12,0.00,97.88,
CPU04,T0014,0.00,46.69,0.00,53.31,
CPU03,T0014,0.31,1.29,0.00,98.40,
CPU02,T0014,0.99,0.90,0.00,98.11,
CPU01,T0014,10.86,10.68,0.00,78.46,
CPU00,T0014,49.09,47.59,0.01,3.32,
DISKBUSY,T0014,0.00,0.00,0.00,
DISKREAD,T0014,7.12,7.04,0.00,
DISKWRITE,T0014,8.69,54.23,0.00,
DISKXFER,T0014,0.98,6.06,0.00,
DISKSERV,T0014,0.00,0.00,0.00,
DISKWAIT,T0014,0.00,0.00,0.00,
MEMREAL,T0014,9437184.00,12840.00,15.45,50.84,49.02,46.11,
MEMVIRT,T0014,2097152.00,99.38,0.62,0.37,2.31,0.00,0.00,2.15,2217.92,0.00,
PROC,T0014,11.03,0.00,5183.54,14566.24,514.70,203.74,12.15,11.45,44.00,2.00,125.00,
LAN,T0014,144.70,0.01,0.13,9.92,0.36,0.26,49.68,0.06,0.70,45.15,4.20,3.24,0.00,0.00,0.00,
IP,T0014,10.36,4.08,3.24,45.15,10.36,0.06,0.70,49.68,2.06,0.27,0.21,9.31,2.06,0.01,0.13,144.70,
TCPUDP,T0014,50.17,49.22,10.03,7.51,
FILE,T0014,1.02,3352.62,0.00,701352.81,23101.87,
JFSFILE,T0014,15.20,70.75,77.01,73.79,3.89,44.30,
JFSINODE,T0014,3.03,9.25,19.58,4.32,0.02,2.26,
LPAR,T0014,0.20,3.00,12.00,64.00,2.00,128.00,50.04,0.31,0.31,1.00,
ZZZZ,T0015,01:17:28,22-Sep-2019,,
CPU_ALL,T0015,2.78,2.89,0.00,94.33,12.00,
CPU011,T0015,0.00,1.72,0.00,98.28,
CPU010,T0015,0.00,1.74,0.00,98.26,
CPU09,T0015,0.00,2.01,0.00,97.99,
CPU08,T0015,0.00,49.28,0.00,50.72,
CPU07,T0015,0.00,1.88,0.00,98.12,
CPU06,T0015,0.00,2.05,0.00,97.95,
CPU05,T0015,0.00,2.19,0.00,97.81,
CPU04,T0015,0.00,47.12,0.00,52.88,
CPU03,T0015,0.05,0.40,0.00,99.56,
CPU02,T0015,0.78,0.91,0.00,98.31,
CPU01,T0015,9.96,10.84,0.00,79.20,
CPU00,T0015,47.73,49.02,0.00,3.24,
DISKBUSY,T0015,0.00,0.00,0.00,
DISKREAD,T0015,14.11,14.03,0.00,
DISKWRITE,T0015,8.35,53.76,0.00,
DISKXFER,T0015,0.96,5.90,0.00,
DISKSERV,T0015,0.00,0.00,0.00,
DISKWAIT,T0015,0.00,0.00,0.00,
MEMREAL,T0015,9437184.00,12745.40,15.45,50.84,49.02,46.11,
MEMVIRT,T0015,2097152.00,99.38,0.62,0.01,1.80,0.00,0.00,1.80,2238.59,0.00,
PROC,T0015,10.76,0.00,5191.28,15759.49,550.79,103.91,12.13,11.45,40.20,2.00,125.00,
LAN,T0015,142.74,0.00,0.13,9.44,0.36,0.41,48.15,0.05,0.69,43.52,4.01,5.92,0.00,0.00,0.00,
IP,T0015,10.20,3.90,5.92,43.52,10.20,0.05,0.69,48.15,2.06,0.28,0.32,8.84,2.06,0.00,0.13,142.74,
TCPUDP,T0015,48.57,47.20,9.94,7.93,
FILE,T0015,0.86,3612.38,0.00,856499.69,20629.58,
JFSFILE,T0015,15.20,70.75,77.01,73.79,3.89,44.31,
JFSINODE,T0015,3.03,9.25,19.58,4.32,0.02,2.26,
LPAR,T0015,0.20,3.00,12.00,64.00,2.00,128.00,49.99,0.31,0.31,1.00,
ZZZZ,T0016,01:22:28,22-Sep-2019,,
CPU_ALL,T0016,2.84,2.81,0.00,94.35,12.00,
CPU011,T0016,0.00,1.94,0.00,98.06,
CPU010,T0016,0.00,1.97,0.00,98.03,
CPU09,T0016,0.00,2.08,0.00,97.92,
CPU08,T0016,0.00,49.21,0.00,50.79,
CPU07,T0016,0.00,1.99,0.00,98.01,
CPU06,T0016,0.00,2.09,0.00,97.91,
CPU05,T0016,0.00,2.42,0.00,97.58,
CPU04,T0016,0.00,46.51,0.00,53.49,
CPU03,T0016,0.82,0.85,0.00,98.33,
CPU02,T0016,0.97,0.75,0.00,98.29,
CPU01,T0016,9.96,11.25,0.01,78.78,
CPU00,T0016,48.81,47.83,0.01,3.35,
DISKBUSY,T0016,0.00,0.00,0.00,
DISKREAD,T0016,7.10,7.02,0.00,
DISKWRITE,T0016,8.56,58.96,0.00,
DISKXFER,T0016,0.94,6.46,0.00,
DISKSERV,T0016,0.00,0.00,0.00,
DISKWAIT,T0016,0.00,0.00,0.00,
MEMREAL,T0016,9437184.00,12810.60,15.45,50.84,49.03,46.12,
MEMVIRT,T0016,2097152.00,99.38,0.62,0.01,2.20,0.00,0.00,2.20,2237.69,0.00,
PROC,T0016,12.40,0.00,5213.83,14757.14,525.37,203.37,12.14,11.44,42.80,2.20,124.80,
LAN,T0016,142.88,0.01,0.14,8.79,0.38,0.20,48.01,0.08,0.76,43.14,4.41,2.22,0.00,0.00,0.00,
IP,T0016,10.21,4.30,2.22,43.14,10.21,0.08,0.76,48.01,2.01,0.30,0.17,8.20,2.01,0.01,0.14,142.88,
TCPUDP,T0016,48.33,47.18,10.08,7.81,
FILE,T0016,1.01,3375.24,0.00,742956.44,21850.38,
JFSFILE,T0016,15.20,70.75,77.01,73.79,3.89,44.31,
JFSINODE,T0016,3.03,9.25,19.58,4.32,0.02,2.26,
LPAR,T0016,0.20,3.00,12.00,64.00,2.00,128.00,50.18,0.31,0.31,1.00,
ZZZZ,T0017,01:27:28,22-Sep-2019,,
CPU_ALL,T0017,2.75,2.86,0.00,94.39,12.00,
CPU011,T0017,0.00,1.87,0.00,98.13,
CPU010,T0017,0.00,1.92,0.00,98.08,
CPU09,T0017,0.00,2.11,0.00,97.89,
CPU08,T0017,0.00,48.64,0.00,51.36,
CPU07,T0017,0.00,2.10,0.00,97.90,
CPU06,T0017,0.00,2.22,0.00,97.78,
CPU05,T0017,0.00,2.33,0.00,97.67,
CPU04,T0017,0.00,46.08,0.00,53.92,
CPU03,T0017,0.40,0.85,0.00,98.75,
CPU02,T0017,1.09,1.07,0.00,97.84,
CPU01,T0017,8.82,11.74,0.00,79.44,
CPU00,T0017,48.06,48.75,0.00,3.19,
DISKBUSY,T0017,0.00,0.00,0.00,
DISKREAD,T0017,14.11,14.06,0.00,
DISKWRITE,T0017,6.96,54.52,0.00,
DISKXFER,T0017,0.88,5.87,0.00,
DISKSERV,T0017,0.00,0.00,0.00,
DISKWAIT,T0017,0.00,0.00,0.00,
MEMREAL,T0017,9437184.00,13006.40,15.45,50.84,49.03,46.12,
MEMVIRT,T0017,2097152.00,99.38,0.62,0.34,1.59,0.00,0.00,1.62,2251.51,0.00,
PROC,T0017,8.70,0.00,5033.42,15512.99,560.37,96.66,12.18,11.50,47.80,2.00,124.80,
LAN,T0017,144.25,0.01,0.14,9.73,0.36,0.21,48.35,0.05,0.73,44.26,4.05,2.33,0.00,0.00,0.00,
IP,T0017,9.98,3.93,2.33,44.26,9.98,0.05,0.73,48.35,2.06,0.28,0.17,9.12,2.06,0.01,0.14,144.25,
TCPUDP,T0017,48.85,48.03,9.64,7.68,
FILE,T0017,0.84,3650.55,0.00,871381.06,21114.46,
JFSFILE,T0017,15.20,70.75,77.01,73.79,3.89,44.32,
JFSINODE,T0017,3.03,9.25,19.58,4.32,0.02,2.26,
LPAR,T0017,0.20,3.00,12.00,64.00,2.00,128.00,51.61,0.31,0.31,1.00,
ZZZZ,T0018,01:32:28,22-Sep-2019,,
CPU_ALL,T0018,2.91,3.06,0.00,94.03,12.00,
CPU011,T0018,0.00,1.51,0.00,98.49,
CPU010,T0018,0.00,1.54,0.00,98.46,
CPU09,T0018,0.00,1.85,0.00,98.15,
CPU08,T0018,9.70,48.21,0.00,42.10,
CPU07,T0018,0.00,1.82,0.00,98.18,
CPU06,T0018,0.00,1.93,0.00,98.07,
CPU05,T0018,0.47,2.69,0.00,96.84,
CPU04,T0018,10.86,45.30,0.00,43.84,
CPU03,T0018,0.73,0.88,0.00,98.39,
CPU02,T0018,0.85,0.96,0.00,98.20,
CPU01,T0018,10.33,12.06,0.01,77.60,
CPU00,T0018,47.38,49.42,0.01,3.19,
DISKBUSY,T0018,0.00,0.00,0.00,
DISKREAD,T0018,21.13,40.47,0.00,
DISKWRITE,T0018,6.32,71.15,0.00,
DISKXFER,T0018,0.86,7.00,0.00,
DISKSERV,T0018,0.00,0.00,0.00,
DISKWAIT,T0018,0.00,0.00,0.00,
MEMREAL,T0018,9437184.00,16620.60,15.45,50.84,48.99,46.08,
MEMVIRT,T0018,2097152.00,99.38,0.62,1.67,3.32,0.00,0.00,4.08,2895.21,21.69,
PROC,T0018,9.46,0.00,4971.87,16296.72,609.84,123.76,16.59,14.49,43.00,2.20,125.00,
LAN,T0018,143.63,0.00,0.13,10.12,0.36,0.23,48.16,0.07,0.69,43.17,4.21,2.71,0.00,0.00,0.00,
IP,T0018,9.96,4.09,2.71,43.17,9.96,0.07,0.69,48.16,1.90,0.28,0.19,9.53,1.90,0.00,0.13,143.63,
TCPUDP,T0018,48.04,46.86,10.24,7.54,
FILE,T0018,1.06,3746.29,0.00,1022937.06,43937.91,
JFSFILE,T0018,15.20,70.75,77.01,73.79,3.89,44.32,
JFSINODE,T0018,3.03,9.25,19.58,4.32,0.02,2.26,
LPAR,T0018,0.21,3.00,12.00,64.00,2.00,128.00,50.68,0.33,0.33,1.00,
ZZZZ,T0019,01:37:28,22-Sep-2019,,
CPU_ALL,T0019,2.89,2.77,0.00,94.33,12.00,
CPU011,T0019,0.00,1.61,0.00,98.39,
CPU010,T0019,0.00,1.61,0.00,98.39,
CPU09,T0019,0.00,1.66,0.00,98.34,
CPU08,T0019,11.13,45.73,0.00,43.14,
CPU07,T0019,0.00,1.82,0.00,98.18,
CPU06,T0019,0.00,1.95,0.00,98.05,
CPU05,T0019,0.00,2.25,0.00,97.75,
CPU04,T0019,4.91,49.79,0.01,45.28,
CPU03,T0019,0.38,0.53,0.00,99.09,
CPU02,T0019,1.53,1.05,0.01,97.41,
CPU01,T0019,11.57,11.53,0.08,76.82,
CPU00,T0019,49.33,47.28,0.00,3.39,
DISKBUSY,T0019,0.00,0.00,0.00,
DISKREAD,T0019,14.11,14.08,0.00,
DISKWRITE,T0019,6.67,63.79,0.00,
DISKXFER,T0019,0.87,7.04,0.00,
DISKSERV,T0019,0.00,0.00,0.00,
DISKWAIT,T0019,0.00,0.00,0.00,
MEMREAL,T0019,9437184.00,19058.20,15.45,50.84,48.96,46.05,
MEMVIRT,T0019,2097152.00,99.38,0.62,0.02,2.22,0.00,0.00,2.22,2294.55,0.00,
PROC,T0019,8.60,0.00,4865.89,14370.52,525.24,203.30,12.17,11.49,42.40,2.20,125.00,
LAN,T0019,142.82,0.01,0.13,9.28,0.36,0.35,48.22,0.05,0.64,43.65,4.07,4.94,0.00,0.00,0.00,
IP,T0019,9.87,3.95,4.94,43.65,9.87,0.05,0.64,48.22,2.01,0.28,0.28,8.68,2.01,0.01,0.13,142.82,
TCPUDP,T0019,48.15,47.04,10.11,7.82,
FILE,T0019,1.00,3393.89,0.00,753340.56,22285.97,
JFSFILE,T0019,15.20,70.75,77.01,73.80,3.89,44.32,
JFSINODE,T0019,3.03,9.25,19.58,4.32,0.02,2.26,
LPAR,T0019,0.20,3.00,12.00,64.00,2.00,128.00,50.64,0.31,0.31,1.00,
ZZZZ,T0020,01:42:28,22-Sep-2019,,
CPU_ALL,T0020,2.67,2.83,0.00,94.50,12.00,
CPU011,T0020,0.00,1.91,0.00,98.09,
CPU010,T0020,0.00,1.91,0.00,98.09,
CPU09,T0020,0.00,2.14,0.00,97.86,
CPU08,T0020,0.00,49.51,0.00,50.49,
CPU07,T0020,0.00,2.10,0.00,97.90,
CPU06,T0020,0.00,2.17,0.00,97.83,
CPU05,T0020,0.00,2.31,0.00,97.69,
CPU04,T0020,0.00,46.09,0.00,53.91,
CPU03,T0020,0.19,0.53,0.00,99.28,
CPU02,T0020,0.45,1.10,0.00,98.44,
CPU01,T0020,9.38,10.90,0.01,79.71,
CPU00,T0020,47.34,49.49,0.00,3.16,
DISKBUSY,T0020,0.00,0.00,0.00,
DISKREAD,T0020,7.10,7.02,0.00,
DISKWRITE,T0020,6.24,53.76,0.00,
DISKXFER,T0020,0.77,5.79,0.00,
DISKSERV,T0020,0.00,0.00,0.00,
DISKWAIT,T0020,0.00,0.00,0.00,
MEMREAL,T0020,9437184.00,19145.40,15.45,50.83,48.96,46.05,
MEMVIRT,T0020,2097152.00,99.38,0.62,0.01,1.52,0.00,0.00,1.51,2233.69,0.00,
PROC,T0020,7.41,0.00,4870.13,15207.48,546.42,94.33,12.13,11.43,37.40,2.00,123.80,
LAN,T0020,142.70,0.01,0.12,9.31,0.36,0.60,47.91,0.08,0.62,43.25,4.15,9.51,0.00,0.00,0.00,
IP,T0020,10.03,4.03,9.51,43.25,10.03,0.08,0.62,47.91,2.05,0.27,0.47,8.72,2.05,0.01,0.12,142.70,
TCPUDP,T0020,48.14,46.89,9.96,7.69,
FILE,T0020,0.89,3640.54,0.00,850090.94,19576.34,
JFSFILE,T0020,15.20,70.75,77.01,73.80,3.89,44.33,
JFSINODE,T0020,3.03,9.25,19.58,4.32,0.02,2.26,
LPAR,T0020,0.19,3.00,12.00,64.00,2.00,128.00,52.17,0.30,0.30,1.00,
ZZZZ,T0021,01:47:28,22-Sep-2019,,
CPU_ALL,T0021,2.69,2.83,0.00,94.47,12.00,
CPU011,T0021,0.00,1.87,0.00,98.13,
CPU010,T0021,0.00,1.87,0.00,98.13,
CPU09,T0021,0.00,2.23,0.00,97.77,
CPU08,T0021,0.00,48.89,0.00,51.11,
CPU07,T0021,0.00,2.09,0.00,97.91,
CPU06,T0021,0.00,2.21,0.00,97.79,
CPU05,T0021,0.00,2.44,0.00,97.56,
CPU04,T0021,0.00,46.63,0.00,53.37,
CPU03,T0021,0.20,0.45,0.00,99.35,
CPU02,T0021,0.27,0.47,0.00,99.26,
CPU01,T0021,8.33,12.05,0.00,79.62,
CPU00,T0021,47.94,49.02,0.01,3.04,
DISKBUSY,T0021,0.00,0.00,0.00,
DISKREAD,T0021,14.11,14.03,0.00,
DISKWRITE,T0021,6.80,51.83,0.00,
DISKXFER,T0021,0.89,5.73,0.00,
DISKSERV,T0021,0.00,0.00,0.00,
DISKWAIT,T0021,0.00,0.00,0.00,
MEMREAL,T0021,9437184.00,18916.80,15.45,50.84,48.96,46.06,
MEMVIRT,T0021,2097152.00,99.38,0.62,0.34,1.61,0.00,0.00,1.63,2250.92,0.00,
PROC,T0021,12.40,0.00,4855.03,15349.93,552.51,117.14,12.18,11.50,39.20,2.00,125.00,
LAN,T0021,142.46,0.01,0.13,9.03,0.37,0.62,47.27,0.06,0.69,42.50,4.21,9.65,0.00,0.00,0.00,
IP,T0021,9.64,4.09,9.65,42.50,9.64,0.06,0.69,47.27,1.89,0.28,0.49,8.44,1.89,0.00,0.13,142.45,
TCPUDP,T0021,47.61,46.05,9.47,7.65,
FILE,T0021,0.86,3589.92,0.00,844735.88,20738.52,
JFSFILE,T0021,15.20,70.75,77.01,73.80,3.89,44.33,
JFSINODE,T0021,3.03,9.25,19.58,4.32,0.02,2.26,
LPAR,T0021,0.19,3.00,12.00,64.00,2.00,128.00,52.04,0.30,0.30,1.00,
ZZZZ,T0022,01:52:28,22-Sep-2019,,
CPU_ALL,T0022,2.74,2.76,0.00,94.50,12.00,
CPU011,T0022,0.00,1.89,0.00,98.11,
CPU010,T0022,0.00,1.93,0.00,98.07,
CPU09,T0022,0.00,2.06,0.00,97.94,
CPU08,T0022,0.00,49.31,0.00,50.69,
CPU07,T0022,0.00,1.99,0.00,98.01,
CPU06,T0022,0.00,2.10,0.00,97.90,
CPU05,T0022,0.00,2.46,0.00,97.54,
CPU04,T0022,0.00,46.07,0.00,53.93,
CPU03,T0022,1.26,1.19,0.00,97.54,
CPU02,T0022,0.59,0.93,0.00,98.48,
CPU01,T0022,8.42,10.37,0.02,81.18,
CPU00,T0022,48.68,48.26,0.01,3.05,
DISKBUSY,T0022,0.00,0.00,0.00,
DISKREAD,T0022,7.10,7.02,0.00,
DISKWRITE,T0022,6.27,59.35,0.00,
DISKXFER,T0022,0.79,6.50,0.00,
DISKSERV,T0022,0.00,0.00,0.00,
DISKWAIT,T0022,0.00,0.00,0.00,
MEMREAL,T0022,9437184.00,18835.80,15.45,50.84,48.96,46.06,
MEMVIRT,T0022,2097152.00,99.38,0.62,0.01,2.06,0.00,0.00,2.06,2226.40,0.00,
PROC,T0022,10.17,0.00,4865.19,14443.69,530.71,189.50,12.15,11.45,40.40,2.00,125.00,
LAN,T0022,142.87,0.00,0.13,9.33,0.35,0.21,48.59,0.06,0.72,43.35,4.16,2.40,0.00,0.00,0.00,
IP,T0022,10.00,4.05,2.40,43.35,10.00,0.06,0.72,48.59,2.05,0.27,0.18,8.74,2.05,0.01,0.13,142.87,
TCPUDP,T0022,48.64,47.08,10.14,7.67,
FILE,T0022,1.01,3398.95,0.00,764596.50,21501.53,
JFSFILE,T0022,15.20,70.75,77.01,73.81,3.89,44.34,
JFSINODE,T0022,3.03,9.25,19.58,4.32,0.02,2.26,
LPAR,T0022,0.19,3.00,12.00,64.00,2.00,128.00,52.12,0.30,0.30,1.00,
ZZZZ,T0023,01:57:29,22-Sep-2019,,
CPU_ALL,T0023,2.71,2.86,0.00,94.43,12.00,
CPU011,T0023,0.00,1.92,0.00,98.08,
CPU010,T0023,0.00,1.95,0.00,98.05,
CPU09,T0023,0.00,2.17,0.00,97.83,
CPU08,T0023,0.00,48.96,0.00,51.04,
CPU07,T0023,0.00,2.09,0.00,97.91,
CPU06,T0023,0.00,2.25,0.00,97.75,
CPU05,T0023,0.00,2.28,0.00,97.72,
CPU04,T0023,0.00,45.61,0.00,54.39,
CPU03,T0023,0.46,0.82,0.00,98.72,
CPU02,T0023,1.32,0.73,0.00,97.95,
CPU01,T0023,9.30,12.47,0.00,78.23,
CPU00,T0023,47.47,49.22,0.01,3.30,
DISKBUSY,T0023,0.00,0.00,0.00,
DISKREAD,T0023,7.10,7.04,0.00,
DISKWRITE,T0023,7.84,54.06,0.00,
DISKXFER,T0023,0.91,5.79,0.00,
DISKSERV,T0023,0.00,0.00,0.00,
DISKWAIT,T0023,0.00,0.00,0.00,
MEMREAL,T0023,9437184.00,18727.40,15.45,50.84,48.97,46.06,
MEMVIRT,T0023,2097152.00,99.38,0.62,0.77,1.65,0.00,0.00,1.70,2238.66,0.00,
PROC,T0023,8.48,0.00,5060.94,15424.37,541.22,94.05,12.14,11.45,38.40,2.00,125.00,
LAN,T0023,141.76,0.01,0.13,10.37,0.35,0.24,48.03,0.07,0.64,43.53,3.95,3.01,0.00,0.00,0.00,
IP,T0023,9.98,3.84,3.01,43.53,9.98,0.07,0.64,48.03,1.96,0.27,0.20,9.77,1.96,0.01,0.13,141.76,
TCPUDP,T0023,48.65,47.19,9.54,7.51,
FILE,T0023,0.83,3659.77,0.00,825346.56,20845.42,
JFSFILE,T0023,15.21,70.75,77.01,73.81,3.89,44.34,
JFSINODE,T0023,3.03,9.25,19.58,4.32,0.02,2.26,
LPAR,T0023,0.20,3.00,12.00,64.00,2.00,128.00,51.81,0.31,0.31,1.00,
ZZZZ,T0024,02:02:29,22-Sep-2019,,
CPU_ALL,T0024,2.93,3.06,0.01,94.00,12.00,
CPU011,T0024,0.01,2.06,0.00,97.93,
CPU010,T0024,0.00,2.04,0.00,97.96,
CPU09,T0024,0.00,2.36,0.00,97.64,
CPU08,T0024,4.20,49.70,0.00,46.11,
CPU07,T0024,0.00,2.09,0.00,97.91,
CPU06,T0024,0.27,2.40,0.00,97.33,
CPU05,T0024,3.31,3.57,0.00,93.12,
CPU04,T0024,5.92,46.31,0.00,47.77,
CPU03,T0024,0.53,1.40,0.03,98.03,
CPU02,T0024,0.60,1.37,0.03,98.00,
CPU01,T0024,10.05,13.31,0.04,76.60,
CPU00,T0024,48.06,48.55,0.02,3.37,
DISKBUSY,T0024,0.00,0.00,0.00,
DISKREAD,T0024,42.21,14.35,0.00,
DISKWRITE,T0024,9.09,53.80,0.00,
DISKXFER,T0024,1.67,5.90,0.00,
DISKSERV,T0024,0.00,0.00,0.00,
DISKWAIT,T0024,0.00,0.00,0.00,
MEMREAL,T0024,9437184.00,18068.00,15.45,50.84,48.97,46.06,
MEMVIRT,T0024,2097152.00,99.38,0.62,51.85,8.78,0.01,0.00,7.42,2256.60,0.00,
PROC,T0024,12.22,0.00,5343.65,15824.77,557.15,103.47,12.16,11.48,47.00,2.20,124.40,
LAN,T0024,187.09,0.01,0.18,55.05,0.38,0.38,110.53,0.07,0.69,106.03,4.38,5.26,0.00,0.00,0.00,
IP,T0024,10.66,4.26,5.26,106.03,10.66,0.07,0.69,110.53,2.18,0.29,0.30,53.60,2.18,0.01,0.18,187.10,
TCPUDP,T0024,110.06,110.26,11.27,7.97,
FILE,T0024,0.92,3716.70,0.00,890989.88,49971.48,
JFSFILE,T0024,15.21,70.75,77.01,73.81,3.89,44.35,
JFSINODE,T0024,3.03,9.25,19.58,4.32,0.02,2.26,
LPAR,T0024,0.21,3.00,12.00,64.00,2.00,128.00,49.38,0.33,0.33,1.00,
ZZZZ,T0025,02:07:29,22-Sep-2019,,
CPU_ALL,T0025,3.06,2.84,0.00,94.09,12.00,
CPU011,T0025,0.00,1.89,0.00,98.11,
CPU010,T0025,0.00,1.99,0.00,98.01,
CPU09,T0025,0.00,2.06,0.00,97.94,
CPU08,T0025,4.01,50.13,0.00,45.86,
CPU07,T0025,0.00,1.69,0.00,98.31,
CPU06,T0025,0.00,1.78,0.00,98.22,
CPU05,T0025,0.00,2.02,0.00,97.98,
CPU04,T0025,8.21,50.83,0.00,40.96,
CPU03,T0025,0.90,0.78,0.00,98.32,
CPU02,T0025,0.59,0.77,0.00,98.64,
CPU01,T0025,12.66,11.85,0.01,75.49,
CPU00,T0025,50.08,46.42,0.01,3.49,
DISKBUSY,T0025,0.00,0.00,0.00,
DISKREAD,T0025,7.20,7.02,0.00,
DISKWRITE,T0025,10.21,61.46,0.00,
DISKXFER,T0025,1.07,6.71,0.00,
DISKSERV,T0025,0.00,0.00,0.00,
DISKWAIT,T0025,0.00,0.00,0.00,
MEMREAL,T0025,9437184.00,17089.60,15.45,50.84,48.98,46.06,
MEMVIRT,T0025,2097152.00,99.38,0.62,0.03,2.52,0.00,0.00,2.53,2289.86,0.00,
PROC,T0025,11.56,0.00,5249.45,14888.13,533.88,205.44,12.18,11.50,39.60,2.20,125.00,
LAN,T0025,143.64,0.00,0.13,10.31,0.36,0.26,54.26,0.05,0.70,49.46,4.13,3.30,0.00,0.00,0.00,
IP,T0025,10.50,4.02,3.30,49.46,10.50,0.05,0.70,54.26,2.09,0.28,0.21,9.63,2.09,0.00,0.13,143.64,
TCPUDP,T0025,54.68,53.77,9.85,7.71,
FILE,T0025,1.00,3405.01,0.00,756651.56,23454.01,
JFSFILE,T0025,15.21,70.75,77.01,73.82,3.89,44.35,
JFSINODE,T0025,3.03,9.25,19.58,4.32,0.02,2.26,
LPAR,T0025,0.21,3.00,12.00,64.00,2.00,128.00,50.70,0.32,0.32,1.00,
ZZZZ,T0026,02:12:29,22-Sep-2019,,
CPU_ALL,T0026,2.79,2.79,0.00,94.41,12.00,
CPU011,T0026,0.00,1.61,0.00,98.39,
CPU010,T0026,0.00,1.64,0.00,98.36,
CPU09,T0026,0.00,1.81,0.00,98.19,
CPU08,T0026,0.00,52.10,0.00,47.90,
CPU07,T0026,0.00,1.68,0.00,98.32,
CPU06,T0026,0.00,1.83,0.00,98.17,
CPU05,T0026,0.00,1.90,0.00,98.10,
CPU04,T0026,0.00,49.31,0.00,50.69,
CPU03,T0026,0.41,0.71,0.00,98.88,
CPU02,T0026,0.32,0.93,0.00,98.76,
CPU01,T0026,9.20,10.22,0.01,80.57,
CPU00,T0026,48.34,48.20,0.01,3.45,
DISKBUSY,T0026,0.00,0.00,0.00,
DISKREAD,T0026,7.44,10.03,0.00,
DISKWRITE,T0026,12.72,65.40,0.00,
DISKXFER,T0026,1.33,7.45,0.00,
DISKSERV,T0026,0.00,0.00,0.00,
DISKWAIT,T0026,0.00,0.00,0.00,
MEMREAL,T0026,9437184.00,16881.80,15.45,50.84,48.99,46.07,
MEMVIRT,T0026,2097152.00,99.38,0.62,0.70,2.85,0.00,0.00,3.52,2247.04,0.00,
PROC,T0026,8.37,0.00,5376.32,13700.46,491.37,310.15,12.18,11.47,45.00,2.00,125.00,
LAN,T0026,155.56,0.01,0.13,20.08,0.37,0.20,97.39,0.09,0.69,91.79,4.28,2.26,0.00,0.00,0.00,
IP,T0026,10.74,4.16,2.26,91.79,10.74,0.09,0.69,97.39,2.13,0.28,0.17,18.83,2.13,0.01,0.13,155.56,
TCPUDP,T0026,96.98,96.17,10.57,7.68,
FILE,T0026,1.17,3168.45,0.00,595994.62,27992.00,
JFSFILE,T0026,15.21,70.75,77.01,73.82,3.89,44.35,
JFSINODE,T0026,3.03,9.25,19.58,4.32,0.02,2.26,
LPAR,T0026,0.20,3.00,12.00,64.00,2.00,128.00,51.71,0.31,0.31,1.00,
ZZZZ,T0027,02:17:29,22-Sep-2019,,
CPU_ALL,T0027,2.27,2.74,0.00,94.99,12.00,
CPU011,T0027,0.00,1.84,0.00,98.16,
CPU010,T0027,0.00,1.88,0.00,98.12,
CPU09,T0027,0.00,2.15,0.00,97.85,
CPU08,T0027,0.00,49.97,0.00,50.03,
CPU07,T0027,0.00,2.06,0.00,97.94,
CPU06,T0027,0.00,2.21,0.00,97.79,
CPU05,T0027,0.00,2.43,0.00,97.57,
CPU04,T0027,0.00,46.73,0.00,53.27,
CPU03,T0027,1.07,0.63,0.00,98.30,
CPU02,T0027,0.23,0.58,0.00,99.19,
CPU01,T0027,7.61,12.30,0.00,80.08,
CPU00,T0027,43.92,52.27,0.01,3.80,
DISKBUSY,T0027,0.00,0.00,0.00,
DISKREAD,T0027,7.18,7.04,0.00,
DISKWRITE,T0027,10.35,62.43,0.00,
DISKXFER,T0027,1.07,6.86,0.00,
DISKSERV,T0027,0.00,0.00,0.00,
DISKWAIT,T0027,0.00,0.00,0.00,
MEMREAL,T0027,9437184.00,17132.20,15.45,50.83,48.99,46.07,
MEMVIRT,T0027,2097152.00,99.38,0.62,0.02,2.90,0.00,0.00,2.90,2240.02,0.00,
PROC,T0027,10.11,0.00,5340.00,12735.28,473.98,336.20,12.15,11.45,32.20,2.00,125.00,
LAN,T0027,142.83,0.01,0.13,9.35,0.36,0.22,51.86,0.06,0.67,46.88,4.03,2.69,0.00,0.00,0.00,
IP,T0027,10.24,3.91,2.69,46.88,10.24,0.06,0.67,51.86,1.88,0.28,0.19,8.71,1.89,0.01,0.13,142.83,
TCPUDP,T0027,51.61,50.79,9.81,7.55,
FILE,T0027,1.03,3106.17,0.00,564261.44,23975.16,
JFSFILE,T0027,15.21,70.75,77.01,73.82,3.89,44.36,
JFSINODE,T0027,3.03,9.25,19.58,4.32,0.02,2.26,
LPAR,T0027,0.18,3.00,12.00,64.00,2.00,128.00,51.24,0.28,0.28,1.00,
ZZZZ,T0028,02:22:29,22-Sep-2019,,
CPU_ALL,T0028,2.88,2.82,0.00,94.30,12.00,
CPU011,T0028,0.00,1.95,0.00,98.05,
CPU010,T0028,0.00,2.00,0.00,98.00,
CPU09,T0028,0.00,2.10,0.00,97.90,
CPU08,T0028,0.00,49.83,0.00,50.17,
CPU07,T0028,0.00,1.98,0.00,98.02,
CPU06,T0028,0.00,2.10,0.00,97.90,
CPU05,T0028,0.00,2.39,0.00,97.61,
CPU04,T0028,0.00,46.72,0.00,53.28,
CPU03,T0028,0.13,0.73,0.00,99.14,
CPU02,T0028,0.34,0.82,0.00,98.84,
CPU01,T0028,9.48,12.22,0.01,78.29,
CPU00,T0028,49.62,47.07,0.01,3.29,
DISKBUSY,T0028,0.00,0.00,0.00,
DISKREAD,T0028,14.11,14.06,0.00,
DISKWRITE,T0028,9.33,76.88,0.00,
DISKXFER,T0028,1.02,8.37,0.00,
DISKSERV,T0028,0.00,0.00,0.00,
DISKWAIT,T0028,0.00,0.00,0.00,
MEMREAL,T0028,9437184.00,17307.40,15.45,50.83,48.99,46.07,
MEMVIRT,T0028,2097152.00,99.38,0.62,0.01,3.47,0.00,0.00,3.47,2250.45,0.00,
PROC,T0028,7.53,0.00,5229.96,14643.27,521.46,449.06,12.14,11.45,39.60,2.00,123.80,
LAN,T0028,143.46,0.01,0.12,9.91,0.38,0.31,52.22,0.07,0.60,46.57,4.34,4.23,0.00,0.00,0.00,
IP,T0028,10.79,4.22,4.23,46.57,10.79,0.07,0.60,52.22,2.24,0.29,0.25,9.28,2.24,0.01,0.12,143.45,
TCPUDP,T0028,51.51,50.93,10.87,8.05,
FILE,T0028,1.25,3329.25,0.00,718364.75,27924.97,
JFSFILE,T0028,15.21,70.75,77.01,73.83,3.89,44.36,
JFSINODE,T0028,3.03,9.25,19.58,4.32,0.02,2.26,
LPAR,T0028,0.20,3.00,12.00,64.00,2.00,128.00,50.77,0.31,0.31,1.00,
ZZZZ,T0029,02:27:29,22-Sep-2019,,
CPU_ALL,T0029,2.81,2.90,0.00,94.28,12.00,
CPU011,T0029,0.00,1.86,0.00,98.14,
CPU010,T0029,0.00,1.84,0.00,98.16,
CPU09,T0029,0.00,2.00,0.00,98.00,
CPU08,T0029,0.00,49.91,0.00,50.09,
CPU07,T0029,0.00,1.99,0.00,98.01,
CPU06,T0029,0.00,2.09,0.00,97.91,
CPU05,T0029,0.00,2.19,0.00,97.81,
CPU04,T0029,0.00,46.82,0.00,53.18,
CPU03,T0029,0.45,0.68,0.00,98.88,
CPU02,T0029,0.57,1.19,0.00,98.23,
CPU01,T0029,10.50,10.66,0.01,78.84,
CPU00,T0029,47.83,48.95,0.01,3.21,
DISKBUSY,T0029,0.00,0.00,0.00,
