CPU_ALL,CPU Total ,User%,Sys%,Wait%,Idle%,CPUs,
CPU011,CPU Total ,User%,Sys%,Wait%,Idle%,
CPU010,CPU Total ,User%,Sys%,Wait%,Idle%,
CPU09,CPU Total ,User%,Sys%,Wait%,Idle%,
CPU08,CPU Total ,User%,Sys%,Wait%,Idle%,
CPU07,CPU Total ,User%,Sys%,Wait%,Idle%,
CPU06,CPU Total ,User%,Sys%,Wait%,Idle%,
CPU05,CPU Total ,User%,Sys%,Wait%,Idle%,
CPU04,CPU Total ,User%,Sys%,Wait%,Idle%,
CPU03,CPU Total ,User%,Sys%,Wait%,Idle%,
CPU02,CPU Total ,User%,Sys%,Wait%,Idle%,
CPU01,CPU Total ,User%,Sys%,Wait%,Idle%,
CPU00,CPU Total ,User%,Sys%,Wait%,Idle%,
DISKBUSY,Disk %Busy ,hdisk1,hdisk99,hdisk0,
DISKREAD,Disk Read 512 bytes per sec ,hdisk1,hdisk99,hdisk0,
DISKWRITE,Disk Write 512 bytes per sec ,hdisk1,hdisk99,hdisk0,
DISKXFER,Disk transfers per second ,hdisk1,hdisk99,hdisk0,
DISKSERV,Disk Avg service time/transfer ,hdisk1,hdisk99,hdisk0,
DISKWAIT,Average wait queue time for read/write transfers,hdisk1,hdisk99,hdisk0,
MEMREAL,Real Memory Statistics,Size 4k pages,free frames 4k,%pinned,%comp,%noncomp,%client,
MEMVIRT,PgSp / Virtual Memory Statistics,PageSpace,%free,%used,pagein,pageout,pgspgin,pgspgout,sio,totfaults,steal,
PROC,Processes ,Runnable,Swap-in,pswitch,syscall,read,write,fork,exec,loadavg,utilavg,numprocs,
LAN,LAN Interfaces Statistics,ent0/kbytesout,ent2/kbytesout,ent1/kbytesout,ent0/kbytesin,ent2/kbytesin,ent1/kbytesin,ent0/framesout,ent2/framesout,ent1/framesout,ent0/framesin,ent2/framesin,ent1/framesin,ent0/recvdrops,ent2/recvdrops,ent1/recvdrops,
IP,IP Statistics for network interface,lo0/ipacket,en2/ipacket,en1/ipacket,en0/ipacket,lo0/opacket,en2/opacket,en1/opacket,en0/opacket,lo0/ioctet_kb,en2/ioctet_kb,en1/ioctet_kb,en0/ioctet_kb,lo0/ooctet_kb,en2/ooctet_kb,en1/ooctet_kb,en0/ooctet_kb,
TCPUDP,IP Protocol statistics,TCPSendTot,TCPRcvTot,UDPSnddgrm,UDPRcvdgrm,
FILE,File I/O ,iget,namei,dirblk,readch,writech,
JFSFILE,JFS Filespace %Used,/,/home,/usr,/var,/tmp,/opt,
JFSINODE,JFS Inode %Used,/,/home,/usr,/var,/tmp,opt,
LPAR,LPAR Stats,PhysicalCPU,VirtualCPUs,LogicalCPUs,poolCPUS,entitled,weight,poolIdle,UsedAllCPU%,UsedPoolCPU%,SharedCPU,
ZZZZ,T0001,00:08:33,28-Sep-2019,,
CPU_ALL,T0001,6.99,3.90,0.02,89.09,12.00,
CPU011,T0001,0.00,0.66,0.00,99.34,
CPU010,T0001,0.00,0.66,0.00,99.34,
CPU09,T0001,0.00,0.76,0.00,99.24,
CPU08,T0001,9.48,54.03,0.00,36.49,
CPU07,T0001,0.00,0.63,0.00,99.37,
CPU06,T0001,0.00,0.66,0.00,99.34,
CPU05,T0001,0.00,0.75,0.00,99.25,
CPU04,T0001,14.53,50.37,0.00,35.10,
CPU03,T0001,0.65,2.48,0.00,96.87,
CPU02,T0001,0.83,2.60,0.01,96.56,
CPU01,T0001,10.54,9.02,0.03,80.41,
CPU00,T0001,63.77,32.38,0.03,3.81,
DISKBUSY,T0001,0.00,0.00,0.00,
DISKREAD,T0001,7.23,7.04,0.00,
DISKWRITE,T0001,11.60,78.65,0.00,
DISKXFER,T0001,1.16,8.29,0.00,
DISKSERV,T0001,0.00,0.00,0.00,
DISKWAIT,T0001,0.00,0.00,0.00,
MEMREAL,T0001,9437184.00,102533.60,15.45,48.52,50.40,49.81,
MEMVIRT,T0001,2097152.00,99.40,0.60,26.09,58.63,0.00,0.01,18.93,2316.34,0.00,
PROC,T0001,8.55,0.20,7301.03,17010.11,565.80,263.87,12.17,11.49,50.20,5.00,123.00,
LAN,T0001,755.46,0.00,0.13,594.77,0.34,0.29,1261.48,0.04,0.64,1267.47,3.78,3.79,0.00,0.00,0.00,
IP,T0001,18.10,3.66,3.79,1267.47,18.10,0.04,0.64,1261.46,26.29,0.26,0.23,577.44,26.29,0.00,0.13,755.45,
TCPUDP,T0001,1263.47,1279.24,15.82,7.68,
FILE,T0001,1.55,3302.11,0.00,927612.19,170995.97,
JFSFILE,T0001,15.20,70.96,77.01,74.01,3.90,44.53,
JFSINODE,T0001,3.03,9.35,19.58,4.35,0.02,2.27,
LPAR,T0001,0.39,3.00,12.00,64.00,2.00,128.00,48.28,0.61,0.61,1.00,
ZZZZ,T0002,00:13:33,28-Sep-2019,,
CPU_ALL,T0002,17.68,5.62,0.01,76.69,12.00,
CPU011,T0002,0.00,0.52,0.00,99.48,
CPU010,T0002,0.00,0.59,0.00,99.41,
CPU09,T0002,0.00,0.61,0.00,99.39,
CPU08,T0002,4.39,55.92,0.00,39.69,
CPU07,T0002,0.00,1.40,0.00,98.60,
CPU06,T0002,0.00,1.45,0.00,98.55,
CPU05,T0002,9.92,2.97,0.01,87.10,
CPU04,T0002,49.07,32.19,0.01,18.72,
CPU03,T0002,0.25,2.67,0.00,97.08,
CPU02,T0002,0.33,2.70,0.00,96.97,
CPU01,T0002,15.07,8.40,0.02,76.51,
CPU00,T0002,69.34,26.54,0.02,4.10,
DISKBUSY,T0002,0.00,1.00,0.00,
DISKREAD,T0002,7.23,8184.91,0.00,
DISKWRITE,T0002,9.33,55.53,0.00,
DISKXFER,T0002,0.96,205.19,0.00,
DISKSERV,T0002,0.00,0.00,0.00,
DISKWAIT,T0002,0.00,0.00,0.00,
MEMREAL,T0002,9437184.00,51555.60,15.45,48.52,50.93,50.36,
MEMVIRT,T0002,2097152.00,99.40,0.60,1022.44,7.14,0.00,0.00,1024.75,2261.21,719.41,
PROC,T0002,8.84,0.00,9725.62,27026.27,2846.14,3262.79,12.15,11.45,61.40,8.80,123.60,
LAN,T0002,18067.77,0.01,0.14,779.73,0.36,0.36,1975.56,0.07,0.77,3903.84,4.21,4.99,0.00,0.00,0.00,
IP,T0002,9.71,4.09,4.99,3903.84,9.71,0.07,0.77,1975.54,1.93,0.27,0.29,726.35,1.94,0.01,0.14,11077.91,
TCPUDP,T0002,1974.98,3907.21,10.09,7.63,
FILE,T0002,0.95,3336.94,0.00,7582219.50,6893449.00,
JFSFILE,T0002,15.20,70.96,77.01,74.01,3.90,44.54,
JFSINODE,T0002,3.03,9.35,19.58,4.35,0.02,2.27,
LPAR,T0002,0.82,3.00,12.00,64.00,2.00,128.00,49.79,1.28,1.28,1.00,
ZZZZ,T0003,00:18:33,28-Sep-2019,,
CPU_ALL,T0003,13.15,4.62,0.00,82.22,12.00,
CPU011,T0003,0.00,0.35,0.00,99.65,
CPU010,T0003,0.00,0.37,0.00,99.63,
CPU09,T0003,0.00,0.40,0.00,99.60,
CPU08,T0003,5.45,54.65,0.00,39.91,
CPU07,T0003,0.00,0.98,0.00,99.02,
CPU06,T0003,0.00,1.01,0.00,98.99,
CPU05,T0003,6.32,2.21,0.00,91.47,
CPU04,T0003,33.00,40.58,0.00,26.42,
CPU03,T0003,0.29,2.54,0.00,97.17,
CPU02,T0003,0.27,2.60,0.00,97.13,
CPU01,T0003,11.90,7.72,0.04,80.34,
CPU00,T0003,67.64,28.21,0.00,4.14,
DISKBUSY,T0003,0.00,0.00,0.00,
DISKREAD,T0003,14.22,14.03,0.00,
DISKWRITE,T0003,10.11,54.17,0.00,
DISKXFER,T0003,1.07,5.86,0.00,
DISKSERV,T0003,0.00,0.00,0.00,
DISKWAIT,T0003,0.00,0.00,0.00,
MEMREAL,T0003,9437184.00,11627.60,15.45,48.52,51.36,50.82,
MEMVIRT,T0003,2097152.00,99.40,0.60,0.35,2.23,0.00,0.00,2.04,2296.11,2.86,
PROC,T0003,7.06,0.20,8825.88,22936.23,1847.70,1983.08,12.16,11.49,52.40,7.40,123.40,
LAN,T0003,10626.80,0.00,0.13,743.06,0.34,0.21,1765.99,0.05,0.72,2869.37,3.79,2.39,0.00,0.00,0.00,
IP,T0003,9.85,3.67,2.39,2869.37,9.85,0.05,0.72,1765.96,1.94,0.26,0.18,703.83,1.94,0.01,0.13,3637.53,
TCPUDP,T0003,1765.69,2872.98,9.93,7.64,
FILE,T0003,0.94,3259.92,0.00,6764002.50,6025260.50,
JFSFILE,T0003,15.20,70.96,77.01,74.01,3.90,44.54,
JFSINODE,T0003,3.03,9.35,19.58,4.35,0.02,2.27,
LPAR,T0003,0.63,3.00,12.00,64.00,2.00,128.00,50.63,0.99,0.99,1.00,
ZZZZ,T0004,00:23:33,28-Sep-2019,,
CPU_ALL,T0004,4.06,3.06,0.00,92.88,12.00,
CPU011,T0004,0.00,0.82,0.00,99.18,
CPU010,T0004,0.00,0.82,0.00,99.18,
CPU09,T0004,0.00,0.98,0.00,99.02,
CPU08,T0004,0.00,53.19,0.00,46.81,
CPU07,T0004,0.00,0.97,0.00,99.03,
CPU06,T0004,0.00,1.01,0.00,98.99,
CPU05,T0004,0.00,1.09,0.00,98.91,
CPU04,T0004,0.00,51.52,0.00,48.48,
CPU03,T0004,0.50,2.44,0.00,97.07,
CPU02,T0004,0.69,1.71,0.00,97.60,
CPU01,T0004,8.06,9.02,0.14,82.78,
CPU00,T0004,55.01,41.28,0.00,3.70,
DISKBUSY,T0004,0.00,0.00,0.00,
DISKREAD,T0004,7.18,7.02,0.00,
DISKWRITE,T0004,7.92,57.24,0.00,
DISKXFER,T0004,0.91,6.30,0.00,
DISKSERV,T0004,0.00,0.00,0.00,
DISKWAIT,T0004,0.00,0.00,0.00,
MEMREAL,T0004,9437184.00,11969.40,15.45,48.52,51.36,50.82,
MEMVIRT,T0004,2097152.00,99.40,0.60,1.10,2.01,0.00,0.00,2.02,2197.56,0.00,
PROC,T0004,8.79,0.00,5890.14,15973.02,547.33,117.21,12.16,11.45,44.00,3.00,122.40,
LAN,T0004,309.93,0.01,0.12,169.90,0.36,0.37,536.91,0.07,0.55,529.96,4.17,5.38,0.00,0.00,0.00,
IP,T0004,10.05,4.05,5.38,529.96,10.05,0.07,0.55,536.91,2.07,0.27,0.30,162.66,2.07,0.01,0.12,309.93,
TCPUDP,T0004,536.22,533.60,10.03,7.66,
FILE,T0004,0.95,3351.38,0.00,841761.19,21728.22,
JFSFILE,T0004,15.20,70.96,77.01,74.02,3.90,44.54,
JFSINODE,T0004,3.03,9.35,19.58,4.35,0.02,2.27,
LPAR,T0004,0.25,3.00,12.00,64.00,2.00,128.00,52.72,0.40,0.40,1.00,
ZZZZ,T0005,00:28:33,28-Sep-2019,,
CPU_ALL,T0005,2.60,2.66,0.00,94.74,12.00,
CPU011,T0005,0.00,1.91,0.00,98.09,
CPU010,T0005,0.00,1.91,0.00,98.09,
CPU09,T0005,0.00,1.97,0.00,98.03,
CPU08,T0005,0.00,45.53,0.00,54.47,
CPU07,T0005,0.00,1.94,0.00,98.06,
CPU06,T0005,0.00,2.00,0.00,98.00,
CPU05,T0005,0.00,2.31,0.00,97.69,
CPU04,T0005,0.00,42.31,0.00,57.69,
CPU03,T0005,1.36,1.88,0.00,96.76,
CPU02,T0005,0.59,1.83,0.00,97.58,
CPU01,T0005,9.32,9.19,0.14,81.35,
CPU00,T0005,48.11,48.76,0.01,3.12,
DISKBUSY,T0005,0.00,0.00,0.00,
DISKREAD,T0005,14.19,14.06,0.00,
DISKWRITE,T0005,8.67,58.26,0.00,
DISKXFER,T0005,1.01,6.26,0.00,
DISKSERV,T0005,0.00,0.00,0.00,
DISKWAIT,T0005,0.00,0.00,0.00,
MEMREAL,T0005,9437184.00,11800.20,15.45,48.52,51.36,50.82,
MEMVIRT,T0005,2097152.00,99.40,0.60,0.02,1.82,0.00,0.01,1.82,2268.39,0.00,
PROC,T0005,11.91,0.40,5178.74,15582.52,554.41,99.20,12.17,11.50,39.00,2.00,123.00,
LAN,T0005,110.17,0.01,0.13,9.10,0.37,0.20,45.51,0.05,0.65,40.25,3.99,2.33,0.00,0.00,0.00,
IP,T0005,10.21,3.88,2.33,40.25,10.21,0.05,0.65,45.51,2.06,0.29,0.17,8.55,2.06,0.00,0.13,110.17,
TCPUDP,T0005,44.92,44.01,9.97,7.87,
FILE,T0005,0.91,3485.43,0.00,884271.69,20807.05,
JFSFILE,T0005,15.20,70.96,77.01,74.02,3.90,44.55,
JFSINODE,T0005,3.03,9.35,19.58,4.35,0.02,2.27,
LPAR,T0005,0.18,3.00,12.00,64.00,2.00,128.00,54.23,0.29,0.29,1.00,
ZZZZ,T0006,00:33:34,28-Sep-2019,,
CPU_ALL,T0006,2.61,2.58,0.00,94.80,12.00,
CPU011,T0006,0.00,1.80,0.00,98.20,
CPU010,T0006,0.00,1.80,0.00,98.20,
CPU09,T0006,0.00,1.97,0.00,98.03,
CPU08,T0006,0.00,44.88,0.00,55.12,
CPU07,T0006,0.00,1.85,0.00,98.15,
CPU06,T0006,0.00,1.99,0.00,98.01,
CPU05,T0006,0.00,2.02,0.00,97.98,
CPU04,T0006,0.00,44.96,0.00,55.04,
CPU03,T0006,0.80,1.12,0.00,98.08,
CPU02,T0006,0.69,1.16,0.00,98.14,
CPU01,T0006,8.65,9.85,0.28,81.23,
CPU00,T0006,49.12,47.69,0.00,3.19,
DISKBUSY,T0006,0.00,0.00,0.00,
DISKREAD,T0006,7.28,7.02,0.00,
DISKWRITE,T0006,9.12,48.54,0.00,
DISKXFER,T0006,1.04,5.28,0.00,
DISKSERV,T0006,0.00,0.00,0.00,
DISKWAIT,T0006,0.00,0.00,0.00,
MEMREAL,T0006,9437184.00,11584.20,15.45,48.52,51.36,50.82,
MEMVIRT,T0006,2097152.00,99.40,0.60,0.69,1.83,0.00,0.00,1.90,2201.89,0.00,
PROC,T0006,8.60,0.00,5210.25,14752.83,510.67,180.35,12.10,11.40,39.40,2.00,123.40,
LAN,T0006,110.85,0.00,0.13,9.86,0.36,0.26,45.66,0.06,0.70,40.75,4.24,3.32,0.00,0.00,0.00,
IP,T0006,10.13,4.12,3.32,40.75,10.13,0.06,0.70,45.66,1.94,0.28,0.21,9.30,1.94,0.01,0.13,110.85,
TCPUDP,T0006,45.22,44.57,9.70,7.70,
FILE,T0006,0.85,3199.06,0.00,709620.94,20774.61,
JFSFILE,T0006,15.20,70.96,77.01,74.02,3.90,44.55,
JFSINODE,T0006,3.03,9.35,19.58,4.35,0.02,2.27,
LPAR,T0006,0.18,3.00,12.00,64.00,2.00,128.00,52.85,0.29,0.29,1.00,
ZZZZ,T0007,00:38:34,28-Sep-2019,,
CPU_ALL,T0007,2.75,2.66,0.00,94.59,12.00,
CPU011,T0007,0.00,1.62,0.00,98.38,
CPU010,T0007,0.00,1.71,0.00,98.29,
CPU09,T0007,0.00,1.84,0.00,98.16,
CPU08,T0007,6.67,45.14,0.00,48.19,
CPU07,T0007,0.00,1.51,0.00,98.49,
CPU06,T0007,0.00,1.64,0.00,98.36,
CPU05,T0007,0.00,1.79,0.00,98.21,
CPU04,T0007,17.64,37.37,0.00,44.99,
CPU03,T0007,0.94,1.95,0.01,97.11,
CPU02,T0007,0.60,1.06,0.00,98.34,
CPU01,T0007,12.32,10.45,0.02,77.21,
CPU00,T0007,48.63,47.83,0.01,3.53,
DISKBUSY,T0007,0.00,0.00,0.00,
DISKREAD,T0007,14.19,14.03,0.00,
DISKWRITE,T0007,8.96,66.01,0.00,
DISKXFER,T0007,1.06,7.22,0.00,
DISKSERV,T0007,0.00,0.00,0.00,
DISKWAIT,T0007,0.00,0.00,0.00,
MEMREAL,T0007,9437184.00,12110.00,15.45,48.52,51.35,50.82,
MEMVIRT,T0007,2097152.00,99.40,0.60,0.02,2.31,0.00,0.00,2.31,2317.31,2.57,
PROC,T0007,10.43,0.00,5189.51,15515.40,566.42,128.95,12.16,11.49,44.80,2.20,123.00,
LAN,T0007,110.68,0.01,0.13,9.43,0.34,0.26,47.14,0.06,0.68,41.45,3.81,3.46,0.00,0.00,0.00,
IP,T0007,10.49,3.69,3.46,41.45,10.49,0.06,0.68,47.14,2.17,0.26,0.22,8.86,2.17,0.00,0.13,110.68,
TCPUDP,T0007,46.32,45.65,10.28,7.63,
FILE,T0007,1.06,3379.59,0.00,948671.62,22459.28,
JFSFILE,T0007,15.20,70.96,77.01,74.02,3.90,44.56,
JFSINODE,T0007,3.03,9.35,19.58,4.35,0.02,2.27,
LPAR,T0007,0.19,3.00,12.00,64.00,2.00,128.00,54.45,0.30,0.30,1.00,
ZZZZ,T0008,00:43:34,28-Sep-2019,,
CPU_ALL,T0008,2.55,2.71,0.00,94.74,12.00,
CPU011,T0008,0.00,1.67,0.00,98.33,
CPU010,T0008,0.00,1.71,0.00,98.29,
CPU09,T0008,0.00,1.74,0.00,98.26,
CPU08,T0008,0.00,47.55,0.00,52.45,
CPU07,T0008,0.00,1.72,0.00,98.28,
CPU06,T0008,0.00,1.89,0.00,98.11,
CPU05,T0008,0.00,2.04,0.00,97.96,
CPU04,T0008,0.00,45.11,0.00,54.89,
CPU03,T0008,0.47,0.72,0.00,98.81,
CPU02,T0008,0.86,1.08,0.01,98.05,
CPU01,T0008,8.27,10.69,0.04,81.01,
CPU00,T0008,47.37,49.40,0.01,3.22,
DISKBUSY,T0008,0.00,0.00,0.00,
DISKREAD,T0008,7.18,7.04,0.00,
DISKWRITE,T0008,8.37,49.78,0.00,
DISKXFER,T0008,0.95,5.50,0.00,
DISKSERV,T0008,0.00,0.00,0.00,
DISKWAIT,T0008,0.00,0.00,0.00,
MEMREAL,T0008,9437184.00,12234.00,15.45,48.52,51.35,50.82,
MEMVIRT,T0008,2097152.00,99.40,0.60,0.47,4.71,0.00,0.00,2.46,2197.53,0.00,
PROC,T0008,10.26,0.00,5207.97,15422.71,535.13,95.48,12.16,11.45,45.40,2.00,122.40,
LAN,T0008,125.39,0.01,0.13,24.96,0.37,0.25,60.88,0.07,0.69,57.58,4.30,3.20,0.00,0.00,0.00,
IP,T0008,9.82,4.18,3.20,57.58,9.82,0.07,0.69,60.88,1.90,0.29,0.21,24.17,1.90,0.01,0.13,125.38,
TCPUDP,T0008,60.02,61.10,9.67,7.71,
FILE,T0008,0.82,3446.83,0.00,807044.44,32511.88,
JFSFILE,T0008,15.20,70.96,77.01,74.02,3.90,44.56,
JFSINODE,T0008,3.03,9.35,19.58,4.35,0.02,2.27,
LPAR,T0008,0.18,3.00,12.00,64.00,2.00,128.00,55.19,0.29,0.29,1.00,
ZZZZ,T0009,00:48:34,28-Sep-2019,,
CPU_ALL,T0009,2.69,2.69,0.01,94.62,12.00,
CPU011,T0009,0.00,1.56,0.00,98.44,
CPU010,T0009,0.00,1.67,0.00,98.33,
CPU09,T0009,0.00,1.70,0.00,98.30,
CPU08,T0009,0.00,49.03,0.00,50.97,
CPU07,T0009,0.00,1.64,0.00,98.36,
CPU06,T0009,0.00,1.86,0.00,98.14,
CPU05,T0009,0.00,1.80,0.00,98.20,
CPU04,T0009,0.00,47.49,0.00,52.51,
CPU03,T0009,0.94,1.97,0.00,97.10,
CPU02,T0009,0.92,1.06,0.00,98.02,
CPU01,T0009,9.65,10.71,0.12,79.52,
CPU00,T0009,48.86,47.89,0.01,3.24,
DISKBUSY,T0009,0.00,0.00,0.00,
DISKREAD,T0009,14.22,14.06,0.00,
DISKWRITE,T0009,8.75,56.99,0.00,
DISKXFER,T0009,1.04,6.10,0.00,
DISKSERV,T0009,0.00,0.00,0.00,
DISKWAIT,T0009,0.00,0.00,0.00,
MEMREAL,T0009,9437184.00,12045.80,15.45,48.52,51.35,50.82,
MEMVIRT,T0009,2097152.00,99.40,0.60,0.99,6.42,0.00,0.00,3.27,2273.14,0.00,
PROC,T0009,9.65,0.20,5216.08,14995.32,543.58,188.64,12.17,11.50,46.20,2.00,123.00,
LAN,T0009,134.41,0.00,0.12,33.07,0.38,0.32,70.03,0.05,0.58,66.84,4.10,4.43,0.00,0.00,0.00,
IP,T0009,10.30,3.99,4.43,66.84,10.30,0.05,0.58,70.02,2.02,0.29,0.26,32.15,2.02,0.00,0.12,134.40,
TCPUDP,T0009,69.31,70.58,9.97,7.97,
FILE,T0009,0.93,3251.76,0.00,820970.31,41349.07,
JFSFILE,T0009,15.20,70.96,77.01,74.03,3.90,44.56,
JFSINODE,T0009,3.03,9.35,19.58,4.36,0.02,2.27,
LPAR,T0009,0.19,3.00,12.00,64.00,2.00,128.00,55.07,0.29,0.29,1.00,
ZZZZ,T0010,00:53:34,28-Sep-2019,,
CPU_ALL,T0010,2.55,2.67,0.01,94.78,12.00,
CPU011,T0010,0.00,1.57,0.00,98.43,
CPU010,T0010,0.00,1.61,0.00,98.39,
CPU09,T0010,0.00,1.79,0.00,98.21,
CPU08,T0010,0.00,49.14,0.00,50.86,
CPU07,T0010,0.00,1.68,0.00,98.32,
CPU06,T0010,0.00,1.89,0.00,98.11,
CPU05,T0010,0.00,1.93,0.00,98.07,
CPU04,T0010,0.00,46.74,0.00,53.26,
CPU03,T0010,1.43,1.47,0.00,97.09,
CPU02,T0010,1.05,3.39,0.00,95.56,
CPU01,T0010,7.58,7.51,0.02,84.89,
CPU00,T0010,47.69,49.24,0.01,3.05,
DISKBUSY,T0010,0.00,0.00,0.00,
DISKREAD,T0010,7.18,7.04,0.00,
DISKWRITE,T0010,6.88,56.48,0.00,
DISKXFER,T0010,0.86,6.25,0.00,
DISKSERV,T0010,0.00,0.00,0.00,
DISKWAIT,T0010,0.00,0.00,0.00,
MEMREAL,T0010,9437184.00,11907.40,15.45,48.52,51.36,50.82,
MEMVIRT,T0010,2097152.00,99.40,0.60,0.62,6.08,0.00,0.00,3.02,2210.55,0.00,
PROC,T0010,10.02,0.20,4916.96,14936.28,550.38,126.80,12.16,11.46,39.40,2.00,123.00,
LAN,T0010,133.24,0.01,0.14,30.77,0.38,0.20,67.16,0.09,0.74,64.63,4.30,2.20,0.00,0.00,0.00,
IP,T0010,9.96,4.18,2.20,64.63,9.96,0.09,0.74,67.16,2.03,0.29,0.17,29.89,2.03,0.01,0.14,133.24,
TCPUDP,T0010,66.26,68.26,9.97,7.73,
FILE,T0010,0.95,3335.48,0.00,836290.94,39321.16,
JFSFILE,T0010,15.20,70.96,77.01,74.03,3.90,44.57,
JFSINODE,T0010,3.03,9.35,19.58,4.35,0.02,2.27,
LPAR,T0010,0.18,3.00,12.00,64.00,2.00,128.00,52.83,0.29,0.29,1.00,
ZZZZ,T0011,00:58:34,28-Sep-2019,,
CPU_ALL,T0011,2.55,2.71,0.01,94.74,12.00,
CPU011,T0011,0.00,1.76,0.00,98.24,
CPU010,T0011,0.00,1.71,0.00,98.29,
CPU09,T0011,0.00,1.81,0.00,98.19,
CPU08,T0011,0.00,48.91,0.00,51.09,
CPU07,T0011,0.00,1.67,0.00,98.33,
CPU06,T0011,0.00,1.83,0.00,98.17,
CPU05,T0011,0.00,1.96,0.00,98.04,
CPU04,T0011,0.00,46.21,0.00,53.79,
CPU03,T0011,1.07,1.81,0.00,97.12,
CPU02,T0011,0.81,1.25,0.00,97.94,
CPU01,T0011,6.51,11.66,0.01,81.82,
CPU00,T0011,47.86,48.95,0.01,3.18,
DISKBUSY,T0011,0.00,0.00,0.00,
DISKREAD,T0011,14.19,14.03,0.00,
DISKWRITE,T0011,6.88,58.29,0.00,
DISKXFER,T0011,0.91,6.29,0.00,
DISKSERV,T0011,0.00,0.00,0.00,
DISKWAIT,T0011,0.00,0.00,0.00,
MEMREAL,T0011,9437184.00,11829.00,15.45,48.52,51.36,50.82,
MEMVIRT,T0011,2097152.00,99.40,0.60,0.55,5.30,0.00,0.00,2.68,2262.57,0.00,
PROC,T0011,9.26,0.20,4904.92,15209.05,555.44,98.16,12.16,11.48,41.00,2.00,123.00,
LAN,T0011,129.59,0.01,0.13,28.11,0.36,0.19,64.26,0.05,0.64,60.67,3.89,2.10,0.00,0.00,0.00,
IP,T0011,9.62,3.77,2.10,60.67,9.62,0.05,0.64,64.26,1.88,0.27,0.16,27.28,1.88,0.00,0.13,129.58,
TCPUDP,T0011,63.23,63.97,10.00,7.74,
FILE,T0011,0.91,3446.86,0.00,905129.38,35536.02,
JFSFILE,T0011,15.20,70.96,77.01,74.03,3.90,44.57,
JFSINODE,T0011,3.03,9.35,19.58,4.35,0.02,2.27,
LPAR,T0011,0.18,3.00,12.00,64.00,2.00,128.00,52.34,0.29,0.29,1.00,
ZZZZ,T0012,01:03:34,28-Sep-2019,,
CPU_ALL,T0012,5.34,5.49,0.27,88.91,12.00,
CPU011,T0012,1.46,6.56,0.54,91.44,
CPU010,T0012,3.75,6.07,0.43,89.75,
CPU09,T0012,2.86,9.85,0.77,86.51,
CPU08,T0012,8.97,52.49,0.27,38.27,
CPU07,T0012,1.44,5.57,0.35,92.64,
CPU06,T0012,1.70,5.70,0.45,92.15,
CPU05,T0012,4.99,10.39,0.45,84.16,
CPU04,T0012,7.44,52.09,0.22,40.25,
CPU03,T0012,1.10,3.59,0.26,95.05,
CPU02,T0012,1.28,4.68,0.26,93.78,
CPU01,T0012,13.43,14.69,0.23,71.65,
CPU00,T0012,51.36,44.40,0.14,4.10,
DISKBUSY,T0012,0.40,0.20,0.00,
DISKREAD,T0012,67.60,7.76,0.00,
DISKWRITE,T0012,22.88,226.44,0.00,
DISKXFER,T0012,9.83,14.85,0.00,
DISKSERV,T0012,0.00,0.00,0.00,
DISKWAIT,T0012,0.00,0.00,0.00,
MEMREAL,T0012,9437184.00,34175.20,15.45,48.53,51.11,50.55,
MEMVIRT,T0012,2097152.00,99.39,0.61,1379.02,507.43,0.00,0.00,151.07,2331.56,55.27,
PROC,T0012,11.53,0.88,7601.01,33982.51,820.50,1585.64,12.19,11.49,51.20,3.40,123.40,
LAN,T0012,2298.86,24.94,0.14,2115.00,0.78,0.20,1127.70,1.36,0.75,1026.52,7.15,2.15,0.00,0.00,0.00,
IP,T0012,24.06,7.04,2.15,1026.52,24.06,1.36,0.75,1127.66,29.17,0.66,0.17,2100.97,29.17,24.94,0.14,2298.39,
TCPUDP,T0012,890.61,1047.13,261.33,7.67,
FILE,T0012,3.21,7041.85,0.32,2802777.75,2123479.00,
JFSFILE,T0012,15.21,70.96,77.01,74.03,3.90,44.22,
JFSINODE,T0012,3.03,9.35,19.58,4.36,0.02,2.25,
LPAR,T0012,0.37,3.00,12.00,64.00,2.00,128.00,51.02,0.57,0.57,1.00,
ZZZZ,T0013,01:08:34,28-Sep-2019,,
CPU_ALL,T0013,6.65,3.45,0.03,89.87,12.00,
CPU011,T0013,0.00,0.84,0.00,99.16,
CPU010,T0013,0.00,0.85,0.00,99.15,
CPU09,T0013,0.50,0.99,0.00,98.52,
CPU08,T0013,17.70,51.77,0.01,30.52,
CPU07,T0013,0.00,0.72,0.00,99.28,
CPU06,T0013,0.00,0.73,0.00,99.27,
CPU05,T0013,0.09,1.10,0.00,98.81,
CPU04,T0013,24.51,47.38,0.03,28.08,
CPU03,T0013,0.86,1.94,0.00,97.20,
CPU02,T0013,0.70,1.49,0.00,97.81,
CPU01,T0013,13.60,10.82,0.11,75.47,
CPU00,T0013,62.41,34.21,0.03,3.35,
DISKBUSY,T0013,0.00,0.20,0.00,
DISKREAD,T0013,505.32,759.40,0.00,
DISKWRITE,T0013,12.75,90.69,0.00,
DISKXFER,T0013,3.60,13.87,0.00,
DISKSERV,T0013,0.00,0.00,0.00,
DISKWAIT,T0013,0.00,0.00,0.00,
MEMREAL,T0013,9437184.00,41887.80,15.45,48.52,51.04,50.48,
MEMVIRT,T0013,2097152.00,99.40,0.60,4.95,7.29,0.00,0.00,4.56,3279.08,0.00,
PROC,T0013,8.76,0.00,6347.40,17904.77,670.06,167.08,16.57,16.00,48.20,4.40,122.40,
LAN,T0013,404.33,0.01,0.13,676.50,0.34,0.74,661.96,0.06,0.66,678.67,3.84,11.77,0.00,0.00,0.00,
IP,T0013,11.48,3.73,11.77,678.67,11.48,0.06,0.66,661.95,2.05,0.26,0.58,667.22,2.05,0.00,0.13,313.32,
TCPUDP,T0013,658.32,683.31,13.82,7.97,
FILE,T0013,2.31,3600.53,0.00,1677986.50,45670.38,
JFSFILE,T0013,15.21,70.96,77.01,74.04,3.90,44.13,
JFSINODE,T0013,3.03,9.36,19.58,4.36,0.02,2.25,
LPAR,T0013,0.35,3.00,12.00,64.00,2.00,128.00,49.35,0.55,0.55,1.00,
ZZZZ,T0014,01:13:34,28-Sep-2019,,
CPU_ALL,T0014,4.49,2.97,0.01,92.53,12.00,
CPU011,T0014,0.00,0.94,0.00,99.06,
CPU010,T0014,0.00,0.98,0.00,99.02,
CPU09,T0014,0.00,1.09,0.00,98.91,
CPU08,T0014,13.37,49.29,0.00,37.33,
CPU07,T0014,0.00,0.84,0.00,99.16,
CPU06,T0014,0.00,0.91,0.00,99.09,
CPU05,T0014,0.00,1.00,0.00,99.00,
CPU04,T0014,15.99,47.94,0.00,36.06,
CPU03,T0014,1.18,1.76,0.00,97.07,
CPU02,T0014,1.31,1.87,0.01,96.81,
CPU01,T0014,7.82,8.56,0.07,83.55,
CPU00,T0014,58.39,38.25,0.01,3.35,
DISKBUSY,T0014,0.00,0.00,0.00,
DISKREAD,T0014,7.23,7.02,0.00,
DISKWRITE,T0014,10.69,55.93,0.00,
DISKXFER,T0014,1.09,6.15,0.00,
DISKSERV,T0014,0.00,0.00,0.00,
DISKWAIT,T0014,0.00,0.00,0.00,
MEMREAL,T0014,9437184.00,42262.60,15.45,48.52,51.03,50.47,
MEMVIRT,T0014,2097152.00,99.40,0.60,0.73,5.06,0.00,0.00,3.14,2201.58,0.00,
PROC,T0014,8.12,0.20,5923.11,15088.20,519.95,207.14,12.13,11.42,41.20,3.40,123.00,
LAN,T0014,287.65,0.01,0.13,391.96,0.36,0.26,445.90,0.08,0.66,457.32,4.19,3.46,0.00,0.00,0.00,
IP,T0014,10.40,4.07,3.46,457.32,10.40,0.08,0.66,445.90,2.15,0.27,0.22,385.71,2.15,0.01,0.13,287.65,
TCPUDP,T0014,445.11,461.46,9.93,7.57,
FILE,T0014,0.96,3127.39,0.00,711084.56,34836.05,
JFSFILE,T0014,15.21,70.96,77.01,74.04,3.90,44.14,
JFSINODE,T0014,3.03,9.36,19.58,4.36,0.02,2.25,
LPAR,T0014,0.26,3.00,12.00,64.00,2.00,128.00,48.96,0.41,0.41,1.00,
ZZZZ,T0015,01:18:34,28-Sep-2019,,
CPU_ALL,T0015,2.62,2.70,0.01,94.68,12.00,
CPU011,T0015,0.00,1.67,0.00,98.33,
CPU010,T0015,0.00,1.67,0.00,98.33,
CPU09,T0015,0.00,1.85,0.00,98.15,
CPU08,T0015,0.00,48.53,0.00,51.47,
CPU07,T0015,0.00,1.61,0.00,98.39,
CPU06,T0015,0.00,1.68,0.00,98.32,
CPU05,T0015,0.00,1.77,0.00,98.23,
CPU04,T0015,0.00,47.89,0.00,52.11,
CPU03,T0015,0.96,1.20,0.00,97.84,
CPU02,T0015,2.00,2.73,0.00,95.28,
CPU01,T0015,8.83,8.89,0.01,82.27,
CPU00,T0015,47.87,48.84,0.01,3.28,
DISKBUSY,T0015,0.00,0.00,0.00,
DISKREAD,T0015,14.24,14.03,0.00,
DISKWRITE,T0015,9.09,59.28,0.00,
DISKXFER,T0015,1.04,6.28,0.00,
DISKSERV,T0015,0.00,0.00,0.00,
DISKWAIT,T0015,0.00,0.00,0.00,
MEMREAL,T0015,9437184.00,43053.40,15.45,48.52,51.03,50.46,
MEMVIRT,T0015,2097152.00,99.40,0.60,0.44,4.86,0.00,0.00,2.80,2278.63,0.00,
PROC,T0015,10.82,0.00,5178.28,15236.95,540.06,134.83,12.17,11.49,40.60,2.00,123.00,
LAN,T0015,125.23,0.00,0.13,24.19,0.34,0.19,62.22,0.04,0.66,58.14,3.82,2.10,0.00,0.00,0.00,
IP,T0015,9.97,3.70,2.10,58.14,9.97,0.04,0.66,62.22,1.85,0.26,0.16,23.40,1.85,0.00,0.13,125.23,
TCPUDP,T0015,60.80,61.80,9.95,7.68,
FILE,T0015,0.93,3356.90,0.00,840424.50,32705.16,
JFSFILE,T0015,15.21,70.96,77.01,74.04,3.90,44.14,
JFSINODE,T0015,3.03,9.36,19.58,4.36,0.02,2.25,
LPAR,T0015,0.19,3.00,12.00,64.00,2.00,128.00,50.70,0.29,0.29,1.00,
ZZZZ,T0016,01:23:34,28-Sep-2019,,
CPU_ALL,T0016,2.29,2.59,0.01,95.11,12.00,
CPU011,T0016,0.00,1.54,0.00,98.46,
CPU010,T0016,0.00,1.54,0.00,98.46,
CPU09,T0016,0.00,1.77,0.00,98.23,
CPU08,T0016,0.00,51.21,0.00,48.79,
CPU07,T0016,0.00,1.49,0.00,98.51,
CPU06,T0016,0.00,1.56,0.00,98.44,
CPU05,T0016,0.00,1.77,0.00,98.23,
CPU04,T0016,0.00,50.39,0.00,49.61,
CPU03,T0016,0.60,0.92,0.00,98.48,
CPU02,T0016,1.27,1.33,0.00,97.39,
CPU01,T0016,9.45,10.17,0.01,80.38,
CPU00,T0016,45.12,51.09,0.02,3.77,
DISKBUSY,T0016,0.00,0.00,0.00,
DISKREAD,T0016,7.18,7.04,0.00,
DISKWRITE,T0016,9.28,64.01,0.00,
DISKXFER,T0016,0.95,7.04,0.00,
DISKSERV,T0016,0.00,0.00,0.00,
DISKWAIT,T0016,0.00,0.00,0.00,
MEMREAL,T0016,9437184.00,43827.60,15.45,48.52,51.02,50.46,
MEMVIRT,T0016,2097152.00,99.40,0.60,0.43,5.62,0.00,0.00,3.58,2219.47,0.00,
PROC,T0016,7.04,0.00,5306.42,12940.45,477.99,318.07,12.16,11.45,36.40,2.00,123.40,
LAN,T0016,126.58,0.01,0.13,25.37,0.36,0.19,65.95,0.07,0.68,61.47,4.18,2.03,0.00,0.00,0.00,
IP,T0016,12.94,4.06,2.03,61.47,12.94,0.07,0.68,65.94,2.65,0.27,0.16,24.53,2.66,0.01,0.13,126.58,
TCPUDP,T0016,67.18,68.08,10.36,7.60,
FILE,T0016,1.09,2850.79,0.00,532992.62,37367.78,
JFSFILE,T0016,15.21,70.96,77.01,74.05,3.90,44.15,
JFSINODE,T0016,3.03,9.36,19.58,4.36,0.02,2.25,
LPAR,T0016,0.17,3.00,12.00,64.00,2.00,128.00,49.01,0.27,0.27,1.00,
ZZZZ,T0017,01:28:34,28-Sep-2019,,
CPU_ALL,T0017,2.28,2.63,0.01,95.08,12.00,
CPU011,T0017,0.00,1.64,0.00,98.36,
CPU010,T0017,0.00,1.65,0.00,98.35,
CPU09,T0017,0.00,1.71,0.00,98.29,
CPU08,T0017,0.00,49.56,0.00,50.44,
CPU07,T0017,0.00,1.49,0.00,98.51,
CPU06,T0017,0.00,1.58,0.00,98.42,
CPU05,T0017,0.00,1.79,0.00,98.21,
CPU04,T0017,0.00,50.23,0.00,49.77,
CPU03,T0017,1.20,1.39,0.00,97.41,
CPU02,T0017,1.01,1.67,0.00,97.32,
CPU01,T0017,9.32,12.43,0.07,78.18,
CPU00,T0017,44.88,51.20,0.02,3.89,
DISKBUSY,T0017,0.00,0.00,0.00,
DISKREAD,T0017,14.22,14.03,0.00,
DISKWRITE,T0017,9.23,82.88,0.00,
DISKXFER,T0017,1.05,9.14,0.00,
DISKSERV,T0017,0.00,0.00,0.00,
DISKWAIT,T0017,0.00,0.00,0.00,
MEMREAL,T0017,9437184.00,44698.60,15.45,48.52,51.01,50.45,
MEMVIRT,T0017,2097152.00,99.40,0.60,1.18,6.46,0.00,0.00,4.51,2281.16,0.00,
PROC,T0017,8.58,0.20,5280.02,13639.55,525.72,551.32,12.17,11.50,39.00,2.00,123.00,
LAN,T0017,126.38,0.00,0.13,25.14,0.37,0.27,65.00,0.04,0.72,60.27,4.05,3.55,0.00,0.00,0.00,
IP,T0017,10.37,3.93,3.55,60.27,10.37,0.04,0.72,65.00,2.15,0.29,0.23,24.32,2.14,0.00,0.13,126.38,
TCPUDP,T0017,63.23,63.97,10.80,7.95,
FILE,T0017,1.27,3040.46,0.00,752296.50,41557.34,
JFSFILE,T0017,15.21,70.96,77.01,74.05,3.90,44.15,
JFSINODE,T0017,3.03,9.36,19.58,4.36,0.02,2.25,
LPAR,T0017,0.17,3.00,12.00,64.00,2.00,128.00,52.75,0.27,0.27,1.00,
ZZZZ,T0018,01:33:34,28-Sep-2019,,
CPU_ALL,T0018,2.78,2.92,0.02,94.28,12.00,
CPU011,T0018,0.03,1.56,0.00,98.41,
CPU010,T0018,0.04,1.58,0.00,98.38,
CPU09,T0018,0.10,1.79,0.00,98.11,
CPU08,T0018,9.13,50.14,0.00,40.73,
CPU07,T0018,0.40,2.05,0.00,97.55,
CPU06,T0018,0.02,1.74,0.00,98.23,
CPU05,T0018,0.34,1.78,0.00,97.88,
CPU04,T0018,10.21,48.26,0.06,41.47,
CPU03,T0018,0.73,1.16,0.08,98.03,
CPU02,T0018,1.24,1.35,0.00,97.42,
CPU01,T0018,8.74,12.64,0.04,78.57,
CPU00,T0018,47.78,48.84,0.02,3.36,
DISKBUSY,T0018,0.00,0.00,0.00,
DISKREAD,T0018,21.21,130.27,0.00,
DISKWRITE,T0018,8.29,73.13,0.00,
DISKXFER,T0018,1.00,7.68,0.00,
DISKSERV,T0018,0.00,0.00,0.00,
DISKWAIT,T0018,0.00,0.00,0.00,
MEMREAL,T0018,9437184.00,42133.20,15.45,48.52,51.04,50.47,
MEMVIRT,T0018,2097152.00,99.40,0.60,12.38,6.44,0.00,0.00,16.41,2866.69,0.00,
PROC,T0018,9.76,0.20,5227.24,15934.34,591.38,167.06,16.57,14.47,39.60,2.00,123.00,
LAN,T0018,124.24,0.01,0.14,23.76,0.37,0.47,61.77,0.07,0.80,57.26,4.24,6.87,0.00,0.00,0.00,
IP,T0018,10.14,4.12,6.87,57.26,10.14,0.07,0.80,61.77,1.90,0.28,0.37,22.97,1.91,0.01,0.14,124.24,
TCPUDP,T0018,60.77,61.06,10.10,7.71,
FILE,T0018,1.00,3410.38,0.00,940522.50,55484.16,
JFSFILE,T0018,15.21,70.96,77.01,74.05,3.90,44.15,
JFSINODE,T0018,3.03,9.36,19.58,4.36,0.02,2.25,
LPAR,T0018,0.20,3.00,12.00,64.00,2.00,128.00,48.78,0.31,0.31,1.00,
ZZZZ,T0019,01:38:34,28-Sep-2019,,
CPU_ALL,T0019,2.78,2.70,0.01,94.52,12.00,
CPU011,T0019,0.00,1.44,0.00,98.56,
CPU010,T0019,0.00,1.43,0.00,98.57,
CPU09,T0019,0.00,1.65,0.00,98.35,
CPU08,T0019,13.47,43.88,0.00,42.64,
CPU07,T0019,0.00,1.63,0.00,98.37,
CPU06,T0019,0.00,1.58,0.00,98.42,
CPU05,T0019,0.00,1.79,0.00,98.21,
CPU04,T0019,6.31,49.86,0.00,43.82,
CPU03,T0019,0.35,2.05,0.00,97.60,
CPU02,T0019,0.63,1.35,0.00,98.03,
CPU01,T0019,12.52,10.11,0.06,77.31,
CPU00,T0019,48.93,47.58,0.01,3.48,
DISKBUSY,T0019,0.00,0.00,0.00,
DISKREAD,T0019,14.22,14.03,0.00,
DISKWRITE,T0019,8.43,63.71,0.00,
DISKXFER,T0019,0.99,6.94,0.00,
DISKSERV,T0019,0.00,0.00,0.00,
DISKWAIT,T0019,0.00,0.00,0.00,
MEMREAL,T0019,9437184.00,41636.60,15.45,48.52,51.04,50.48,
MEMVIRT,T0019,2097152.00,99.40,0.60,1.07,5.02,0.00,0.00,3.13,2308.77,0.00,
PROC,T0019,8.10,0.00,5202.16,15020.99,547.80,158.21,12.17,11.50,36.40,2.00,123.00,
LAN,T0019,126.30,0.00,0.13,24.54,0.34,0.24,61.35,0.04,0.71,56.90,3.84,3.07,0.00,0.00,0.00,
IP,T0019,10.26,3.72,3.07,56.90,10.26,0.04,0.71,61.35,2.02,0.26,0.20,23.76,2.02,0.00,0.13,126.30,
TCPUDP,T0019,60.94,60.83,10.36,7.66,
FILE,T0019,1.06,3319.81,0.00,869107.12,35262.96,
JFSFILE,T0019,15.21,70.96,77.01,74.06,3.90,44.16,
JFSINODE,T0019,3.03,9.36,19.58,4.36,0.02,2.25,
LPAR,T0019,0.19,3.00,12.00,64.00,2.00,128.00,51.04,0.30,0.30,1.00,
ZZZZ,T0020,01:43:34,28-Sep-2019,,
CPU_ALL,T0020,2.72,2.80,0.07,94.41,12.00,
CPU011,T0020,0.00,1.87,0.00,98.13,
CPU010,T0020,0.00,1.57,0.00,98.43,
CPU09,T0020,0.00,1.67,0.00,98.33,
CPU08,T0020,0.00,48.24,0.00,51.76,
CPU07,T0020,0.00,1.53,0.00,98.47,
CPU06,T0020,0.00,1.57,0.00,98.43,
CPU05,T0020,0.00,1.97,0.00,98.03,
CPU04,T0020,0.00,47.22,0.00,52.78,
CPU03,T0020,1.12,0.99,0.03,97.86,
CPU02,T0020,1.45,1.25,0.03,97.27,
CPU01,T0020,10.17,9.67,0.20,79.96,
CPU00,T0020,47.49,49.14,0.20,3.16,
DISKBUSY,T0020,0.00,0.00,0.00,
DISKREAD,T0020,7.31,7.02,0.00,
DISKWRITE,T0020,8.69,59.38,0.00,
DISKXFER,T0020,0.99,6.28,0.00,
DISKSERV,T0020,0.00,0.00,0.00,
DISKWAIT,T0020,0.00,0.00,0.00,
MEMREAL,T0020,9437184.00,40388.60,15.45,48.52,51.05,50.49,
MEMVIRT,T0020,2097152.00,99.39,0.61,11.99,14.42,0.00,0.00,16.42,2269.79,0.00,
PROC,T0020,9.07,0.20,5302.66,16168.16,555.57,130.44,12.16,11.46,38.60,2.40,123.20,
LAN,T0020,166.17,0.03,0.12,58.75,0.39,0.24,90.88,0.13,0.61,86.89,4.30,3.05,0.00,0.00,0.00,
IP,T0020,15.02,4.18,3.05,86.89,15.02,0.13,0.61,90.87,3.11,0.30,0.20,57.56,3.10,0.03,0.12,166.16,
TCPUDP,T0020,91.87,95.67,13.97,7.65,
FILE,T0020,0.92,3453.85,0.00,857178.94,66416.08,
JFSFILE,T0020,15.21,70.96,77.01,74.06,3.90,44.16,
JFSINODE,T0020,3.03,9.36,19.58,4.36,0.02,2.25,
LPAR,T0020,0.19,3.00,12.00,64.00,2.00,128.00,52.69,0.30,0.30,1.00,
ZZZZ,T0021,01:48:34,28-Sep-2019,,
CPU_ALL,T0021,2.58,2.62,0.00,94.80,12.00,
CPU011,T0021,0.00,1.92,0.00,98.08,
CPU010,T0021,0.00,1.85,0.00,98.15,
CPU09,T0021,0.00,2.17,0.00,97.83,
CPU08,T0021,0.00,44.85,0.00,55.15,
CPU07,T0021,0.00,2.08,0.00,97.92,
CPU06,T0021,0.00,2.09,0.00,97.91,
CPU05,T0021,0.00,2.24,0.00,97.76,
CPU04,T0021,0.00,41.15,0.00,58.85,
CPU03,T0021,1.04,0.90,0.00,98.06,
CPU02,T0021,0.94,1.38,0.00,97.68,
CPU01,T0021,8.94,8.81,0.00,82.25,
CPU00,T0021,48.15,48.63,0.00,3.22,
DISKBUSY,T0021,0.00,0.00,0.00,
DISKREAD,T0021,7.18,7.02,0.00,
DISKWRITE,T0021,6.91,58.79,0.00,
DISKXFER,T0021,0.87,6.28,0.00,
DISKSERV,T0021,0.00,0.00,0.00,
DISKWAIT,T0021,0.00,0.00,0.00,
MEMREAL,T0021,9437184.00,39273.20,15.45,48.52,51.07,50.50,
MEMVIRT,T0021,2097152.00,99.40,0.60,0.35,1.78,0.00,0.00,1.81,2268.57,0.00,
PROC,T0021,8.63,0.00,5043.74,15197.03,548.19,133.17,12.16,11.48,39.00,2.00,123.00,
LAN,T0021,110.02,0.00,0.13,9.56,0.38,0.19,45.32,0.04,0.66,40.37,4.15,2.06,0.00,0.00,0.00,
IP,T0021,10.26,4.03,2.06,40.37,10.26,0.04,0.66,45.32,2.17,0.30,0.16,9.01,2.17,0.00,0.13,110.02,
TCPUDP,T0021,45.66,44.15,9.85,7.97,
FILE,T0021,0.91,3363.67,0.00,849759.69,21302.13,
JFSFILE,T0021,15.21,70.96,77.01,74.06,3.90,44.17,
JFSINODE,T0021,3.03,9.36,19.58,4.36,0.02,2.25,
LPAR,T0021,0.18,3.00,12.00,64.00,2.00,128.00,55.71,0.29,0.29,1.00,
ZZZZ,T0022,01:53:34,28-Sep-2019,,
CPU_ALL,T0022,2.49,2.55,0.00,94.96,12.00,
CPU011,T0022,0.00,1.82,0.00,98.18,
CPU010,T0022,0.00,1.82,0.00,98.18,
CPU09,T0022,0.00,2.14,0.00,97.86,
CPU08,T0022,0.00,44.98,0.00,55.02,
CPU07,T0022,0.00,2.02,0.00,97.98,
CPU06,T0022,0.00,2.08,0.00,97.92,
CPU05,T0022,0.00,2.35,0.00,97.65,
CPU04,T0022,0.00,41.07,0.00,58.93,
CPU03,T0022,0.39,0.79,0.00,98.82,
CPU02,T0022,1.01,1.20,0.00,97.79,
CPU01,T0022,7.96,9.01,0.00,83.02,
CPU00,T0022,48.15,48.69,0.01,3.15,
DISKBUSY,T0022,0.00,0.00,0.00,
DISKREAD,T0022,7.18,7.02,0.00,
DISKWRITE,T0022,6.40,53.82,0.00,
DISKXFER,T0022,0.82,5.89,0.00,
DISKSERV,T0022,0.00,0.00,0.00,
DISKWAIT,T0022,0.00,0.00,0.00,
MEMREAL,T0022,9437184.00,39162.20,15.45,48.52,51.07,50.50,
MEMVIRT,T0022,2097152.00,99.40,0.60,0.02,1.81,0.00,0.00,1.81,2199.86,0.00,
PROC,T0022,12.14,0.00,4873.34,14395.99,523.33,165.62,12.13,11.42,37.20,2.00,123.00,
LAN,T0022,109.50,0.00,0.13,8.47,0.37,0.36,43.46,0.04,0.64,38.07,4.22,5.17,0.00,0.00,0.00,
IP,T0022,9.55,4.11,5.17,38.07,9.55,0.04,0.64,43.46,1.85,0.29,0.29,7.94,1.85,0.00,0.13,109.50,
TCPUDP,T0022,42.92,41.26,10.07,7.74,
FILE,T0022,0.95,3248.59,0.00,744671.94,20021.23,
JFSFILE,T0022,15.21,70.96,77.01,74.07,3.90,44.17,
JFSINODE,T0022,3.03,9.36,19.58,4.36,0.02,2.25,
LPAR,T0022,0.18,3.00,12.00,64.00,2.00,128.00,55.35,0.28,0.28,1.00,
ZZZZ,T0023,01:58:34,28-Sep-2019,,
CPU_ALL,T0023,2.48,2.60,0.00,94.92,12.00,
CPU011,T0023,0.00,1.98,0.00,98.02,
CPU010,T0023,0.00,1.87,0.00,98.13,
CPU09,T0023,0.00,2.06,0.00,97.94,
CPU08,T0023,0.00,45.11,0.00,54.89,
CPU07,T0023,0.00,1.94,0.00,98.06,
CPU06,T0023,0.00,2.01,0.00,97.99,
CPU05,T0023,0.00,2.34,0.00,97.66,
CPU04,T0023,0.00,41.48,0.00,58.52,
CPU03,T0023,0.29,2.04,0.00,97.67,
CPU02,T0023,0.68,0.76,0.00,98.56,
CPU01,T0023,8.76,10.89,0.02,80.33,
CPU00,T0023,47.87,48.95,0.01,3.18,
DISKBUSY,T0023,0.00,0.00,0.00,
DISKREAD,T0023,7.18,7.04,0.00,
DISKWRITE,T0023,6.35,56.96,0.00,
DISKXFER,T0023,0.81,6.11,0.00,
DISKSERV,T0023,0.00,0.00,0.00,
DISKWAIT,T0023,0.00,0.00,0.00,
MEMREAL,T0023,9437184.00,39046.00,15.45,48.52,51.07,50.51,
MEMVIRT,T0023,2097152.00,99.40,0.60,1.43,1.62,0.00,0.00,1.73,2257.91,0.00,
PROC,T0023,11.07,0.00,4871.26,15372.14,548.60,103.83,12.14,11.46,34.40,2.00,123.00,
LAN,T0023,113.48,0.00,0.13,10.92,0.35,0.21,45.24,0.04,0.64,40.10,3.85,2.56,0.00,0.00,0.00,
IP,T0023,9.92,3.73,2.56,40.10,9.92,0.04,0.64,45.24,1.99,0.27,0.18,10.37,1.99,0.00,0.13,113.48,
TCPUDP,T0023,45.27,43.74,9.84,7.60,
FILE,T0023,0.90,3437.57,0.00,892648.12,22877.16,
JFSFILE,T0023,15.22,70.96,77.01,74.07,3.90,44.18,
JFSINODE,T0023,3.03,9.36,19.58,4.36,0.02,2.25,
LPAR,T0023,0.18,3.00,12.00,64.00,2.00,128.00,55.66,0.28,0.28,1.00,
ZZZZ,T0024,02:03:34,28-Sep-2019,,
CPU_ALL,T0024,21.66,5.75,0.13,72.46,12.00,
CPU011,T0024,20.09,5.14,0.03,74.74,
CPU010,T0024,20.49,4.87,0.02,74.62,
CPU09,T0024,26.78,5.39,0.11,67.72,
CPU08,T0024,29.71,35.43,0.11,34.74,
CPU07,T0024,19.41,5.34,0.02,75.23,
CPU06,T0024,20.48,4.93,0.03,74.55,
CPU05,T0024,26.52,5.91,0.19,67.39,
CPU04,T0024,30.09,33.85,0.16,35.91,
CPU03,T0024,17.53,4.74,0.03,77.70,
CPU02,T0024,20.06,4.45,0.06,75.44,
CPU01,T0024,29.31,10.03,0.23,60.44,
CPU00,T0024,58.66,35.54,0.12,5.68,
DISKBUSY,T0024,4.80,1.80,0.00,
DISKREAD,T0024,6463.52,12361.57,0.00,
DISKWRITE,T0024,11.44,59.27,0.00,
DISKXFER,T0024,148.82,298.87,0.00,
DISKSERV,T0024,0.00,0.00,0.00,
DISKWAIT,T0024,0.00,0.00,0.00,
MEMREAL,T0024,9437184.00,28798.20,15.45,48.55,51.15,49.94,
MEMVIRT,T0024,2097152.00,99.39,0.61,2367.14,2.53,0.00,0.00,1964.90,2524.30,2287.88,
PROC,T0024,8.50,0.20,10560.53,39797.41,1127.65,155.97,12.20,11.51,80.20,11.60,123.60,
LAN,T0024,153.86,18794.18,0.19,61.91,153.52,0.27,181.27,892.33,0.75,176.71,1115.97,3.29,0.00,0.00,0.00,
IP,T0024,513.07,1115.85,3.29,176.71,513.06,892.29,0.75,181.27,149.70,138.23,0.22,59.49,149.69,11803.72,0.19,153.85,
TCPUDP,T0024,1576.17,1795.11,10.39,7.88,
FILE,T0024,1.00,6317.74,0.00,8406165.00,21964.57,
JFSFILE,T0024,15.22,70.96,77.01,74.07,3.90,44.18,
JFSINODE,T0024,3.03,9.36,19.58,4.36,0.02,2.25,
LPAR,T0024,0.77,3.00,12.00,64.00,2.00,128.00,52.52,1.21,1.21,1.00,
ZZZZ,T0025,02:08:34,28-Sep-2019,,
CPU_ALL,T0025,3.44,2.83,0.02,93.72,12.00,
CPU011,T0025,0.00,0.98,0.00,99.02,
CPU010,T0025,0.00,0.98,0.00,99.02,
CPU09,T0025,0.00,1.14,0.00,98.86,
CPU08,T0025,3.03,53.63,0.00,43.33,
CPU07,T0025,0.00,0.90,0.00,99.10,
CPU06,T0025,0.00,0.92,0.00,99.08,
CPU05,T0025,0.00,1.05,0.00,98.95,
CPU04,T0025,16.59,44.38,0.00,39.03,
CPU03,T0025,1.86,1.97,0.00,96.17,
CPU02,T0025,1.38,2.91,0.00,95.71,
CPU01,T0025,11.18,9.60,0.02,79.20,
CPU00,T0025,52.07,44.22,0.03,3.69,
DISKBUSY,T0025,0.00,0.00,0.00,
DISKREAD,T0025,7.04,7.07,0.00,
DISKWRITE,T0025,11.49,67.51,0.00,
DISKXFER,T0025,1.30,7.16,0.00,
DISKSERV,T0025,0.00,0.00,0.00,
DISKWAIT,T0025,0.00,0.00,0.00,
MEMREAL,T0025,9437184.00,20953.00,15.45,48.52,51.26,49.16,
MEMVIRT,T0025,2097152.00,99.39,0.61,0.76,21.64,0.00,0.00,4.78,2302.42,0.00,
PROC,T0025,11.09,0.20,5291.67,14734.76,550.09,218.92,12.17,11.49,52.00,3.00,122.80,
LAN,T0025,236.76,0.00,0.13,163.82,0.34,0.19,231.79,0.05,0.71,232.81,3.87,2.17,0.00,0.00,0.00,
IP,T0025,10.15,3.75,2.17,232.81,10.15,0.05,0.71,231.78,2.10,0.26,0.17,160.64,2.11,0.01,0.13,236.76,
TCPUDP,T0025,231.08,236.63,10.38,7.65,
FILE,T0025,1.12,3186.54,0.00,862741.69,101040.14,
JFSFILE,T0025,15.22,70.96,77.01,74.08,3.90,44.17,
JFSINODE,T0025,3.03,9.36,19.58,4.36,0.02,2.25,
LPAR,T0025,0.22,3.00,12.00,64.00,2.00,128.00,54.05,0.35,0.35,1.00,
ZZZZ,T0026,02:13:34,28-Sep-2019,,
CPU_ALL,T0026,2.78,2.72,0.01,94.49,12.00,
CPU011,T0026,0.00,1.08,0.00,98.92,
CPU010,T0026,0.00,1.10,0.00,98.90,
CPU09,T0026,0.00,1.12,0.00,98.88,
CPU08,T0026,0.00,52.29,0.00,47.71,
CPU07,T0026,0.00,1.06,0.00,98.94,
CPU06,T0026,0.00,1.14,0.00,98.86,
CPU05,T0026,0.00,1.36,0.00,98.64,
CPU04,T0026,0.00,51.12,0.00,48.88,
CPU03,T0026,1.32,1.25,0.00,97.42,
CPU02,T0026,1.55,1.37,0.00,97.08,
CPU01,T0026,7.37,9.54,0.01,83.08,
CPU00,T0026,49.36,47.31,0.02,3.31,
DISKBUSY,T0026,0.00,0.00,0.00,
DISKREAD,T0026,14.16,14.03,0.00,
DISKWRITE,T0026,15.79,54.88,0.00,
DISKXFER,T0026,1.77,6.10,0.00,
DISKSERV,T0026,0.00,0.00,0.00,
DISKWAIT,T0026,0.00,0.00,0.00,
MEMREAL,T0026,9437184.00,21479.00,15.45,48.52,51.25,49.15,
MEMVIRT,T0026,2097152.00,99.40,0.60,0.46,14.15,0.00,0.00,3.66,2211.15,0.00,
PROC,T0026,10.43,0.20,5085.23,14763.75,540.32,149.48,12.17,11.47,35.60,2.00,123.00,
LAN,T0026,187.10,0.00,0.13,82.71,0.36,0.31,142.16,0.06,0.64,141.89,4.18,4.23,0.00,0.00,0.00,
IP,T0026,9.75,4.06,4.23,141.89,9.75,0.06,0.64,142.16,2.03,0.27,0.25,80.77,2.02,0.00,0.13,187.10,
TCPUDP,T0026,141.02,145.09,10.49,7.66,
FILE,T0026,1.14,3312.67,0.00,819210.75,73004.33,
JFSFILE,T0026,15.22,70.96,77.01,74.08,3.90,44.14,
JFSINODE,T0026,3.03,9.36,19.58,4.36,0.02,2.25,
LPAR,T0026,0.19,3.00,12.00,64.00,2.00,128.00,55.22,0.30,0.30,1.00,
ZZZZ,T0027,02:18:34,28-Sep-2019,,
CPU_ALL,T0027,2.72,2.64,0.00,94.64,12.00,
CPU011,T0027,0.00,1.32,0.00,98.68,
CPU010,T0027,0.00,1.32,0.00,98.68,
CPU09,T0027,0.00,1.46,0.00,98.54,
CPU08,T0027,0.00,47.98,0.00,52.02,
CPU07,T0027,0.00,1.49,0.00,98.51,
CPU06,T0027,0.00,1.56,0.00,98.44,
CPU05,T0027,0.00,1.60,0.00,98.40,
CPU04,T0027,0.00,46.86,0.00,53.14,
CPU03,T0027,0.65,1.25,0.00,98.10,
CPU02,T0027,0.53,0.94,0.00,98.53,
CPU01,T0027,9.47,11.41,0.09,79.03,
CPU00,T0027,49.65,46.86,0.01,3.48,
DISKBUSY,T0027,0.00,0.00,0.00,
DISKREAD,T0027,7.12,7.02,0.00,
DISKWRITE,T0027,15.04,59.07,0.00,
DISKXFER,T0027,1.63,6.17,0.00,
DISKSERV,T0027,0.00,0.00,0.00,
DISKWAIT,T0027,0.00,0.00,0.00,
MEMREAL,T0027,9437184.00,21333.40,15.45,48.52,51.26,49.15,
MEMVIRT,T0027,2097152.00,99.40,0.60,0.01,2.54,0.00,0.00,2.51,2250.42,0.00,
PROC,T0027,7.76,0.00,5226.48,14831.15,523.09,209.28,12.15,11.47,35.60,2.00,123.00,
LAN,T0027,123.60,0.00,0.12,22.83,0.34,0.21,101.02,0.04,0.62,95.26,3.82,2.41,0.00,0.00,0.00,
IP,T0027,10.27,3.70,2.41,95.26,10.27,0.04,0.62,101.02,2.02,0.26,0.17,21.53,2.02,0.00,0.12,123.60,
TCPUDP,T0027,100.55,99.18,10.30,7.70,
FILE,T0027,1.08,3183.66,0.00,763320.62,22189.11,
JFSFILE,T0027,15.22,70.96,77.01,74.08,3.90,44.15,
JFSINODE,T0027,3.03,9.36,19.58,4.36,0.02,2.25,
LPAR,T0027,0.19,3.00,12.00,64.00,2.00,128.00,54.71,0.30,0.30,1.00,
ZZZZ,T0028,02:23:34,28-Sep-2019,,
CPU_ALL,T0028,2.63,2.70,0.00,94.66,12.00,
CPU011,T0028,0.00,1.42,0.00,98.58,
CPU010,T0028,0.00,1.39,0.00,98.61,
CPU09,T0028,0.00,1.60,0.00,98.40,
CPU08,T0028,0.00,48.28,0.00,51.72,
CPU07,T0028,0.00,1.54,0.00,98.46,
CPU06,T0028,0.00,1.61,0.00,98.39,
CPU05,T0028,0.00,1.80,0.00,98.20,
CPU04,T0028,0.00,45.87,0.00,54.13,
CPU03,T0028,0.63,1.35,0.00,98.02,
CPU02,T0028,0.86,1.53,0.00,97.61,
CPU01,T0028,7.17,10.45,0.02,82.35,
CPU00,T0028,48.41,48.16,0.01,3.43,
DISKBUSY,T0028,0.00,0.00,0.00,
DISKREAD,T0028,14.24,14.03,0.00,
DISKWRITE,T0028,12.67,55.23,0.00,
DISKXFER,T0028,1.47,6.21,0.00,
DISKSERV,T0028,0.00,0.00,0.00,
DISKWAIT,T0028,0.00,0.00,0.00,
MEMREAL,T0028,9437184.00,21211.00,15.45,48.52,51.26,49.15,
MEMVIRT,T0028,2097152.00,99.40,0.60,0.35,2.29,0.00,0.00,2.32,2221.10,0.00,
PROC,T0028,10.72,0.00,5317.28,15544.96,551.90,102.96,12.16,11.47,43.60,2.20,123.00,
LAN,T0028,127.81,0.01,0.14,25.98,0.35,0.21,117.80,0.05,0.79,112.03,4.15,2.33,0.00,0.00,0.00,
IP,T0028,10.44,4.04,2.33,112.03,10.44,0.05,0.79,117.80,2.08,0.27,0.17,24.44,2.08,0.01,0.14,127.81,
TCPUDP,T0028,117.56,116.15,10.07,7.62,
FILE,T0028,1.00,3387.01,0.00,862122.38,21429.47,
JFSFILE,T0028,15.22,70.96,77.01,74.08,3.90,44.15,
JFSINODE,T0028,3.03,9.36,19.58,4.36,0.02,2.25,
LPAR,T0028,0.19,3.00,12.00,64.00,2.00,128.00,55.22,0.29,0.29,1.00,
ZZZZ,T0029,02:28:34,28-Sep-2019,,
CPU_ALL,T0029,3.30,3.22,0.01,93.47,12.00,
CPU011,T0029,0.00,0.34,0.00,99.66,
CPU010,T0029,0.00,0.34,0.00,99.66,
CPU09,T0029,0.00,0.35,0.00,99.65,
CPU08,T0029,0.00,57.10,0.00,42.90,
CPU07,T0029,0.00,0.32,0.00,99.68,
CPU06,T0029,0.00,0.34,0.00,99.66,
CPU05,T0029,0.00,0.40,0.00,99.60,
