CPU_ALL,CPU Total ,User%,Sys%,Wait%,Idle%,CPUs,
CPU011,CPU Total ,User%,Sys%,Wait%,Idle%,
CPU010,CPU Total ,User%,Sys%,Wait%,Idle%,
CPU09,CPU Total ,User%,Sys%,Wait%,Idle%,
CPU08,CPU Total ,User%,Sys%,Wait%,Idle%,
CPU07,CPU Total ,User%,Sys%,Wait%,Idle%,
CPU06,CPU Total ,User%,Sys%,Wait%,Idle%,
CPU05,CPU Total ,User%,Sys%,Wait%,Idle%,
CPU04,CPU Total ,User%,Sys%,Wait%,Idle%,
CPU03,CPU Total ,User%,Sys%,Wait%,Idle%,
CPU02,CPU Total ,User%,Sys%,Wait%,Idle%,
CPU01,CPU Total ,User%,Sys%,Wait%,Idle%,
CPU00,CPU Total ,User%,Sys%,Wait%,Idle%,
DISKBUSY,Disk %Busy ,hdisk1,hdisk99,hdisk0,
DISKREAD,Disk Read 512 bytes per sec ,hdisk1,hdisk99,hdisk0,
DISKWRITE,Disk Write 512 bytes per sec ,hdisk1,hdisk99,hdisk0,
DISKXFER,Disk transfers per second ,hdisk1,hdisk99,hdisk0,
DISKSERV,Disk Avg service time/transfer ,hdisk1,hdisk99,hdisk0,
DISKWAIT,Average wait queue time for read/write transfers,hdisk1,hdisk99,hdisk0,
MEMREAL,Real Memory Statistics,Size 4k pages,free frames 4k,%pinned,%comp,%noncomp,%client,
MEMVIRT,PgSp / Virtual Memory Statistics,PageSpace,%free,%used,pagein,pageout,pgspgin,pgspgout,sio,totfaults,steal,
PROC,Processes ,Runnable,Swap-in,pswitch,syscall,read,write,fork,exec,loadavg,utilavg,numprocs,
LAN,LAN Interfaces Statistics,ent0/kbytesout,ent2/kbytesout,ent1/kbytesout,ent0/kbytesin,ent2/kbytesin,ent1/kbytesin,ent0/framesout,ent2/framesout,ent1/framesout,ent0/framesin,ent2/framesin,ent1/framesin,ent0/recvdrops,ent2/recvdrops,ent1/recvdrops,
IP,IP Statistics for network interface,lo0/ipacket,en2/ipacket,en1/ipacket,en0/ipacket,lo0/opacket,en2/opacket,en1/opacket,en0/opacket,lo0/ioctet_kb,en2/ioctet_kb,en1/ioctet_kb,en0/ioctet_kb,lo0/ooctet_kb,en2/ooctet_kb,en1/ooctet_kb,en0/ooctet_kb,
TCPUDP,IP Protocol statistics,TCPSendTot,TCPRcvTot,UDPSnddgrm,UDPRcvdgrm,
FILE,File I/O ,iget,namei,dirblk,readch,writech,
JFSFILE,JFS Filespace %Used,/,/home,/usr,/var,/tmp,/opt,
JFSINODE,JFS Inode %Used,/,/home,/usr,/var,/tmp,opt,
LPAR,LPAR Stats,PhysicalCPU,VirtualCPUs,LogicalCPUs,poolCPUS,entitled,weight,poolIdle,UsedAllCPU%,UsedPoolCPU%,SharedCPU,
ZZZZ,T0001,00:08:13,26-Sep-2019,,
CPU_ALL,T0001,11.21,4.51,0.09,84.19,12.00,
CPU011,T0001,0.00,0.67,0.00,99.33,
CPU010,T0001,0.00,0.69,0.00,99.31,
CPU09,T0001,0.00,0.85,0.00,99.15,
CPU08,T0001,19.47,48.35,0.01,32.17,
CPU07,T0001,0.00,0.81,0.00,99.19,
CPU06,T0001,0.00,0.84,0.00,99.16,
CPU05,T0001,0.00,0.91,0.00,99.09,
CPU04,T0001,19.98,48.72,0.05,31.25,
CPU03,T0001,0.66,2.23,0.02,97.09,
CPU02,T0001,0.76,2.35,0.01,96.88,
CPU01,T0001,13.24,8.09,0.05,78.62,
CPU00,T0001,71.30,25.58,0.08,3.04,
DISKBUSY,T0001,0.00,0.00,0.00,
DISKREAD,T0001,14.03,14.03,0.00,
DISKWRITE,T0001,58.02,69.10,0.00,
DISKXFER,T0001,6.34,7.45,0.00,
DISKSERV,T0001,0.00,0.00,0.00,
DISKWAIT,T0001,0.00,0.00,0.00,
MEMREAL,T0001,9437184.00,34546.20,15.43,47.91,51.72,49.64,
MEMVIRT,T0001,2097152.00,99.40,0.60,34.50,11.35,0.00,0.00,26.64,2350.46,0.00,
PROC,T0001,10.00,0.80,8288.29,18574.74,728.14,233.84,12.18,11.52,66.80,7.40,123.00,
LAN,T0001,917.54,0.01,0.14,944.33,0.35,0.20,1797.72,0.05,0.83,1817.45,3.99,2.21,0.00,0.00,0.00,
IP,T0001,9.65,3.87,2.21,1817.45,9.65,0.05,0.83,1797.70,1.88,0.27,0.17,919.49,1.89,0.01,0.14,917.41,
TCPUDP,T0001,1796.05,1820.77,10.58,7.70,
FILE,T0001,1.15,3281.15,0.00,923948.06,36693.46,
JFSFILE,T0001,15.20,71.02,77.01,73.96,3.90,44.45,
JFSINODE,T0001,3.03,9.37,19.58,4.35,0.02,2.26,
LPAR,T0001,0.56,3.00,12.00,64.00,2.00,128.00,47.57,0.87,0.87,1.00,
ZZZZ,T0002,00:13:13,26-Sep-2019,,
CPU_ALL,T0002,20.77,6.07,0.06,73.09,12.00,
CPU011,T0002,0.10,1.48,0.00,98.42,
CPU010,T0002,0.12,1.52,0.00,98.36,
CPU09,T0002,8.16,2.80,0.01,89.03,
CPU08,T0002,43.57,36.02,0.02,20.39,
CPU07,T0002,0.13,1.70,0.00,98.18,
CPU06,T0002,0.12,1.71,0.00,98.17,
CPU05,T0002,15.24,4.01,0.03,80.73,
CPU04,T0002,46.48,35.10,0.04,18.38,
CPU03,T0002,0.47,2.21,0.00,97.32,
CPU02,T0002,0.34,2.23,0.00,97.42,
CPU01,T0002,24.10,8.06,0.05,67.80,
CPU00,T0002,74.62,21.88,0.06,3.43,
DISKBUSY,T0002,0.00,1.00,0.00,
DISKREAD,T0002,7.02,10586.18,0.00,
DISKWRITE,T0002,58.18,54.96,0.00,
DISKXFER,T0002,6.41,135.05,0.00,
DISKSERV,T0002,0.00,0.00,0.00,
DISKWAIT,T0002,0.00,0.00,0.00,
MEMREAL,T0002,9437184.00,19383.80,15.43,47.91,51.88,49.86,
MEMVIRT,T0002,2097152.00,99.40,0.60,1350.87,15.69,0.00,0.00,1348.08,2276.02,1274.44,
PROC,T0002,8.21,0.40,10148.15,26021.20,2349.87,2326.87,12.18,11.47,77.00,11.20,123.80,
LAN,T0002,13142.35,0.01,0.14,1262.84,0.35,0.28,2351.36,0.07,0.79,3709.58,4.09,3.59,0.00,0.00,0.00,
IP,T0002,10.10,3.97,3.59,3709.58,10.10,0.07,0.79,2351.29,2.06,0.27,0.23,985.83,2.06,0.01,0.14,6152.39,
TCPUDP,T0002,2350.56,3713.35,10.34,7.73,
FILE,T0002,1.01,3372.89,0.00,4143263.50,3328818.75,
JFSFILE,T0002,15.20,71.02,77.01,73.96,3.90,44.43,
JFSINODE,T0002,3.03,9.37,19.58,4.35,0.02,2.26,
LPAR,T0002,0.93,3.00,12.00,64.00,2.00,128.00,47.03,1.45,1.45,1.00,
ZZZZ,T0003,00:18:13,26-Sep-2019,,
CPU_ALL,T0003,22.41,5.82,0.04,71.73,12.00,
CPU011,T0003,0.00,0.73,0.00,99.27,
CPU010,T0003,0.00,0.71,0.00,99.29,
CPU09,T0003,0.11,0.96,0.00,98.93,
CPU08,T0003,24.41,44.48,0.01,31.10,
CPU07,T0003,0.03,1.43,0.00,98.54,
CPU06,T0003,0.02,1.54,0.00,98.44,
CPU05,T0003,15.19,3.55,0.02,81.24,
CPU04,T0003,43.88,34.60,0.02,21.50,
CPU03,T0003,0.30,2.38,0.00,97.32,
CPU02,T0003,0.38,2.36,0.00,97.26,
CPU01,T0003,24.00,7.65,0.07,68.29,
CPU00,T0003,76.13,20.36,0.05,3.47,
DISKBUSY,T0003,0.00,0.00,0.00,
DISKREAD,T0003,14.03,14.03,0.00,
DISKWRITE,T0003,58.69,56.99,0.00,
DISKXFER,T0003,6.47,6.11,0.00,
DISKSERV,T0003,0.00,0.00,0.00,
DISKWAIT,T0003,0.00,0.00,0.00,
MEMREAL,T0003,9437184.00,10437.20,15.43,47.90,51.99,50.10,
MEMVIRT,T0003,2097152.00,99.40,0.60,24.37,8.17,0.00,0.00,21.80,2316.99,27.98,
PROC,T0003,7.53,0.60,10512.30,28728.75,2779.12,2818.01,12.16,11.49,78.40,11.20,123.40,
LAN,T0003,16237.69,0.00,0.13,1271.42,0.38,0.28,2507.17,0.06,0.69,4210.42,4.11,3.71,0.00,0.00,0.00,
IP,T0003,9.85,3.99,3.71,4210.42,9.85,0.06,0.69,2507.12,1.94,0.29,0.23,1213.86,1.94,0.00,0.13,9248.19,
TCPUDP,T0003,2506.67,4213.98,9.74,7.88,
FILE,T0003,0.88,3499.15,0.00,3402979.25,2443150.50,
JFSFILE,T0003,15.20,71.02,77.01,73.96,3.90,44.44,
JFSINODE,T0003,3.03,9.37,19.58,4.35,0.02,2.26,
LPAR,T0003,0.98,3.00,12.00,64.00,2.00,128.00,48.37,1.53,1.53,1.00,
ZZZZ,T0004,00:23:13,26-Sep-2019,,
CPU_ALL,T0004,12.46,4.58,0.10,82.87,12.00,
CPU011,T0004,0.00,0.49,0.00,99.51,
CPU010,T0004,0.00,0.51,0.00,99.49,
CPU09,T0004,0.00,0.57,0.00,99.43,
CPU08,T0004,12.82,51.18,0.01,35.99,
CPU07,T0004,0.00,0.52,0.00,99.48,
CPU06,T0004,0.00,0.55,0.00,99.45,
CPU05,T0004,0.00,0.60,0.00,99.40,
CPU04,T0004,11.67,51.98,0.01,36.34,
CPU03,T0004,0.64,2.15,0.00,97.21,
CPU02,T0004,0.41,2.20,0.00,97.38,
CPU01,T0004,14.12,7.85,0.09,77.95,
CPU00,T0004,73.38,23.83,0.07,2.72,
DISKBUSY,T0004,0.00,0.00,0.00,
DISKREAD,T0004,7.02,7.02,0.00,
DISKWRITE,T0004,54.26,58.31,0.00,
DISKXFER,T0004,5.93,6.56,0.00,
DISKSERV,T0004,0.00,0.00,0.00,
DISKWAIT,T0004,0.00,0.00,0.00,
MEMREAL,T0004,9437184.00,9946.00,15.43,47.89,52.00,50.11,
MEMVIRT,T0004,2097152.00,99.40,0.60,21.91,7.86,0.00,0.01,20.46,2226.45,16.41,
PROC,T0004,11.36,1.00,8507.99,18890.50,705.04,209.37,12.13,11.42,72.00,8.00,123.20,
LAN,T0004,1008.45,0.01,0.13,1040.14,0.36,0.31,1989.03,0.06,0.68,2006.28,4.14,4.28,0.00,0.00,0.00,
IP,T0004,9.97,4.02,4.28,2006.28,9.97,0.06,0.68,1988.99,2.08,0.28,0.25,1012.71,2.08,0.01,0.13,1008.31,
TCPUDP,T0004,1988.19,2009.72,10.21,7.85,
FILE,T0004,1.01,3246.64,0.00,844257.62,24308.86,
JFSFILE,T0004,15.20,71.02,77.01,73.97,3.90,44.44,
JFSINODE,T0004,3.03,9.37,19.58,4.35,0.02,2.26,
LPAR,T0004,0.60,3.00,12.00,64.00,2.00,128.00,47.74,0.94,0.94,1.00,
ZZZZ,T0005,00:28:13,26-Sep-2019,,
CPU_ALL,T0005,8.91,3.69,0.11,87.30,12.00,
CPU011,T0005,0.00,0.35,0.00,99.65,
CPU010,T0005,0.00,0.36,0.00,99.64,
CPU09,T0005,0.00,0.39,0.00,99.61,
CPU08,T0005,0.00,57.85,0.00,42.15,
CPU07,T0005,0.00,0.34,0.00,99.66,
CPU06,T0005,0.00,0.36,0.00,99.64,
CPU05,T0005,0.00,0.38,0.00,99.62,
CPU04,T0005,0.00,57.51,0.00,42.49,
CPU03,T0005,0.50,1.57,0.00,97.93,
CPU02,T0005,0.38,1.37,0.00,98.26,
CPU01,T0005,11.14,7.03,0.03,81.79,
CPU00,T0005,70.36,27.20,0.07,2.38,
DISKBUSY,T0005,0.00,0.00,0.00,
DISKREAD,T0005,14.03,14.40,0.00,
DISKWRITE,T0005,57.86,55.55,0.00,
DISKXFER,T0005,6.54,5.95,0.00,
DISKSERV,T0005,0.00,0.00,0.00,
DISKWAIT,T0005,0.00,0.00,0.00,
MEMREAL,T0005,9437184.00,10140.00,15.43,47.88,52.01,50.12,
MEMVIRT,T0005,2097152.00,99.40,0.60,21.30,8.14,0.00,0.01,21.31,2306.63,18.05,
PROC,T0005,9.55,0.40,6488.98,17615.41,758.98,101.05,12.17,11.50,54.60,5.60,123.00,
LAN,T0005,503.25,0.00,0.13,547.47,0.36,0.19,763.25,0.05,0.63,778.51,4.00,2.21,0.00,0.00,0.00,
IP,T0005,9.83,3.89,2.21,778.51,9.83,0.05,0.63,763.25,1.90,0.28,0.16,536.82,1.90,0.00,0.13,503.25,
TCPUDP,T0005,762.39,782.05,9.73,7.76,
FILE,T0005,0.85,3523.10,0.00,1004733.19,21816.95,
JFSFILE,T0005,15.20,71.02,77.01,73.97,3.90,44.44,
JFSINODE,T0005,3.03,9.37,19.58,4.35,0.02,2.26,
LPAR,T0005,0.44,3.00,12.00,64.00,2.00,128.00,48.04,0.69,0.69,1.00,
ZZZZ,T0006,00:33:13,26-Sep-2019,,
CPU_ALL,T0006,8.16,3.57,0.12,88.14,12.00,
CPU011,T0006,0.00,0.40,0.00,99.60,
CPU010,T0006,0.00,0.39,0.00,99.61,
CPU09,T0006,0.00,0.43,0.00,99.57,
CPU08,T0006,0.00,57.91,0.00,42.09,
CPU07,T0006,0.00,0.37,0.00,99.63,
CPU06,T0006,0.00,0.39,0.00,99.61,
CPU05,T0006,0.00,0.42,0.00,99.58,
CPU04,T0006,0.00,57.71,0.00,42.29,
CPU03,T0006,0.64,1.49,0.00,97.87,
CPU02,T0006,0.74,1.54,0.00,97.72,
CPU01,T0006,8.74,7.29,0.10,83.87,
CPU00,T0006,69.48,28.11,0.07,2.34,
DISKBUSY,T0006,0.00,0.00,0.00,
DISKREAD,T0006,7.02,7.28,0.00,
DISKWRITE,T0006,57.51,51.44,0.00,
DISKXFER,T0006,6.44,5.61,0.00,
DISKSERV,T0006,0.00,0.00,0.00,
DISKWAIT,T0006,0.00,0.00,0.00,
MEMREAL,T0006,9437184.00,10182.20,15.43,47.87,52.03,50.14,
MEMVIRT,T0006,2097152.00,99.40,0.60,21.06,7.86,0.00,0.00,19.79,2220.09,14.47,
PROC,T0006,11.42,1.00,6330.73,17284.70,738.49,108.80,12.15,11.45,58.00,5.00,122.60,
LAN,T0006,433.95,0.01,0.13,482.04,0.33,0.22,603.52,0.07,0.64,617.31,3.92,2.69,0.00,0.00,0.00,
IP,T0006,10.10,3.80,2.69,617.31,10.10,0.07,0.64,603.52,1.98,0.25,0.19,473.60,1.98,0.01,0.13,433.93,
TCPUDP,T0006,602.70,621.09,9.93,7.63,
FILE,T0006,0.91,3406.03,0.00,927847.12,22585.27,
JFSFILE,T0006,15.20,71.02,77.01,73.97,3.90,44.45,
JFSINODE,T0006,3.03,9.37,19.58,4.35,0.02,2.26,
LPAR,T0006,0.41,3.00,12.00,64.00,2.00,128.00,44.75,0.64,0.64,1.00,
ZZZZ,T0007,00:38:13,26-Sep-2019,,
CPU_ALL,T0007,8.33,3.53,0.12,88.02,12.00,
CPU011,T0007,0.00,0.37,0.00,99.63,
CPU010,T0007,0.00,0.37,0.00,99.63,
CPU09,T0007,0.00,0.40,0.00,99.60,
CPU08,T0007,15.32,49.23,0.00,35.45,
CPU07,T0007,0.00,0.51,0.00,99.49,
CPU06,T0007,0.00,0.52,0.00,99.48,
CPU05,T0007,0.00,0.58,0.00,99.42,
CPU04,T0007,11.57,52.13,0.01,36.30,
CPU03,T0007,0.33,1.66,0.00,98.02,
CPU02,T0007,0.89,1.50,0.00,97.60,
CPU01,T0007,10.81,6.87,0.05,82.27,
CPU00,T0007,69.77,27.78,0.07,2.39,
DISKBUSY,T0007,0.00,0.00,0.00,
DISKREAD,T0007,14.03,14.16,0.00,
DISKWRITE,T0007,57.54,63.54,0.00,
DISKXFER,T0007,6.46,6.77,0.00,
DISKSERV,T0007,0.00,0.00,0.00,
DISKWAIT,T0007,0.00,0.00,0.00,
MEMREAL,T0007,9437184.00,10031.20,15.43,47.86,52.04,50.15,
MEMVIRT,T0007,2097152.00,99.40,0.60,15.88,8.39,0.00,0.00,19.10,2329.56,14.39,
PROC,T0007,8.51,0.60,6331.22,16657.22,735.07,208.93,12.17,11.50,48.40,5.00,123.00,
LAN,T0007,425.41,0.00,0.14,463.33,0.35,0.50,579.91,0.04,0.79,592.64,3.94,7.51,0.00,0.00,0.00,
IP,T0007,10.40,3.83,7.51,592.64,10.40,0.04,0.79,579.91,2.15,0.27,0.40,455.23,2.15,0.00,0.14,425.41,
TCPUDP,T0007,579.23,596.73,10.09,7.74,
FILE,T0007,0.99,3238.15,0.00,954694.06,23290.13,
JFSFILE,T0007,15.20,71.02,77.01,73.98,3.90,44.45,
JFSINODE,T0007,3.03,9.37,19.58,4.35,0.02,2.26,
LPAR,T0007,0.41,3.00,12.00,64.00,2.00,128.00,47.18,0.65,0.65,1.00,
ZZZZ,T0008,00:43:13,26-Sep-2019,,
CPU_ALL,T0008,8.10,3.70,0.09,88.11,12.00,
CPU011,T0008,0.00,0.38,0.00,99.62,
CPU010,T0008,0.00,0.39,0.00,99.61,
CPU09,T0008,0.00,0.42,0.00,99.58,
CPU08,T0008,0.00,57.86,0.00,42.14,
CPU07,T0008,0.00,0.37,0.00,99.63,
CPU06,T0008,0.00,0.38,0.00,99.62,
CPU05,T0008,0.00,0.39,0.00,99.61,
CPU04,T0008,0.00,57.61,0.00,42.39,
CPU03,T0008,0.57,1.51,0.00,97.92,
CPU02,T0008,0.71,1.61,0.00,97.67,
CPU01,T0008,7.34,7.02,0.03,85.62,
CPU00,T0008,68.62,29.09,0.06,2.24,
DISKBUSY,T0008,0.00,0.00,0.00,
DISKREAD,T0008,7.02,7.02,0.00,
DISKWRITE,T0008,55.62,56.58,0.00,
DISKXFER,T0008,6.18,6.25,0.00,
DISKSERV,T0008,0.00,0.00,0.00,
DISKWAIT,T0008,0.00,0.00,0.00,
MEMREAL,T0008,9437184.00,9347.40,15.43,47.86,52.04,50.16,
MEMVIRT,T0008,2097152.00,99.40,0.60,33.54,11.38,0.00,0.01,19.38,2212.28,12.47,
PROC,T0008,10.04,0.60,6350.54,17276.37,731.90,104.11,12.13,11.42,57.40,5.40,123.20,
LAN,T0008,464.88,0.00,0.14,484.70,0.34,0.24,616.31,0.06,0.79,634.62,3.93,2.86,0.00,0.00,0.00,
IP,T0008,10.24,3.82,2.86,634.62,10.24,0.06,0.79,616.31,2.03,0.26,0.20,476.03,2.03,0.00,0.14,464.88,
TCPUDP,T0008,615.20,638.43,10.32,7.65,
FILE,T0008,1.08,3476.89,0.00,920181.38,41159.51,
JFSFILE,T0008,15.20,71.02,77.01,73.98,3.90,44.46,
JFSINODE,T0008,3.03,9.37,19.58,4.35,0.02,2.26,
LPAR,T0008,0.41,3.00,12.00,64.00,2.00,128.00,49.41,0.64,0.64,1.00,
ZZZZ,T0009,00:48:13,26-Sep-2019,,
CPU_ALL,T0009,8.45,3.64,0.08,87.82,12.00,
CPU011,T0009,0.00,0.41,0.00,99.59,
CPU010,T0009,0.00,0.40,0.00,99.60,
CPU09,T0009,0.00,0.44,0.00,99.56,
CPU08,T0009,0.00,57.92,0.00,42.08,
CPU07,T0009,0.00,0.40,0.00,99.60,
CPU06,T0009,0.00,0.42,0.00,99.58,
CPU05,T0009,0.00,0.44,0.00,99.56,
CPU04,T0009,0.00,57.62,0.00,42.38,
CPU03,T0009,0.57,1.31,0.00,98.12,
CPU02,T0009,0.91,1.48,0.00,97.60,
CPU01,T0009,9.26,7.36,0.03,83.35,
CPU00,T0009,69.74,27.96,0.06,2.24,
DISKBUSY,T0009,0.00,0.00,0.00,
DISKREAD,T0009,7.02,7.58,0.00,
DISKWRITE,T0009,59.19,60.45,0.00,
DISKXFER,T0009,6.61,6.48,0.00,
DISKSERV,T0009,0.00,0.00,0.00,
DISKWAIT,T0009,0.00,0.00,0.00,
MEMREAL,T0009,9437184.00,9789.20,15.43,47.86,52.04,50.15,
MEMVIRT,T0009,2097152.00,99.40,0.60,40.37,13.03,0.00,0.00,21.31,2281.20,18.32,
PROC,T0009,9.79,0.60,6331.60,17669.98,776.05,117.29,12.16,11.48,56.60,5.60,123.00,
LAN,T0009,471.28,0.01,0.14,511.70,0.35,0.19,599.25,0.06,0.74,623.30,4.00,2.16,0.00,0.00,0.00,
IP,T0009,10.57,3.88,2.16,623.30,10.57,0.06,0.74,599.25,2.18,0.27,0.17,503.17,2.18,0.01,0.14,471.28,
TCPUDP,T0009,598.55,627.43,10.23,7.82,
FILE,T0009,1.10,3470.51,0.00,1032268.69,51146.41,
JFSFILE,T0009,15.20,71.02,77.01,73.98,3.90,44.46,
JFSINODE,T0009,3.03,9.37,19.58,4.35,0.02,2.26,
LPAR,T0009,0.42,3.00,12.00,64.00,2.00,128.00,48.84,0.66,0.66,1.00,
ZZZZ,T0010,00:53:13,26-Sep-2019,,
CPU_ALL,T0010,8.60,3.52,0.11,87.76,12.00,
CPU011,T0010,0.00,0.54,0.00,99.46,
CPU010,T0010,0.00,0.38,0.00,99.62,
CPU09,T0010,0.00,0.57,0.00,99.43,
CPU08,T0010,0.00,57.76,0.00,42.24,
CPU07,T0010,0.00,0.68,0.00,99.32,
CPU06,T0010,0.00,0.41,0.00,99.59,
CPU05,T0010,0.00,0.80,0.00,99.20,
CPU04,T0010,0.00,57.31,0.00,42.69,
CPU03,T0010,0.62,2.01,0.01,97.36,
CPU02,T0010,0.56,1.47,0.02,97.96,
CPU01,T0010,8.32,5.92,0.03,85.74,
CPU00,T0010,70.83,26.95,0.06,2.16,
DISKBUSY,T0010,0.00,0.00,0.00,
DISKREAD,T0010,7.02,7.07,0.00,
DISKWRITE,T0010,61.65,59.85,0.00,
DISKXFER,T0010,6.86,6.52,0.00,
DISKSERV,T0010,0.00,0.00,0.00,
DISKWAIT,T0010,0.00,0.00,0.00,
MEMREAL,T0010,9437184.00,9709.60,15.43,47.86,52.04,50.16,
MEMVIRT,T0010,2097152.00,99.40,0.60,29.18,10.88,0.00,0.00,20.46,2235.44,16.93,
PROC,T0010,8.58,0.70,6329.42,16458.59,742.52,211.01,12.19,11.48,56.20,5.20,123.00,
LAN,T0010,462.87,0.01,0.13,523.41,0.35,0.19,610.50,0.06,0.63,630.70,3.95,2.08,0.00,0.00,0.00,
IP,T0010,9.89,3.84,2.08,630.70,9.89,0.06,0.63,610.50,1.85,0.26,0.16,514.79,1.85,0.01,0.13,462.87,
TCPUDP,T0010,608.79,634.24,10.54,7.70,
FILE,T0010,1.12,3191.56,0.00,863165.06,34863.82,
JFSFILE,T0010,15.20,71.02,77.01,73.99,3.90,44.47,
JFSINODE,T0010,3.03,9.37,19.58,4.35,0.02,2.26,
LPAR,T0010,0.42,3.00,12.00,64.00,2.00,128.00,48.99,0.66,0.66,1.00,
ZZZZ,T0011,00:58:13,26-Sep-2019,,
CPU_ALL,T0011,8.01,3.74,0.09,88.16,12.00,
CPU011,T0011,0.00,0.65,0.00,99.35,
CPU010,T0011,0.00,0.38,0.00,99.62,
CPU09,T0011,0.00,0.57,0.00,99.43,
CPU08,T0011,0.00,57.82,0.00,42.18,
CPU07,T0011,0.00,0.48,0.00,99.52,
CPU06,T0011,0.00,0.38,0.00,99.62,
CPU05,T0011,0.00,0.53,0.00,99.47,
CPU04,T0011,0.00,57.45,0.00,42.55,
CPU03,T0011,0.95,1.66,0.00,97.39,
CPU02,T0011,0.95,1.67,0.00,97.39,
CPU01,T0011,8.25,7.44,0.05,84.25,
CPU00,T0011,68.03,29.48,0.06,2.43,
DISKBUSY,T0011,0.00,0.00,0.00,
DISKREAD,T0011,7.02,7.02,0.00,
DISKWRITE,T0011,56.18,55.23,0.00,
DISKXFER,T0011,6.31,5.90,0.00,
DISKSERV,T0011,0.00,0.00,0.00,
DISKWAIT,T0011,0.00,0.00,0.00,
MEMREAL,T0011,9437184.00,9915.40,15.43,47.86,52.04,50.16,
MEMVIRT,T0011,2097152.00,99.40,0.60,14.02,8.09,0.00,0.00,15.94,2278.84,15.15,
PROC,T0011,9.69,0.60,6227.83,17241.04,734.25,99.05,12.15,11.46,57.60,5.00,122.40,
LAN,T0011,447.56,0.00,0.13,453.14,0.36,0.26,628.50,0.05,0.69,642.01,4.00,3.41,0.00,0.00,0.00,
IP,T0011,10.26,3.88,3.41,642.01,10.26,0.05,0.69,628.50,2.12,0.27,0.22,444.36,2.12,0.00,0.13,357.22,
TCPUDP,T0011,628.51,645.99,9.61,7.74,
FILE,T0011,0.84,3495.24,0.00,972484.38,22729.53,
JFSFILE,T0011,15.20,71.02,77.01,73.99,3.90,44.47,
JFSINODE,T0011,3.03,9.37,19.58,4.35,0.02,2.26,
LPAR,T0011,0.41,3.00,12.00,64.00,2.00,128.00,48.50,0.64,0.64,1.00,
ZZZZ,T0012,01:03:13,26-Sep-2019,,
CPU_ALL,T0012,10.92,5.16,0.06,83.86,12.00,
CPU011,T0012,0.00,0.93,0.00,99.07,
CPU010,T0012,0.00,0.72,0.00,99.28,
CPU09,T0012,0.39,1.22,0.00,98.39,
CPU08,T0012,7.88,54.29,0.01,37.83,
CPU07,T0012,0.00,1.24,0.00,98.76,
CPU06,T0012,0.00,1.11,0.00,98.89,
CPU05,T0012,1.69,1.83,0.00,96.48,
CPU04,T0012,12.95,51.61,0.01,35.44,
CPU03,T0012,0.70,2.59,0.00,96.72,
CPU02,T0012,1.10,2.70,0.00,96.19,
CPU01,T0012,18.02,9.57,0.06,72.35,
CPU00,T0012,67.19,29.30,0.05,3.47,
DISKBUSY,T0012,0.00,0.00,0.00,
DISKREAD,T0012,14.03,14.03,0.00,
DISKWRITE,T0012,53.03,53.32,0.00,
DISKXFER,T0012,5.77,5.76,0.00,
DISKSERV,T0012,0.00,0.00,0.00,
DISKWAIT,T0012,0.00,0.00,0.00,
MEMREAL,T0012,9437184.00,9836.20,15.43,47.86,52.04,50.15,
MEMVIRT,T0012,2097152.00,99.40,0.60,22.11,10.00,0.00,0.00,14.47,2241.82,13.65,
PROC,T0012,8.97,0.60,9641.52,20468.53,692.75,200.21,12.15,11.46,71.60,8.00,123.00,
LAN,T0012,1202.96,0.01,0.12,1082.57,0.35,0.45,2664.00,0.06,0.59,2740.79,4.10,6.67,0.00,0.00,0.00,
IP,T0012,9.75,3.98,6.67,2740.79,9.75,0.06,0.59,2663.91,1.94,0.27,0.35,1045.09,1.94,0.00,0.12,1202.90,
TCPUDP,T0012,2663.31,2744.21,10.14,7.80,
FILE,T0012,0.99,3275.28,0.00,839836.88,33122.80,
JFSFILE,T0012,15.21,71.02,77.01,73.99,3.90,44.47,
JFSINODE,T0012,3.03,9.37,19.58,4.35,0.02,2.26,
LPAR,T0012,0.57,3.00,12.00,64.00,2.00,128.00,41.84,0.89,0.89,1.00,
ZZZZ,T0013,01:08:13,26-Sep-2019,,
CPU_ALL,T0013,9.33,3.94,0.06,86.68,12.00,
CPU011,T0013,0.00,0.44,0.00,99.56,
CPU010,T0013,0.00,0.40,0.00,99.60,
CPU09,T0013,0.32,0.56,0.00,99.13,
CPU08,T0013,24.46,46.48,0.03,29.02,
CPU07,T0013,0.00,0.76,0.00,99.24,
CPU06,T0013,0.00,0.68,0.00,99.32,
CPU05,T0013,1.05,1.22,0.00,97.73,
CPU04,T0013,21.23,48.59,0.04,30.14,
CPU03,T0013,0.91,1.94,0.00,97.14,
CPU02,T0013,0.71,2.00,0.00,97.29,
CPU01,T0013,15.88,9.01,0.10,75.01,
CPU00,T0013,69.67,27.47,0.05,2.82,
DISKBUSY,T0013,0.00,0.20,0.00,
DISKREAD,T0013,498.14,753.54,0.00,
DISKWRITE,T0013,32.69,92.13,0.00,
DISKXFER,T0013,5.83,13.89,0.00,
DISKSERV,T0013,0.00,0.00,0.00,
DISKWAIT,T0013,0.00,0.00,0.00,
MEMREAL,T0013,9437184.00,10787.60,15.43,47.86,52.03,50.14,
MEMVIRT,T0013,2097152.00,99.40,0.60,17.07,8.67,0.00,0.00,10.28,3277.71,9.97,
PROC,T0013,10.56,0.20,6741.69,18604.11,750.37,159.33,16.55,15.97,67.20,6.00,123.00,
LAN,T0013,592.89,0.00,0.12,909.87,0.34,0.54,1018.21,0.04,0.62,1051.46,3.89,8.40,0.00,0.00,0.00,
IP,T0013,11.17,3.77,8.40,1051.46,11.17,0.04,0.62,1018.19,2.08,0.26,0.43,895.49,2.08,0.01,0.12,592.86,
TCPUDP,T0013,1014.28,1055.78,13.50,8.01,
FILE,T0013,2.23,3538.38,0.00,1711464.12,40091.71,
JFSFILE,T0013,15.21,71.02,77.01,73.99,3.90,44.48,
JFSINODE,T0013,3.03,9.37,19.58,4.35,0.02,2.26,
LPAR,T0013,0.46,3.00,12.00,64.00,2.00,128.00,43.61,0.72,0.72,1.00,
ZZZZ,T0014,01:13:13,26-Sep-2019,,
CPU_ALL,T0014,7.64,3.47,0.04,88.85,12.00,
CPU011,T0014,0.00,0.47,0.00,99.53,
CPU010,T0014,0.00,0.30,0.00,99.70,
CPU09,T0014,0.00,0.50,0.00,99.50,
CPU08,T0014,0.00,57.53,0.00,42.47,
CPU07,T0014,0.00,0.38,0.00,99.62,
CPU06,T0014,0.00,0.30,0.00,99.70,
CPU05,T0014,0.00,0.35,0.00,99.65,
CPU04,T0014,0.00,57.41,0.00,42.59,
CPU03,T0014,0.68,2.05,0.01,97.26,
CPU02,T0014,1.07,2.19,0.00,96.74,
CPU01,T0014,10.48,7.45,0.01,82.05,
CPU00,T0014,68.25,28.90,0.03,2.82,
DISKBUSY,T0014,0.00,0.00,0.00,
DISKREAD,T0014,14.03,14.03,0.00,
DISKWRITE,T0014,30.72,56.72,0.00,
DISKXFER,T0014,3.35,6.42,0.00,
DISKSERV,T0014,0.00,0.00,0.00,
DISKWAIT,T0014,0.00,0.00,0.00,
MEMREAL,T0014,9437184.00,9944.20,15.43,47.86,52.04,50.15,
MEMVIRT,T0014,2097152.00,99.40,0.60,7.04,4.80,0.00,0.00,7.99,2219.07,1.29,
PROC,T0014,9.11,0.00,6485.22,16210.83,610.16,196.03,12.16,11.47,54.80,5.40,123.00,
LAN,T0014,491.68,0.00,0.13,785.04,0.35,0.50,897.68,0.05,0.70,920.27,4.00,7.57,0.00,0.00,0.00,
IP,T0014,10.06,3.89,7.57,920.27,10.06,0.05,0.70,897.65,2.03,0.27,0.40,772.46,2.03,0.00,0.13,491.67,
TCPUDP,T0014,895.85,924.05,10.20,7.68,
FILE,T0014,1.03,3128.71,0.00,800548.94,21943.47,
JFSFILE,T0014,15.21,71.02,77.01,73.99,3.90,44.48,
JFSINODE,T0014,3.03,9.38,19.58,4.35,0.02,2.26,
LPAR,T0014,0.39,3.00,12.00,64.00,2.00,128.00,44.49,0.61,0.61,1.00,
ZZZZ,T0015,01:18:13,26-Sep-2019,,
CPU_ALL,T0015,5.82,3.20,0.04,90.94,12.00,
CPU011,T0015,0.00,0.66,0.00,99.34,
CPU010,T0015,0.00,0.51,0.00,99.49,
CPU09,T0015,0.00,0.69,0.00,99.31,
CPU08,T0015,0.00,56.96,0.00,43.04,
CPU07,T0015,0.00,0.61,0.00,99.39,
CPU06,T0015,0.00,0.50,0.00,99.50,
CPU05,T0015,0.00,0.63,0.00,99.37,
CPU04,T0015,0.00,57.22,0.00,42.78,
CPU03,T0015,1.42,1.81,0.02,96.75,
CPU02,T0015,1.13,1.98,0.00,96.89,
CPU01,T0015,10.21,8.46,0.13,81.20,
CPU00,T0015,63.79,33.41,0.03,2.77,
DISKBUSY,T0015,0.00,0.00,0.00,
DISKREAD,T0015,7.02,7.07,0.00,
DISKWRITE,T0015,27.12,55.67,0.00,
DISKXFER,T0015,3.00,5.89,0.00,
DISKSERV,T0015,0.00,0.00,0.00,
DISKWAIT,T0015,0.00,0.00,0.00,
MEMREAL,T0015,9437184.00,10142.60,15.43,47.86,52.04,50.15,
MEMVIRT,T0015,2097152.00,99.40,0.60,4.52,4.38,0.00,0.00,7.08,2279.34,8.67,
PROC,T0015,10.50,0.40,5724.48,15831.17,593.73,166.90,12.25,11.55,51.80,4.00,123.00,
LAN,T0015,329.71,0.00,0.13,365.90,0.37,0.34,478.62,0.05,0.69,489.52,4.09,4.70,0.00,0.00,0.00,
IP,T0015,9.66,3.97,4.70,489.52,9.66,0.05,0.69,478.62,1.82,0.29,0.27,359.21,1.82,0.00,0.13,329.71,
TCPUDP,T0015,476.60,492.82,9.81,7.93,
FILE,T0015,0.88,3254.12,0.00,823433.44,20556.73,
JFSFILE,T0015,15.21,71.02,77.01,74.00,3.90,44.49,
JFSINODE,T0015,3.03,9.38,19.58,4.35,0.02,2.26,
LPAR,T0015,0.32,3.00,12.00,64.00,2.00,128.00,44.37,0.49,0.49,1.00,
ZZZZ,T0016,01:23:13,26-Sep-2019,,
CPU_ALL,T0016,8.14,3.63,0.08,88.15,12.00,
CPU011,T0016,0.00,0.37,0.00,99.63,
CPU010,T0016,0.00,0.34,0.00,99.66,
CPU09,T0016,0.00,0.44,0.00,99.56,
CPU08,T0016,0.00,58.31,0.00,41.69,
CPU07,T0016,0.00,0.40,0.00,99.60,
CPU06,T0016,0.00,0.37,0.00,99.63,
CPU05,T0016,0.00,0.46,0.00,99.54,
CPU04,T0016,0.00,58.83,0.00,41.17,
CPU03,T0016,0.51,1.58,0.00,97.91,
CPU02,T0016,0.26,1.43,0.00,98.31,
CPU01,T0016,7.43,6.47,0.07,86.04,
CPU00,T0016,68.90,28.69,0.05,2.35,
DISKBUSY,T0016,0.00,0.00,0.00,
DISKREAD,T0016,14.03,14.03,0.00,
DISKWRITE,T0016,56.85,66.30,0.00,
DISKXFER,T0016,6.40,7.54,0.00,
DISKSERV,T0016,0.00,0.00,0.00,
DISKWAIT,T0016,0.00,0.00,0.00,
MEMREAL,T0016,9437184.00,9779.40,15.43,47.86,52.04,50.15,
MEMVIRT,T0016,2097152.00,99.40,0.60,13.70,8.76,0.00,0.00,15.89,2229.73,10.50,
PROC,T0016,7.86,0.60,6406.14,13974.91,669.18,286.74,12.14,11.45,45.80,5.20,123.00,
LAN,T0016,487.50,0.01,0.13,569.33,0.36,0.28,710.43,0.06,0.69,728.01,4.10,3.64,0.00,0.00,0.00,
IP,T0016,10.07,3.98,3.64,728.01,10.07,0.06,0.69,710.43,2.12,0.28,0.23,559.38,2.12,0.01,0.13,487.50,
TCPUDP,T0016,707.91,731.74,10.53,7.80,
FILE,T0016,1.14,2822.37,0.00,638059.31,24966.60,
JFSFILE,T0016,15.21,71.02,77.01,74.00,3.90,44.49,
JFSINODE,T0016,3.03,9.38,19.58,4.35,0.02,2.26,
LPAR,T0016,0.41,3.00,12.00,64.00,2.00,128.00,44.76,0.65,0.65,1.00,
ZZZZ,T0017,01:28:13,26-Sep-2019,,
CPU_ALL,T0017,8.34,3.81,0.08,87.77,12.00,
CPU011,T0017,0.00,0.39,0.00,99.61,
CPU010,T0017,0.00,0.35,0.00,99.65,
CPU09,T0017,0.00,0.41,0.00,99.59,
CPU08,T0017,0.00,58.76,0.00,41.24,
CPU07,T0017,0.00,0.33,0.00,99.67,
CPU06,T0017,0.00,0.35,0.00,99.65,
CPU05,T0017,0.00,0.41,0.00,99.59,
CPU04,T0017,0.00,59.07,0.00,40.93,
CPU03,T0017,0.66,1.56,0.00,97.78,
CPU02,T0017,0.48,1.71,0.00,97.81,
CPU01,T0017,8.68,6.38,0.07,84.87,
CPU00,T0017,68.54,29.11,0.05,2.29,
DISKBUSY,T0017,0.00,0.00,0.00,
DISKREAD,T0017,7.02,7.03,0.00,
DISKWRITE,T0017,59.70,80.98,0.00,
DISKXFER,T0017,6.66,9.09,0.00,
DISKSERV,T0017,0.00,0.00,0.00,
DISKWAIT,T0017,0.00,0.00,0.00,
MEMREAL,T0017,9437184.00,9878.00,15.43,47.86,52.04,50.15,
MEMVIRT,T0017,2097152.00,99.40,0.60,11.86,10.02,0.00,0.01,16.99,2277.12,15.47,
PROC,T0017,11.06,0.60,6358.69,16063.22,727.61,550.78,12.12,11.44,55.20,5.20,123.00,
LAN,T0017,457.15,0.00,0.13,473.72,0.36,0.18,632.99,0.04,0.67,646.58,3.99,2.03,0.00,0.00,0.00,
IP,T0017,10.16,3.87,2.03,646.58,10.16,0.04,0.67,632.99,1.99,0.28,0.16,464.88,1.99,0.00,0.13,457.15,
TCPUDP,T0017,630.56,650.11,10.51,7.84,
FILE,T0017,1.19,3230.69,0.00,867942.75,28944.44,
JFSFILE,T0017,15.21,71.02,77.01,74.00,3.90,44.49,
JFSINODE,T0017,3.03,9.38,19.58,4.35,0.02,2.26,
LPAR,T0017,0.43,3.00,12.00,64.00,2.00,128.00,45.04,0.66,0.66,1.00,
ZZZZ,T0018,01:33:13,26-Sep-2019,,
CPU_ALL,T0018,7.95,3.74,0.08,88.23,12.00,
CPU011,T0018,0.00,0.45,0.00,99.55,
CPU010,T0018,0.00,0.46,0.00,99.54,
CPU09,T0018,0.05,0.57,0.00,99.38,
CPU08,T0018,10.48,54.62,0.01,34.90,
CPU07,T0018,0.00,0.43,0.00,99.57,
CPU06,T0018,0.00,0.45,0.00,99.55,
CPU05,T0018,0.75,0.85,0.00,98.40,
CPU04,T0018,8.34,57.18,0.01,34.48,
CPU03,T0018,0.55,1.40,0.01,98.04,
CPU02,T0018,0.62,1.53,0.00,97.85,
CPU01,T0018,10.09,7.42,0.07,82.42,
CPU00,T0018,68.06,29.53,0.05,2.36,
DISKBUSY,T0018,0.00,0.00,0.00,
DISKREAD,T0018,28.06,46.95,0.00,
DISKWRITE,T0018,54.95,73.63,0.00,
DISKXFER,T0018,6.23,7.09,0.00,
DISKSERV,T0018,0.00,0.00,0.00,
DISKWAIT,T0018,0.00,0.00,0.00,
MEMREAL,T0018,9437184.00,15623.20,15.43,47.86,51.98,50.10,
MEMVIRT,T0018,2097152.00,99.40,0.60,11.60,9.51,0.00,0.00,15.97,2898.85,31.97,
PROC,T0018,9.47,0.20,6271.45,17449.71,779.47,197.67,16.61,14.52,54.60,5.20,123.00,
LAN,T0018,405.05,0.00,0.13,422.00,0.33,0.27,538.45,0.05,0.67,550.08,3.94,3.50,0.00,0.00,0.00,
IP,T0018,10.33,3.82,3.50,550.08,10.33,0.05,0.67,538.45,2.06,0.25,0.22,414.49,2.06,0.00,0.13,405.05,
TCPUDP,T0018,536.57,554.11,10.33,7.61,
FILE,T0018,1.08,3333.13,0.00,1036210.06,45897.96,
JFSFILE,T0018,15.21,71.02,77.01,74.01,3.90,44.50,
JFSINODE,T0018,3.03,9.38,19.58,4.35,0.02,2.26,
LPAR,T0018,0.41,3.00,12.00,64.00,2.00,128.00,44.05,0.64,0.64,1.00,
ZZZZ,T0019,01:38:13,26-Sep-2019,,
CPU_ALL,T0019,8.67,3.74,0.07,87.52,12.00,
CPU011,T0019,0.00,0.45,0.00,99.55,
CPU010,T0019,0.00,0.47,0.00,99.53,
CPU09,T0019,0.00,0.51,0.00,99.49,
CPU08,T0019,9.72,53.33,0.00,36.95,
CPU07,T0019,0.00,0.51,0.00,99.49,
CPU06,T0019,0.00,0.53,0.00,99.47,
CPU05,T0019,0.00,0.55,0.00,99.45,
CPU04,T0019,6.96,56.21,0.00,36.83,
CPU03,T0019,0.44,1.26,0.00,98.30,
CPU02,T0019,0.73,1.56,0.00,97.71,
CPU01,T0019,10.14,6.49,0.03,83.34,
CPU00,T0019,69.57,28.12,0.05,2.27,
DISKBUSY,T0019,0.00,0.00,0.00,
DISKREAD,T0019,7.02,7.07,0.00,
DISKWRITE,T0019,61.33,61.76,0.00,
DISKXFER,T0019,6.83,6.74,0.00,
DISKSERV,T0019,0.00,0.00,0.00,
DISKWAIT,T0019,0.00,0.00,0.00,
MEMREAL,T0019,9437184.00,13707.40,15.43,47.86,52.00,50.12,
MEMVIRT,T0019,2097152.00,99.40,0.60,12.52,8.94,0.00,0.00,14.94,2319.00,0.00,
PROC,T0019,10.69,0.40,6318.01,17088.28,760.34,132.84,12.16,11.48,57.60,5.20,123.00,
LAN,T0019,444.78,0.01,0.12,478.23,0.36,0.19,603.48,0.05,0.61,618.00,4.01,2.13,0.00,0.00,0.00,
IP,T0019,10.20,3.90,2.13,618.00,10.20,0.05,0.61,603.47,2.00,0.28,0.16,469.78,2.00,0.00,0.12,444.78,
TCPUDP,T0019,602.64,621.86,10.11,7.77,
FILE,T0019,0.99,3400.67,0.00,1005236.94,23750.78,
JFSFILE,T0019,15.21,71.02,77.01,74.02,3.90,44.50,
JFSINODE,T0019,3.03,9.38,19.58,4.35,0.02,2.27,
LPAR,T0019,0.43,3.00,12.00,64.00,2.00,128.00,46.50,0.68,0.68,1.00,
ZZZZ,T0020,01:43:13,26-Sep-2019,,
CPU_ALL,T0020,5.40,3.26,0.04,91.30,12.00,
CPU011,T0020,0.00,0.65,0.00,99.35,
CPU010,T0020,0.00,0.66,0.00,99.34,
CPU09,T0020,0.00,0.71,0.00,99.29,
CPU08,T0020,0.00,56.31,0.00,43.69,
CPU07,T0020,0.00,0.56,0.00,99.44,
CPU06,T0020,0.00,0.59,0.00,99.41,
CPU05,T0020,0.00,0.66,0.00,99.34,
CPU04,T0020,0.00,58.14,0.00,41.86,
CPU03,T0020,0.33,1.42,0.00,98.24,
CPU02,T0020,0.60,1.14,0.00,98.26,
CPU01,T0020,8.29,7.77,0.03,83.92,
CPU00,T0020,61.48,36.01,0.03,2.48,
DISKBUSY,T0020,0.00,0.00,0.00,
DISKREAD,T0020,14.03,14.03,0.00,
DISKWRITE,T0020,33.36,52.43,0.00,
DISKXFER,T0020,3.75,5.82,0.00,
DISKSERV,T0020,0.00,0.00,0.00,
DISKWAIT,T0020,0.00,0.00,0.00,
MEMREAL,T0020,9437184.00,10822.20,15.43,47.86,52.03,50.15,
MEMVIRT,T0020,2097152.00,99.40,0.60,7.93,4.93,0.00,0.00,7.83,2215.64,0.86,
PROC,T0020,8.77,0.40,5784.22,16468.43,643.33,106.65,12.14,11.45,48.00,3.80,123.00,
LAN,T0020,275.52,0.00,0.13,233.31,0.34,0.19,328.03,0.06,0.65,331.82,3.92,2.18,0.00,0.00,0.00,
IP,T0020,10.22,3.80,2.18,331.82,10.22,0.06,0.65,328.03,1.97,0.26,0.16,228.77,1.97,0.01,0.13,275.50,
TCPUDP,T0020,327.88,335.73,9.90,7.60,
FILE,T0020,0.90,3329.34,0.00,915454.69,21732.26,
JFSFILE,T0020,15.21,71.02,77.01,74.02,3.90,44.51,
JFSINODE,T0020,3.03,9.38,19.58,4.35,0.02,2.27,
LPAR,T0020,0.30,3.00,12.00,64.00,2.00,128.00,48.64,0.47,0.47,1.00,
ZZZZ,T0021,01:48:13,26-Sep-2019,,
CPU_ALL,T0021,5.17,3.19,0.04,91.60,12.00,
CPU011,T0021,0.00,0.82,0.00,99.18,
CPU010,T0021,0.00,0.85,0.00,99.15,
CPU09,T0021,0.00,0.92,0.00,99.08,
CPU08,T0021,0.00,54.83,0.00,45.17,
CPU07,T0021,0.00,0.76,0.00,99.24,
CPU06,T0021,0.00,0.80,0.00,99.20,
CPU05,T0021,0.00,0.88,0.00,99.12,
CPU04,T0021,0.00,55.61,0.00,44.39,
CPU03,T0021,0.86,1.35,0.05,97.74,
CPU02,T0021,1.24,1.55,0.00,97.21,
CPU01,T0021,9.18,8.48,0.04,82.31,
CPU00,T0021,60.01,37.27,0.03,2.68,
DISKBUSY,T0021,0.00,0.00,0.00,
DISKREAD,T0021,7.02,7.02,0.00,
DISKWRITE,T0021,31.22,56.71,0.00,
DISKXFER,T0021,3.48,5.98,0.00,
DISKSERV,T0021,0.00,0.00,0.00,
DISKWAIT,T0021,0.00,0.00,0.00,
MEMREAL,T0021,9437184.00,10231.60,15.43,47.86,52.04,50.15,
MEMVIRT,T0021,2097152.00,99.40,0.60,5.06,5.02,0.00,0.00,7.40,2267.76,3.87,
PROC,T0021,9.84,0.40,5730.72,15909.51,621.91,164.04,12.16,11.48,51.60,3.60,123.00,
LAN,T0021,260.17,0.00,0.13,205.81,0.36,0.34,307.03,0.05,0.69,310.45,4.04,4.83,0.00,0.00,0.00,
IP,T0021,10.52,3.93,4.83,310.45,10.52,0.05,0.69,307.03,2.35,0.27,0.28,201.57,2.35,0.00,0.13,260.17,
TCPUDP,T0021,307.54,314.47,9.71,7.83,
FILE,T0021,0.85,3263.94,0.00,845655.62,21939.13,
JFSFILE,T0021,15.21,71.02,77.01,74.02,3.90,44.51,
JFSINODE,T0021,3.03,9.38,19.58,4.35,0.02,2.27,
LPAR,T0021,0.29,3.00,12.00,64.00,2.00,128.00,49.63,0.46,0.46,1.00,
ZZZZ,T0022,01:53:13,26-Sep-2019,,
CPU_ALL,T0022,7.53,3.74,0.07,88.66,12.00,
CPU011,T0022,0.00,0.39,0.00,99.61,
CPU010,T0022,0.00,0.38,0.00,99.62,
CPU09,T0022,0.00,0.42,0.00,99.58,
CPU08,T0022,0.00,57.51,0.00,42.49,
CPU07,T0022,0.00,0.39,0.00,99.61,
CPU06,T0022,0.00,0.42,0.00,99.58,
CPU05,T0022,0.00,0.45,0.00,99.55,
CPU04,T0022,0.00,57.33,0.00,42.67,
CPU03,T0022,0.98,1.65,0.03,97.34,
CPU02,T0022,0.43,1.57,0.02,97.99,
CPU01,T0022,7.92,7.04,0.02,85.02,
CPU00,T0022,66.61,30.97,0.04,2.37,
DISKBUSY,T0022,0.00,0.00,0.00,
DISKREAD,T0022,14.03,14.03,0.00,
DISKWRITE,T0022,51.70,56.56,0.00,
DISKXFER,T0022,5.82,6.30,0.00,
DISKSERV,T0022,0.00,0.00,0.00,
DISKWAIT,T0022,0.00,0.00,0.00,
MEMREAL,T0022,9437184.00,9992.80,15.43,47.85,52.04,50.16,
MEMVIRT,T0022,2097152.00,99.40,0.60,9.49,7.43,0.00,0.00,12.11,2226.48,8.62,
PROC,T0022,10.23,0.40,6118.44,16358.12,706.39,142.50,12.18,11.48,52.80,5.00,121.80,
LAN,T0022,418.78,0.01,0.13,400.63,0.34,0.27,583.50,0.05,0.69,594.26,3.94,3.48,0.00,0.00,0.00,
IP,T0022,9.97,3.82,3.48,594.26,9.97,0.05,0.69,583.50,2.02,0.26,0.22,392.50,2.02,0.01,0.13,418.76,
TCPUDP,T0022,583.07,597.88,10.28,7.69,
FILE,T0022,1.02,3318.85,0.00,878658.12,22518.96,
JFSFILE,T0022,15.21,71.02,77.01,74.02,3.90,44.51,
JFSINODE,T0022,3.03,9.38,19.58,4.35,0.02,2.27,
LPAR,T0022,0.39,3.00,12.00,64.00,2.00,128.00,51.06,0.62,0.62,1.00,
ZZZZ,T0023,01:58:13,26-Sep-2019,,
CPU_ALL,T0023,7.76,3.70,0.07,88.47,12.00,
CPU011,T0023,0.00,0.42,0.00,99.58,
CPU010,T0023,0.00,0.41,0.00,99.59,
CPU09,T0023,0.00,0.45,0.00,99.55,
CPU08,T0023,0.00,57.41,0.00,42.59,
CPU07,T0023,0.00,0.38,0.00,99.62,
CPU06,T0023,0.00,0.40,0.00,99.60,
CPU05,T0023,0.00,0.43,0.00,99.57,
CPU04,T0023,0.00,57.01,0.00,42.99,
CPU03,T0023,1.03,1.56,0.00,97.41,
CPU02,T0023,0.81,1.49,0.00,97.69,
CPU01,T0023,8.84,7.17,0.07,83.92,
CPU00,T0023,67.42,30.16,0.04,2.38,
DISKBUSY,T0023,0.00,0.00,0.00,
DISKREAD,T0023,7.02,7.02,0.00,
DISKWRITE,T0023,53.14,54.83,0.00,
DISKXFER,T0023,6.01,5.91,0.00,
DISKSERV,T0023,0.00,0.00,0.00,
DISKWAIT,T0023,0.00,0.00,0.00,
MEMREAL,T0023,9437184.00,9940.00,15.43,47.86,52.04,50.16,
MEMVIRT,T0023,2097152.00,99.40,0.60,11.51,7.41,0.00,0.00,11.98,2265.23,11.57,
PROC,T0023,10.44,0.20,5972.63,17068.95,740.44,106.43,12.15,11.46,57.40,5.00,123.00,
LAN,T0023,421.19,0.00,0.12,421.95,0.35,0.18,571.37,0.04,0.59,583.37,3.88,2.09,0.00,0.00,0.00,
IP,T0023,10.00,3.76,2.09,583.37,10.00,0.04,0.59,571.37,2.01,0.27,0.16,413.97,2.00,0.00,0.12,421.19,
TCPUDP,T0023,571.68,587.06,9.67,7.66,
FILE,T0023,0.84,3395.80,0.00,1034010.69,21315.24,
JFSFILE,T0023,15.22,71.02,77.01,74.02,3.90,44.52,
JFSINODE,T0023,3.03,9.38,19.58,4.35,0.02,2.27,
LPAR,T0023,0.40,3.00,12.00,64.00,2.00,128.00,51.21,0.63,0.63,1.00,
ZZZZ,T0024,02:03:13,26-Sep-2019,,
CPU_ALL,T0024,5.20,3.27,0.06,91.47,12.00,
CPU011,T0024,0.00,0.79,0.00,99.21,
CPU010,T0024,0.00,0.77,0.00,99.23,
CPU09,T0024,1.35,0.94,0.00,97.71,
CPU08,T0024,13.12,48.72,0.01,38.14,
CPU07,T0024,0.00,0.67,0.00,99.33,
CPU06,T0024,0.00,0.69,0.00,99.31,
CPU05,T0024,0.46,0.76,0.00,98.79,
CPU04,T0024,17.97,44.77,0.00,37.25,
CPU03,T0024,0.41,1.14,0.00,98.45,
CPU02,T0024,0.94,1.27,0.01,97.78,
CPU01,T0024,7.85,9.59,0.03,82.53,
CPU00,T0024,59.49,37.67,0.04,2.80,
DISKBUSY,T0024,0.00,0.00,0.00,
DISKREAD,T0024,14.19,14.14,0.00,
DISKWRITE,T0024,31.30,54.64,0.00,
DISKXFER,T0024,3.61,5.96,0.00,
DISKSERV,T0024,0.00,0.00,0.00,
DISKWAIT,T0024,0.00,0.00,0.00,
MEMREAL,T0024,9437184.00,9809.40,15.43,47.86,52.04,50.16,
MEMVIRT,T0024,2097152.00,99.40,0.60,10.33,5.07,0.00,0.00,9.06,2234.47,9.05,
PROC,T0024,9.31,0.40,5548.38,15681.19,594.93,139.90,12.16,11.47,49.40,3.80,122.60,
LAN,T0024,277.59,0.00,0.19,226.76,0.37,0.23,354.40,0.05,0.73,360.14,4.23,2.59,0.00,0.00,0.00,
IP,T0024,9.56,4.12,2.59,360.14,9.55,0.05,0.73,354.40,1.95,0.28,0.19,221.84,1.95,0.00,0.19,277.59,
TCPUDP,T0024,353.76,363.44,10.12,7.89,
FILE,T0024,0.93,3326.73,0.00,797517.94,20179.34,
JFSFILE,T0024,15.22,71.02,77.01,74.03,3.90,44.52,
JFSINODE,T0024,3.03,9.38,19.58,4.36,0.02,2.27,
LPAR,T0024,0.30,3.00,12.00,64.00,2.00,128.00,48.10,0.46,0.46,1.00,
ZZZZ,T0025,02:08:13,26-Sep-2019,,
CPU_ALL,T0025,3.18,2.79,0.01,94.02,12.00,
CPU011,T0025,0.00,1.15,0.00,98.85,
CPU010,T0025,0.00,1.18,0.00,98.82,
CPU09,T0025,0.00,1.53,0.00,98.47,
CPU08,T0025,2.12,53.61,0.00,44.27,
CPU07,T0025,0.00,1.06,0.00,98.94,
CPU06,T0025,0.00,1.26,0.00,98.74,
CPU05,T0025,0.00,1.20,0.00,98.80,
CPU04,T0025,10.40,48.07,0.00,41.53,
CPU03,T0025,0.85,1.25,0.00,97.90,
CPU02,T0025,0.82,1.34,0.01,97.83,
CPU01,T0025,10.86,11.34,0.03,77.76,
CPU00,T0025,51.72,44.90,0.03,3.35,
DISKBUSY,T0025,0.00,0.00,0.00,
DISKREAD,T0025,7.02,7.02,0.00,
DISKWRITE,T0025,10.19,71.40,0.00,
DISKXFER,T0025,1.18,7.22,0.00,
DISKSERV,T0025,0.00,0.00,0.00,
DISKWAIT,T0025,0.00,0.00,0.00,
MEMREAL,T0025,9437184.00,11390.20,15.43,47.86,52.02,50.14,
MEMVIRT,T0025,2097152.00,99.40,0.60,14.57,27.29,0.00,0.00,7.49,2305.81,7.39,
PROC,T0025,8.33,0.20,5166.34,14991.72,580.01,172.61,12.16,11.49,41.60,2.60,123.00,
LAN,T0025,267.40,0.00,0.13,156.05,0.34,0.20,181.65,0.03,0.70,195.01,3.94,2.30,0.00,0.00,0.00,
IP,T0025,10.22,3.82,2.30,195.01,10.22,0.03,0.70,181.65,2.18,0.26,0.17,153.38,2.19,0.00,0.13,267.40,
TCPUDP,T0025,180.47,198.69,10.82,7.70,
FILE,T0025,1.24,3207.16,0.00,947588.31,124583.82,
JFSFILE,T0025,15.22,71.02,77.01,74.03,3.90,44.53,
JFSINODE,T0025,3.03,9.38,19.58,4.36,0.02,2.27,
LPAR,T0025,0.21,3.00,12.00,64.00,2.00,128.00,49.13,0.33,0.33,1.00,
ZZZZ,T0026,02:13:14,26-Sep-2019,,
CPU_ALL,T0026,2.84,2.88,0.03,94.25,12.00,
CPU011,T0026,0.00,1.11,0.00,98.89,
CPU010,T0026,0.00,1.29,0.00,98.71,
CPU09,T0026,0.00,1.20,0.00,98.80,
CPU08,T0026,0.00,53.96,0.00,46.04,
CPU07,T0026,0.00,1.09,0.00,98.91,
CPU06,T0026,0.00,1.64,0.00,98.36,
CPU05,T0026,0.00,1.24,0.00,98.76,
CPU04,T0026,0.00,52.52,0.00,47.48,
CPU03,T0026,0.56,1.22,0.05,98.17,
CPU02,T0026,0.61,1.71,0.00,97.68,
CPU01,T0026,7.14,10.17,0.07,82.61,
CPU00,T0026,48.96,47.91,0.05,3.08,
DISKBUSY,T0026,0.00,0.00,0.00,
DISKREAD,T0026,14.03,14.11,0.00,
DISKWRITE,T0026,7.31,74.93,0.00,
DISKXFER,T0026,0.92,7.61,0.00,
DISKSERV,T0026,0.00,0.00,0.00,
DISKWAIT,T0026,0.00,0.00,0.00,
MEMREAL,T0026,9437184.00,12155.60,15.43,47.85,52.02,50.13,
MEMVIRT,T0026,2097152.00,99.40,0.60,33.24,59.48,0.00,0.00,13.52,2217.07,0.00,
PROC,T0026,7.48,0.00,5162.27,14557.49,582.11,222.72,12.18,11.48,42.60,2.60,122.40,
LAN,T0026,426.10,0.00,0.13,253.02,0.35,0.26,157.36,0.05,0.66,195.49,4.02,3.33,0.00,0.00,0.00,
IP,T0026,9.82,3.91,3.33,195.49,9.82,0.05,0.66,157.36,1.96,0.27,0.21,250.34,1.96,0.00,0.13,426.11,
TCPUDP,T0026,154.53,198.89,11.93,7.76,
FILE,T0026,1.54,3081.49,0.00,903514.50,259231.08,
JFSFILE,T0026,15.22,71.02,77.01,74.03,3.90,44.53,
JFSINODE,T0026,3.03,9.38,19.58,4.36,0.02,2.27,
LPAR,T0026,0.20,3.00,12.00,64.00,2.00,128.00,53.41,0.31,0.31,1.00,
ZZZZ,T0027,02:18:14,26-Sep-2019,,
CPU_ALL,T0027,2.53,2.52,0.00,94.94,12.00,
CPU011,T0027,0.00,1.98,0.00,98.02,
CPU010,T0027,0.00,1.96,0.00,98.04,
CPU09,T0027,0.00,2.17,0.00,97.83,
CPU08,T0027,0.00,44.98,0.00,55.02,
CPU07,T0027,0.00,2.09,0.00,97.91,
CPU06,T0027,0.00,2.22,0.00,97.78,
CPU05,T0027,0.00,2.40,0.00,97.60,
CPU04,T0027,0.00,41.34,0.00,58.66,
CPU03,T0027,0.76,0.89,0.00,98.36,
CPU02,T0027,0.90,0.99,0.00,98.11,
CPU01,T0027,7.65,10.16,0.01,82.19,
CPU00,T0027,49.01,47.82,0.00,3.16,
DISKBUSY,T0027,0.00,0.00,0.00,
DISKREAD,T0027,7.02,7.02,0.00,
DISKWRITE,T0027,6.93,56.03,0.00,
DISKXFER,T0027,0.85,5.89,0.00,
DISKSERV,T0027,0.00,0.00,0.00,
DISKWAIT,T0027,0.00,0.00,0.00,
MEMREAL,T0027,9437184.00,12046.00,15.43,47.86,52.02,50.13,
MEMVIRT,T0027,2097152.00,99.40,0.60,0.00,1.74,0.00,0.00,1.73,2252.32,0.00,
PROC,T0027,8.18,0.00,4995.27,14434.88,518.56,178.45,12.15,11.47,39.80,2.00,123.00,
LAN,T0027,104.65,0.00,0.13,8.74,0.37,0.19,42.55,0.04,0.62,37.71,4.09,2.09,0.00,0.00,0.00,
IP,T0027,9.90,3.97,2.09,37.71,9.90,0.04,0.62,42.54,1.94,0.29,0.16,8.23,1.94,0.00,0.13,104.65,
TCPUDP,T0027,41.95,41.27,9.67,7.93,
FILE,T0027,0.85,3086.09,0.00,766691.38,19233.87,
JFSFILE,T0027,15.22,71.02,77.01,74.03,3.90,44.54,
JFSINODE,T0027,3.03,9.38,19.58,4.36,0.02,2.27,
LPAR,T0027,0.18,3.00,12.00,64.00,2.00,128.00,54.10,0.28,0.28,1.00,
ZZZZ,T0028,02:23:14,26-Sep-2019,,
CPU_ALL,T0028,2.50,2.55,0.00,94.96,12.00,
CPU011,T0028,0.00,1.86,0.00,98.14,
CPU010,T0028,0.00,1.83,0.00,98.17,
CPU09,T0028,0.00,2.08,0.00,97.92,
CPU08,T0028,0.00,45.54,0.00,54.46,
CPU07,T0028,0.00,2.00,0.00,98.00,
CPU06,T0028,0.00,2.43,0.00,97.57,
CPU05,T0028,0.00,2.30,0.00,97.70,
CPU04,T0028,0.00,42.48,0.00,57.52,
CPU03,T0028,0.88,0.86,0.00,98.26,
CPU02,T0028,1.24,1.96,0.00,96.80,
CPU01,T0028,6.58,10.90,0.02,82.49,
CPU00,T0028,48.68,48.08,0.01,3.23,
DISKBUSY,T0028,0.00,0.00,0.00,
DISKREAD,T0028,14.03,14.03,0.00,
DISKWRITE,T0028,7.60,58.50,0.00,
DISKXFER,T0028,0.94,6.45,0.00,
DISKSERV,T0028,0.00,0.00,0.00,
DISKWAIT,T0028,0.00,0.00,0.00,
MEMREAL,T0028,9437184.00,11957.20,15.43,47.86,52.02,50.14,
MEMVIRT,T0028,2097152.00,99.40,0.60,0.33,1.98,0.00,0.00,2.00,2205.06,0.00,
PROC,T0028,12.46,0.00,5133.67,15084.24,545.90,128.16,12.14,11.45,46.40,2.00,123.00,
LAN,T0028,105.64,0.00,0.14,9.54,0.36,0.27,44.74,0.05,0.71,39.25,4.10,3.47,0.00,0.00,0.00,
IP,T0028,10.03,3.98,3.47,39.25,10.03,0.05,0.71,44.74,2.03,0.28,0.22,9.01,2.03,0.00,0.14,105.64,
TCPUDP,T0028,43.62,42.95,10.34,7.83,
FILE,T0028,1.03,3220.80,0.00,830574.38,21117.76,
JFSFILE,T0028,15.22,71.02,77.01,74.04,3.90,44.54,
JFSINODE,T0028,3.03,9.38,19.58,4.36,0.02,2.27,
LPAR,T0028,0.18,3.00,12.00,64.00,2.00,128.00,54.55,0.28,0.28,1.00,
ZZZZ,T0029,02:28:14,26-Sep-2019,,
CPU_ALL,T0029,2.50,2.59,0.00,94.90,12.00,
CPU011,T0029,0.00,1.98,0.00,98.02,
CPU010,T0029,0.00,1.96,0.00,98.04,
CPU09,T0029,0.00,2.17,0.00,97.83,
