CPU_ALL,CPU Total ,User%,Sys%,Wait%,Idle%,CPUs,
CPU011,CPU Total ,User%,Sys%,Wait%,Idle%,
CPU010,CPU Total ,User%,Sys%,Wait%,Idle%,
CPU09,CPU Total ,User%,Sys%,Wait%,Idle%,
CPU08,CPU Total ,User%,Sys%,Wait%,Idle%,
CPU07,CPU Total ,User%,Sys%,Wait%,Idle%,
CPU06,CPU Total ,User%,Sys%,Wait%,Idle%,
CPU05,CPU Total ,User%,Sys%,Wait%,Idle%,
CPU04,CPU Total ,User%,Sys%,Wait%,Idle%,
CPU03,CPU Total ,User%,Sys%,Wait%,Idle%,
CPU02,CPU Total ,User%,Sys%,Wait%,Idle%,
CPU01,CPU Total ,User%,Sys%,Wait%,Idle%,
CPU00,CPU Total ,User%,Sys%,Wait%,Idle%,
DISKBUSY,Disk %Busy ,hdisk1,hdisk99,hdisk0,
DISKREAD,Disk Read 512 bytes per sec ,hdisk1,hdisk99,hdisk0,
DISKWRITE,Disk Write 512 bytes per sec ,hdisk1,hdisk99,hdisk0,
DISKXFER,Disk transfers per second ,hdisk1,hdisk99,hdisk0,
DISKSERV,Disk Avg service time/transfer ,hdisk1,hdisk99,hdisk0,
DISKWAIT,Average wait queue time for read/write transfers,hdisk1,hdisk99,hdisk0,
MEMREAL,Real Memory Statistics,Size 4k pages,free frames 4k,%pinned,%comp,%noncomp,%client,
MEMVIRT,PgSp / Virtual Memory Statistics,PageSpace,%free,%used,pagein,pageout,pgspgin,pgspgout,sio,totfaults,steal,
PROC,Processes ,Runnable,Swap-in,pswitch,syscall,read,write,fork,exec,loadavg,utilavg,numprocs,
LAN,LAN Interfaces Statistics,ent0/kbytesout,ent2/kbytesout,ent1/kbytesout,ent0/kbytesin,ent2/kbytesin,ent1/kbytesin,ent0/framesout,ent2/framesout,ent1/framesout,ent0/framesin,ent2/framesin,ent1/framesin,ent0/recvdrops,ent2/recvdrops,ent1/recvdrops,
IP,IP Statistics for network interface,lo0/ipacket,en2/ipacket,en1/ipacket,en0/ipacket,lo0/opacket,en2/opacket,en1/opacket,en0/opacket,lo0/ioctet_kb,en2/ioctet_kb,en1/ioctet_kb,en0/ioctet_kb,lo0/ooctet_kb,en2/ooctet_kb,en1/ooctet_kb,en0/ooctet_kb,
TCPUDP,IP Protocol statistics,TCPSendTot,TCPRcvTot,UDPSnddgrm,UDPRcvdgrm,
FILE,File I/O ,iget,namei,dirblk,readch,writech,
JFSFILE,JFS Filespace %Used,/,/home,/usr,/var,/tmp,/opt,
JFSINODE,JFS Inode %Used,/,/home,/usr,/var,/tmp,opt,
LPAR,LPAR Stats,PhysicalCPU,VirtualCPUs,LogicalCPUs,poolCPUS,entitled,weight,poolIdle,UsedAllCPU%,UsedPoolCPU%,SharedCPU,
ZZZZ,T0001,00:07:49,24-Sep-2019,,
CPU_ALL,T0001,6.16,4.09,0.05,89.70,12.00,
CPU011,T0001,0.00,0.52,0.00,99.48,
CPU010,T0001,0.00,0.38,0.00,99.62,
CPU09,T0001,0.00,0.45,0.00,99.55,
CPU08,T0001,2.76,57.41,0.00,39.83,
CPU07,T0001,0.00,0.28,0.00,99.72,
CPU06,T0001,0.00,0.29,0.00,99.71,
CPU05,T0001,0.00,0.36,0.00,99.64,
CPU04,T0001,11.70,52.09,0.00,36.21,
CPU03,T0001,0.88,2.81,0.06,96.24,
CPU02,T0001,0.90,2.64,0.00,96.46,
CPU01,T0001,10.56,8.95,0.05,80.44,
CPU00,T0001,58.80,36.78,0.06,4.36,
DISKBUSY,T0001,0.00,0.00,0.00,
DISKREAD,T0001,7.02,7.02,0.00,
DISKWRITE,T0001,12.32,102.27,0.00,
DISKXFER,T0001,1.25,10.73,0.00,
DISKSERV,T0001,0.00,0.00,0.00,
DISKWAIT,T0001,0.00,0.00,0.00,
MEMREAL,T0001,9437184.00,51975.80,15.44,46.74,52.71,50.07,
MEMVIRT,T0001,2097152.00,99.41,0.59,69.12,97.07,0.00,0.01,35.88,2324.34,0.00,
PROC,T0001,9.18,0.60,7297.13,16939.90,606.02,270.12,12.16,11.48,48.20,5.00,123.00,
LAN,T0001,835.09,0.00,0.13,515.35,0.36,0.20,1280.41,0.06,0.65,1297.85,4.12,2.32,0.00,0.00,0.00,
IP,T0001,26.14,4.00,2.32,1297.85,26.14,0.06,0.65,1280.39,49.28,0.28,0.17,497.60,49.28,0.00,0.13,835.04,
TCPUDP,T0001,1283.97,1317.46,21.81,7.74,
FILE,T0001,2.29,3016.37,0.00,1082452.88,308523.50,
JFSFILE,T0001,15.19,70.88,77.01,73.83,3.90,44.41,
JFSINODE,T0001,3.03,9.31,19.58,4.32,0.03,2.26,
LPAR,T0001,0.37,3.00,12.00,64.00,2.00,128.00,48.90,0.58,0.58,1.00,
ZZZZ,T0002,00:12:49,24-Sep-2019,,
CPU_ALL,T0002,14.03,4.97,0.01,80.99,12.00,
CPU011,T0002,0.00,0.47,0.00,99.53,
CPU010,T0002,0.00,0.48,0.00,99.52,
CPU09,T0002,0.19,0.58,0.00,99.23,
CPU08,T0002,4.73,55.38,0.00,39.89,
CPU07,T0002,0.00,1.23,0.00,98.77,
CPU06,T0002,0.00,1.20,0.00,98.80,
CPU05,T0002,11.31,2.55,0.00,86.14,
CPU04,T0002,32.25,40.51,0.00,27.24,
CPU03,T0002,0.57,2.93,0.00,96.49,
CPU02,T0002,0.36,3.12,0.04,96.48,
CPU01,T0002,15.04,9.17,0.08,75.72,
CPU00,T0002,66.40,29.10,0.01,4.49,
DISKBUSY,T0002,0.00,0.00,0.00,
DISKREAD,T0002,16.06,14.03,0.00,
DISKWRITE,T0002,10.19,59.48,0.00,
DISKXFER,T0002,1.26,6.38,0.00,
DISKSERV,T0002,0.00,0.00,0.00,
DISKWAIT,T0002,0.00,0.00,0.00,
MEMREAL,T0002,9437184.00,54491.80,15.44,46.71,52.71,50.07,
MEMVIRT,T0002,2097152.00,99.41,0.59,0.86,10.45,0.00,0.00,3.57,2273.75,0.00,
PROC,T0002,7.50,0.00,10058.38,23736.72,1845.09,1993.82,12.17,11.48,66.20,8.00,123.80,
LAN,T0002,10873.13,0.00,0.13,881.18,0.36,0.21,2503.55,0.04,0.62,3613.40,4.24,2.51,0.00,0.00,0.00,
IP,T0002,9.91,4.12,2.51,3613.39,9.91,0.04,0.62,2503.53,1.93,0.28,0.18,831.78,1.94,0.00,0.13,10873.12,
TCPUDP,T0002,2502.62,3616.96,10.37,7.73,
FILE,T0002,1.05,2840.04,0.00,6670413.00,5988777.50,
JFSFILE,T0002,15.19,70.88,77.01,73.83,3.90,44.41,
JFSINODE,T0002,3.03,9.31,19.58,4.32,0.03,2.26,
LPAR,T0002,0.67,3.00,12.00,64.00,2.00,128.00,50.33,1.05,1.05,1.00,
ZZZZ,T0003,00:17:49,24-Sep-2019,,
CPU_ALL,T0003,19.89,5.99,0.00,74.12,12.00,
CPU011,T0003,0.00,0.10,0.00,99.90,
CPU010,T0003,0.00,0.10,0.00,99.90,
CPU09,T0003,0.00,0.11,0.00,99.89,
CPU08,T0003,0.00,57.69,0.00,42.31,
CPU07,T0003,0.00,1.68,0.00,98.31,
CPU06,T0003,0.00,1.72,0.00,98.28,
CPU05,T0003,15.50,4.27,0.00,80.22,
CPU04,T0003,47.75,32.68,0.00,19.57,
CPU03,T0003,0.30,3.11,0.00,96.58,
CPU02,T0003,0.37,3.12,0.00,96.50,
CPU01,T0003,18.37,8.76,0.02,72.85,
CPU00,T0003,71.04,24.36,0.00,4.59,
DISKBUSY,T0003,0.00,0.00,0.00,
DISKREAD,T0003,7.02,7.02,0.00,
DISKWRITE,T0003,11.52,54.82,0.00,
DISKXFER,T0003,1.16,5.83,0.00,
DISKSERV,T0003,0.00,0.00,0.00,
DISKWAIT,T0003,0.00,0.00,0.00,
MEMREAL,T0003,9437184.00,58937.20,15.44,46.67,52.71,50.07,
MEMVIRT,T0003,2097152.00,99.41,0.59,0.33,2.13,0.00,0.00,1.99,2240.38,0.00,
PROC,T0003,7.87,0.00,12021.21,29580.63,2840.41,3286.71,12.14,11.45,76.20,10.20,123.20,
LAN,T0003,18501.72,0.00,0.12,1064.97,0.37,0.95,3235.89,0.05,0.58,5173.01,4.13,15.53,0.00,0.00,0.00,
IP,T0003,10.32,4.01,15.53,5173.01,10.32,0.05,0.58,3235.85,2.13,0.28,0.73,697.57,2.13,0.01,0.12,4522.27,
TCPUDP,T0003,3235.94,5177.06,9.70,7.76,
FILE,T0003,0.87,3003.55,0.00,7619704.50,6929752.50,
JFSFILE,T0003,15.19,70.88,77.01,73.83,3.90,44.42,
JFSINODE,T0003,3.03,9.31,19.58,4.32,0.03,2.26,
LPAR,T0003,0.91,3.00,12.00,64.00,2.00,128.00,49.73,1.42,1.42,1.00,
ZZZZ,T0004,00:22:50,24-Sep-2019,,
CPU_ALL,T0004,6.01,3.47,0.01,90.52,12.00,
CPU011,T0004,0.00,0.24,0.00,99.76,
CPU010,T0004,0.00,0.23,0.00,99.77,
CPU09,T0004,0.00,0.25,0.00,99.75,
CPU08,T0004,0.00,57.89,0.00,42.11,
CPU07,T0004,0.00,0.23,0.00,99.77,
CPU06,T0004,0.00,0.27,0.00,99.73,
CPU05,T0004,0.00,0.27,0.00,99.73,
CPU04,T0004,0.00,57.63,0.00,42.37,
CPU03,T0004,0.80,2.54,0.06,96.60,
CPU02,T0004,0.69,2.46,0.01,96.83,
CPU01,T0004,8.47,9.47,0.17,81.88,
CPU00,T0004,62.91,32.98,0.00,4.11,
DISKBUSY,T0004,0.00,0.00,0.00,
DISKREAD,T0004,15.84,14.03,0.00,
DISKWRITE,T0004,10.43,59.39,0.00,
DISKXFER,T0004,1.20,6.51,0.00,
DISKSERV,T0004,0.00,0.00,0.00,
DISKWAIT,T0004,0.00,0.00,0.00,
MEMREAL,T0004,9437184.00,61996.00,15.44,46.63,52.71,50.07,
MEMVIRT,T0004,2097152.00,99.41,0.59,0.55,2.38,0.00,0.00,2.38,2251.36,0.00,
PROC,T0004,7.68,0.00,7175.51,16524.24,531.09,152.01,12.18,11.49,41.20,4.00,122.60,
LAN,T0004,516.85,0.01,0.13,447.72,0.38,0.25,1109.41,0.05,0.63,1103.35,4.37,3.22,0.00,0.00,0.00,
IP,T0004,10.50,4.25,3.22,1103.35,10.50,0.05,0.63,1109.38,2.13,0.29,0.21,432.63,2.13,0.00,0.13,516.84,
TCPUDP,T0004,1108.65,1107.50,10.33,7.96,
FILE,T0004,1.04,2922.95,0.00,787833.94,21336.31,
JFSFILE,T0004,15.19,70.88,77.01,73.84,3.90,44.42,
JFSINODE,T0004,3.03,9.31,19.58,4.33,0.03,2.26,
LPAR,T0004,0.34,3.00,12.00,64.00,2.00,128.00,49.88,0.53,0.53,1.00,
ZZZZ,T0005,00:27:50,24-Sep-2019,,
CPU_ALL,T0005,3.04,2.66,0.00,94.29,12.00,
CPU011,T0005,0.00,1.39,0.00,98.61,
CPU010,T0005,0.00,1.39,0.00,98.61,
CPU09,T0005,0.00,1.55,0.00,98.45,
CPU08,T0005,0.00,49.82,0.00,50.18,
CPU07,T0005,0.00,1.51,0.00,98.49,
CPU06,T0005,0.00,1.56,0.00,98.44,
CPU05,T0005,0.00,1.70,0.00,98.30,
CPU04,T0005,0.00,46.86,0.00,53.14,
CPU03,T0005,0.52,1.22,0.02,98.24,
CPU02,T0005,0.42,1.27,0.00,98.31,
CPU01,T0005,8.76,11.55,0.04,79.65,
CPU00,T0005,51.66,44.84,0.01,3.49,
DISKBUSY,T0005,0.00,0.00,0.00,
DISKREAD,T0005,7.02,7.02,0.00,
DISKWRITE,T0005,8.45,52.38,0.00,
DISKXFER,T0005,0.94,5.68,0.00,
DISKSERV,T0005,0.00,0.00,0.00,
DISKWAIT,T0005,0.00,0.00,0.00,
MEMREAL,T0005,9437184.00,62937.80,15.44,46.62,52.71,50.07,
MEMVIRT,T0005,2097152.00,99.41,0.59,0.00,1.85,0.00,0.00,1.81,2231.66,0.00,
PROC,T0005,7.29,0.00,5383.92,15236.79,551.51,95.90,12.14,11.46,39.80,2.20,122.40,
LAN,T0005,151.31,0.00,0.13,58.77,0.37,0.21,199.01,0.05,0.70,193.89,4.11,2.41,0.00,0.00,0.00,
IP,T0005,9.87,3.99,2.41,193.89,9.87,0.05,0.70,199.01,1.87,0.28,0.18,56.12,1.87,0.00,0.13,151.31,
TCPUDP,T0005,197.89,197.32,9.69,7.74,
FILE,T0005,0.83,3037.29,0.00,864249.75,18634.89,
JFSFILE,T0005,15.19,70.88,77.01,73.84,3.90,44.41,
JFSINODE,T0005,3.03,9.31,19.58,4.32,0.03,2.26,
LPAR,T0005,0.20,3.00,12.00,64.00,2.00,128.00,49.51,0.32,0.32,1.00,
ZZZZ,T0006,00:32:50,24-Sep-2019,,
CPU_ALL,T0006,2.53,2.51,0.00,94.96,12.00,
CPU011,T0006,0.00,1.86,0.00,98.14,
CPU010,T0006,0.00,1.93,0.00,98.07,
CPU09,T0006,0.00,2.12,0.00,97.88,
CPU08,T0006,0.00,45.73,0.00,54.27,
CPU07,T0006,0.00,1.97,0.00,98.03,
CPU06,T0006,0.00,2.05,0.00,97.95,
CPU05,T0006,0.00,2.25,0.00,97.75,
CPU04,T0006,0.00,44.16,0.00,55.84,
CPU03,T0006,0.24,0.69,0.00,99.07,
CPU02,T0006,0.62,1.27,0.00,98.10,
CPU01,T0006,9.31,9.61,0.01,81.07,
CPU00,T0006,48.77,47.87,0.01,3.36,
DISKBUSY,T0006,0.00,0.00,0.00,
DISKREAD,T0006,14.03,14.03,0.00,
DISKWRITE,T0006,9.25,52.44,0.00,
DISKXFER,T0006,1.08,5.77,0.00,
DISKSERV,T0006,0.00,0.00,0.00,
DISKWAIT,T0006,0.00,0.00,0.00,
MEMREAL,T0006,9437184.00,62878.60,15.44,46.62,52.71,50.07,
MEMVIRT,T0006,2097152.00,99.41,0.59,1.83,1.73,0.00,0.01,1.85,2235.26,0.00,
PROC,T0006,7.51,0.00,5098.55,14952.70,539.79,117.35,12.16,11.47,33.80,2.00,123.00,
LAN,T0006,91.70,0.00,0.13,11.23,0.35,0.20,44.53,0.05,0.65,39.82,4.15,2.24,0.00,0.00,0.00,
IP,T0006,10.61,4.03,2.24,39.82,10.61,0.05,0.65,44.53,2.19,0.27,0.17,10.69,2.19,0.01,0.13,91.70,
TCPUDP,T0006,43.75,44.05,10.14,7.70,
FILE,T0006,0.94,2962.23,0.00,829168.00,21577.86,
JFSFILE,T0006,15.19,70.88,77.01,73.84,3.90,44.38,
JFSINODE,T0006,3.03,9.31,19.58,4.33,0.03,2.26,
LPAR,T0006,0.18,3.00,12.00,64.00,2.00,128.00,45.99,0.28,0.28,1.00,
ZZZZ,T0007,00:37:50,24-Sep-2019,,
CPU_ALL,T0007,2.64,2.43,0.00,94.93,12.00,
CPU011,T0007,0.00,1.87,0.00,98.13,
CPU010,T0007,0.00,1.78,0.00,98.22,
CPU09,T0007,0.00,1.98,0.00,98.02,
CPU08,T0007,3.25,46.14,0.00,50.61,
CPU07,T0007,0.00,1.68,0.00,98.32,
CPU06,T0007,0.00,1.86,0.00,98.14,
CPU05,T0007,0.00,2.06,0.00,97.94,
CPU04,T0007,3.46,47.37,0.00,49.17,
CPU03,T0007,0.39,1.69,0.00,97.91,
CPU02,T0007,1.00,2.12,0.00,96.89,
CPU01,T0007,12.74,8.23,0.01,79.01,
CPU00,T0007,50.01,46.45,0.01,3.54,
DISKBUSY,T0007,0.00,0.00,0.00,
DISKREAD,T0007,7.02,7.02,0.00,
DISKWRITE,T0007,7.68,64.54,0.00,
DISKXFER,T0007,0.91,6.80,0.00,
DISKSERV,T0007,0.00,0.00,0.00,
DISKWAIT,T0007,0.00,0.00,0.00,
MEMREAL,T0007,9437184.00,63182.80,15.44,46.62,52.71,50.07,
MEMVIRT,T0007,2097152.00,99.41,0.59,0.66,2.34,0.00,0.00,2.35,2265.94,0.00,
PROC,T0007,9.51,0.20,4946.46,13969.54,525.71,190.06,12.07,11.38,35.40,2.00,122.20,
LAN,T0007,89.62,0.01,0.13,9.82,0.37,0.65,42.79,0.06,0.63,38.20,4.10,10.33,0.00,0.00,0.00,
IP,T0007,9.52,3.99,10.33,38.20,9.52,0.06,0.63,42.79,1.76,0.28,0.51,9.30,1.76,0.00,0.13,89.62,
TCPUDP,T0007,40.78,41.43,9.92,7.78,
FILE,T0007,0.95,2782.29,0.00,790470.31,19984.93,
JFSFILE,T0007,15.19,70.88,77.01,73.85,3.90,44.39,
JFSINODE,T0007,3.03,9.31,19.58,4.33,0.03,2.26,
LPAR,T0007,0.18,3.00,12.00,64.00,2.00,128.00,46.81,0.28,0.28,1.00,
ZZZZ,T0008,00:42:50,24-Sep-2019,,
CPU_ALL,T0008,2.57,2.57,0.01,94.85,12.00,
CPU011,T0008,0.00,1.61,0.00,98.39,
CPU010,T0008,0.00,1.61,0.00,98.39,
CPU09,T0008,0.00,1.79,0.00,98.21,
CPU08,T0008,0.00,48.65,0.00,51.35,
CPU07,T0008,0.00,1.73,0.00,98.27,
CPU06,T0008,0.00,1.76,0.00,98.24,
CPU05,T0008,0.00,1.90,0.00,98.10,
CPU04,T0008,0.00,44.97,0.00,55.03,
CPU03,T0008,0.46,1.33,0.00,98.22,
CPU02,T0008,1.13,3.15,0.00,95.71,
CPU01,T0008,8.93,7.25,0.04,83.78,
CPU00,T0008,48.65,48.14,0.02,3.20,
DISKBUSY,T0008,0.00,0.00,0.00,
DISKREAD,T0008,14.03,14.03,0.00,
DISKWRITE,T0008,7.09,54.98,0.00,
DISKXFER,T0008,0.92,6.14,0.00,
DISKSERV,T0008,0.00,0.00,0.00,
DISKWAIT,T0008,0.00,0.00,0.00,
MEMREAL,T0008,9437184.00,63214.00,15.44,46.62,52.71,50.06,
MEMVIRT,T0008,2097152.00,99.41,0.59,15.23,4.37,0.00,0.00,3.55,2234.41,0.00,
PROC,T0008,9.22,0.20,4869.88,14743.00,549.85,99.67,12.17,11.48,40.60,2.00,123.00,
LAN,T0008,121.17,0.01,0.13,38.54,0.36,0.62,71.57,0.06,0.66,71.46,4.16,9.76,0.00,0.00,0.00,
IP,T0008,10.46,4.04,9.76,71.46,10.46,0.06,0.66,71.57,2.31,0.28,0.49,37.56,2.31,0.01,0.13,121.17,
TCPUDP,T0008,70.08,75.59,10.20,7.66,
FILE,T0008,1.04,3052.71,0.00,849459.38,35451.36,
JFSFILE,T0008,15.19,70.88,77.01,73.85,3.90,44.39,
JFSINODE,T0008,3.03,9.31,19.58,4.33,0.03,2.26,
LPAR,T0008,0.18,3.00,12.00,64.00,2.00,128.00,47.81,0.28,0.28,1.00,
ZZZZ,T0009,00:47:50,24-Sep-2019,,
CPU_ALL,T0009,2.67,2.68,0.04,94.61,12.00,
CPU011,T0009,0.00,1.27,0.00,98.73,
CPU010,T0009,0.00,1.31,0.00,98.69,
CPU09,T0009,0.00,1.45,0.00,98.55,
CPU08,T0009,0.00,52.07,0.00,47.93,
CPU07,T0009,0.00,1.40,0.00,98.60,
CPU06,T0009,0.00,1.47,0.00,98.53,
CPU05,T0009,0.00,1.56,0.00,98.44,
CPU04,T0009,0.00,50.10,0.00,49.90,
CPU03,T0009,0.32,1.37,0.01,98.30,
CPU02,T0009,0.34,3.22,0.00,96.45,
CPU01,T0009,8.02,9.04,0.05,82.89,
CPU00,T0009,49.05,47.75,0.03,3.17,
DISKBUSY,T0009,0.00,0.00,0.00,
DISKREAD,T0009,7.02,7.02,0.00,
DISKWRITE,T0009,7.28,56.84,0.00,
DISKXFER,T0009,0.88,6.30,0.00,
DISKSERV,T0009,0.00,0.00,0.00,
DISKWAIT,T0009,0.00,0.00,0.00,
MEMREAL,T0009,9437184.00,65968.60,15.44,46.62,52.68,50.04,
MEMVIRT,T0009,2097152.00,99.41,0.59,31.97,8.00,0.00,0.00,6.12,2241.84,0.00,
PROC,T0009,7.59,0.60,4858.55,14819.83,566.57,101.77,12.15,11.47,33.40,2.00,123.00,
LAN,T0009,156.70,0.00,0.13,70.98,0.36,0.48,100.95,0.04,0.71,105.86,4.17,7.11,0.00,0.00,0.00,
IP,T0009,9.32,4.05,7.11,105.86,9.32,0.04,0.71,100.95,1.75,0.28,0.38,69.53,1.75,0.00,0.13,156.70,
TCPUDP,T0009,98.46,108.76,10.34,7.86,
FILE,T0009,1.14,3059.34,0.00,871069.56,52739.21,
JFSFILE,T0009,15.19,70.88,77.01,73.85,3.90,44.40,
JFSINODE,T0009,3.03,9.31,19.58,4.33,0.03,2.26,
LPAR,T0009,0.19,3.00,12.00,64.00,2.00,128.00,48.06,0.29,0.29,1.00,
ZZZZ,T0010,00:52:50,24-Sep-2019,,
CPU_ALL,T0010,2.60,2.49,0.01,94.91,12.00,
CPU011,T0010,0.00,1.64,0.00,98.36,
CPU010,T0010,0.00,1.60,0.00,98.40,
CPU09,T0010,0.00,1.74,0.00,98.26,
CPU08,T0010,0.00,48.42,0.00,51.58,
CPU07,T0010,0.00,1.68,0.00,98.32,
CPU06,T0010,0.00,1.87,0.00,98.13,
CPU05,T0010,0.00,2.05,0.00,97.95,
CPU04,T0010,0.00,44.98,0.00,55.02,
CPU03,T0010,0.62,1.35,0.00,98.03,
CPU02,T0010,0.67,2.27,0.00,97.06,
CPU01,T0010,9.07,10.87,0.07,79.99,
CPU00,T0010,50.09,46.60,0.01,3.30,
DISKBUSY,T0010,0.00,0.00,0.00,
DISKREAD,T0010,14.03,14.03,0.00,
DISKWRITE,T0010,7.09,62.78,0.00,
DISKXFER,T0010,0.91,6.92,0.00,
DISKSERV,T0010,0.00,0.00,0.00,
DISKWAIT,T0010,0.00,0.00,0.00,
MEMREAL,T0010,9437184.00,68149.00,15.44,46.62,52.66,50.01,
MEMVIRT,T0010,2097152.00,99.41,0.59,12.46,4.55,0.00,0.00,3.78,2241.05,0.00,
PROC,T0010,9.27,0.20,4799.28,13643.42,523.36,206.94,12.18,11.49,40.20,2.00,123.00,
LAN,T0010,115.79,0.00,0.13,33.60,0.36,0.34,66.51,0.06,0.69,65.52,4.18,4.70,0.00,0.00,0.00,
IP,T0010,10.11,4.07,4.70,65.52,10.11,0.06,0.69,66.51,2.01,0.27,0.27,32.70,2.00,0.00,0.13,115.78,
TCPUDP,T0010,64.72,69.23,10.56,7.75,
FILE,T0010,1.17,2751.97,0.00,729772.12,34171.02,
JFSFILE,T0010,15.19,70.88,77.01,73.85,3.90,44.40,
JFSINODE,T0010,3.03,9.31,19.58,4.33,0.03,2.26,
LPAR,T0010,0.18,3.00,12.00,64.00,2.00,128.00,47.85,0.28,0.28,1.00,
ZZZZ,T0011,00:57:50,24-Sep-2019,,
CPU_ALL,T0011,2.60,3.35,0.14,93.91,12.00,
CPU011,T0011,0.00,2.06,0.00,97.94,
CPU010,T0011,0.08,2.86,0.06,97.00,
CPU09,T0011,1.69,10.72,0.80,86.79,
CPU08,T0011,2.76,51.00,0.34,45.90,
CPU07,T0011,0.45,3.98,0.27,95.30,
CPU06,T0011,0.36,3.64,0.11,95.90,
CPU05,T0011,3.04,12.48,0.88,83.59,
CPU04,T0011,3.84,47.57,0.43,48.16,
CPU03,T0011,1.38,2.73,0.15,95.74,
CPU02,T0011,1.55,4.52,0.16,93.77,
CPU01,T0011,8.88,12.92,0.42,77.79,
CPU00,T0011,46.19,50.45,0.14,3.22,
DISKBUSY,T0011,0.00,0.00,0.00,
DISKREAD,T0011,7.02,7.02,0.00,
DISKWRITE,T0011,6.32,58.60,0.00,
DISKXFER,T0011,0.77,6.13,0.00,
DISKSERV,T0011,0.00,0.00,0.00,
DISKWAIT,T0011,0.00,0.00,0.00,
MEMREAL,T0011,9437184.00,74331.60,15.44,46.62,52.59,49.95,
MEMVIRT,T0011,2097152.00,99.41,0.59,540.23,122.08,0.00,0.00,57.48,2262.64,0.00,
PROC,T0011,5.95,0.25,5439.46,15362.25,574.95,155.67,12.14,11.45,40.60,2.80,123.20,
LAN,T0011,568.40,0.01,0.14,487.60,0.36,0.31,224.33,0.05,0.74,239.78,4.07,4.19,0.00,0.00,0.00,
IP,T0011,9.87,3.95,4.19,239.78,9.87,0.05,0.74,224.32,2.06,0.28,0.25,484.33,2.06,0.01,0.14,568.39,
TCPUDP,T0011,214.66,243.38,18.49,7.71,
FILE,T0011,0.86,3113.26,0.00,1337197.75,465771.25,
JFSFILE,T0011,15.20,70.88,77.01,73.85,3.90,44.40,
JFSINODE,T0011,3.03,9.31,19.58,4.33,0.03,2.26,
LPAR,T0011,0.21,3.00,12.00,64.00,2.00,128.00,47.22,0.32,0.32,1.00,
ZZZZ,T0012,01:02:50,24-Sep-2019,,
CPU_ALL,T0012,6.94,13.21,1.07,78.78,12.00,
CPU011,T0012,0.57,5.27,0.69,93.47,
CPU010,T0012,0.70,5.66,0.47,93.17,
CPU09,T0012,4.57,20.77,1.85,72.81,
CPU08,T0012,6.85,63.10,0.79,29.26,
CPU07,T0012,1.46,8.27,0.65,89.62,
CPU06,T0012,1.55,8.76,0.68,89.01,
CPU05,T0012,6.51,23.43,1.76,68.29,
CPU04,T0012,7.60,63.69,0.83,27.88,
CPU03,T0012,2.77,12.90,0.85,83.47,
CPU02,T0012,2.93,13.17,0.78,83.12,
CPU01,T0012,13.61,30.42,1.42,54.55,
CPU00,T0012,44.77,48.78,0.71,5.74,
DISKBUSY,T0012,0.00,0.00,0.00,
DISKREAD,T0012,14.06,14.03,0.00,
DISKWRITE,T0012,11.63,109.38,0.00,
DISKXFER,T0012,1.30,9.53,0.00,
DISKSERV,T0012,0.00,0.00,0.00,
DISKWAIT,T0012,0.00,0.00,0.00,
MEMREAL,T0012,9437184.00,201218.80,15.44,46.61,51.25,48.61,
MEMVIRT,T0012,2097152.00,99.41,0.59,7809.43,2401.55,0.00,0.00,760.21,2491.26,0.00,
PROC,T0012,8.99,0.89,14245.07,23011.21,747.25,667.47,12.19,11.50,83.80,8.40,123.00,
LAN,T0012,9570.94,0.00,0.14,9431.23,0.37,0.19,3408.76,0.06,0.72,3982.31,4.33,2.13,0.00,0.00,0.00,
IP,T0012,10.10,4.21,2.13,3982.31,10.10,0.06,0.72,3408.68,1.96,0.28,0.17,9376.79,1.96,0.00,0.14,6030.26,
TCPUDP,T0012,3325.25,3986.07,92.60,7.85,
FILE,T0012,1.25,4208.65,0.00,9460178.00,8728648.00,
JFSFILE,T0012,15.20,70.88,77.01,73.85,3.90,44.41,
JFSINODE,T0012,3.03,9.31,19.58,4.33,0.03,2.26,
LPAR,T0012,0.66,3.00,12.00,64.00,2.00,128.00,44.87,1.03,1.03,1.00,
ZZZZ,T0013,01:07:50,24-Sep-2019,,
CPU_ALL,T0013,2.95,2.70,0.03,94.33,12.00,
CPU011,T0013,0.00,1.30,0.00,98.70,
CPU010,T0013,0.00,1.17,0.00,98.83,
CPU09,T0013,0.76,1.66,0.00,97.59,
CPU08,T0013,26.69,40.30,0.09,32.91,
CPU07,T0013,0.00,1.46,0.00,98.54,
CPU06,T0013,0.00,1.54,0.00,98.46,
CPU05,T0013,0.59,2.37,0.00,97.04,
CPU04,T0013,15.17,46.65,0.03,38.15,
CPU03,T0013,0.53,0.82,0.01,98.64,
CPU02,T0013,0.99,1.16,0.01,97.84,
CPU01,T0013,10.98,13.18,0.12,75.71,
CPU00,T0013,50.72,45.79,0.03,3.46,
DISKBUSY,T0013,0.00,0.20,0.00,
DISKREAD,T0013,498.14,750.71,0.00,
DISKWRITE,T0013,8.96,94.22,0.00,
DISKXFER,T0013,3.33,13.87,0.00,
DISKSERV,T0013,0.00,0.00,0.00,
DISKWAIT,T0013,0.00,0.00,0.00,
MEMREAL,T0013,9437184.00,217668.20,15.44,46.60,51.09,48.44,
MEMVIRT,T0013,2097152.00,99.41,0.59,9.99,5.51,0.00,0.00,3.85,3241.36,0.00,
PROC,T0013,8.47,0.20,5045.73,15539.21,649.72,180.10,16.56,15.97,43.60,2.20,122.60,
LAN,T0013,115.13,0.01,0.13,35.34,0.35,0.19,70.85,0.05,0.64,63.56,4.03,2.12,0.00,0.00,0.00,
IP,T0013,11.75,3.91,2.12,63.56,11.75,0.05,0.64,70.85,2.21,0.27,0.16,34.48,2.21,0.01,0.13,115.13,
TCPUDP,T0013,67.21,68.70,13.60,7.97,
FILE,T0013,2.20,3095.45,0.00,1585420.62,37099.98,
JFSFILE,T0013,15.20,70.89,77.01,73.86,3.90,44.41,
JFSINODE,T0013,3.03,9.31,19.58,4.33,0.03,2.26,
LPAR,T0013,0.20,3.00,12.00,64.00,2.00,128.00,49.13,0.31,0.31,1.00,
ZZZZ,T0014,01:12:50,24-Sep-2019,,
CPU_ALL,T0014,4.65,2.68,0.00,92.66,12.00,
CPU011,T0014,0.00,1.24,0.00,98.76,
CPU010,T0014,0.00,1.53,0.00,98.47,
CPU09,T0014,0.00,1.38,0.00,98.62,
CPU08,T0014,0.00,50.32,0.00,49.68,
CPU07,T0014,0.00,1.37,0.00,98.63,
CPU06,T0014,0.00,1.41,0.00,98.59,
CPU05,T0014,0.00,1.54,0.00,98.46,
CPU04,T0014,0.00,47.74,0.00,52.26,
CPU03,T0014,1.24,1.27,0.00,97.49,
CPU02,T0014,0.50,1.02,0.00,98.48,
CPU01,T0014,8.65,8.78,0.10,82.48,
CPU00,T0014,58.86,38.08,0.01,3.05,
DISKBUSY,T0014,0.00,0.00,0.00,
DISKREAD,T0014,14.03,14.03,0.00,
DISKWRITE,T0014,10.37,55.89,0.00,
DISKXFER,T0014,1.05,6.17,0.00,
DISKSERV,T0014,0.00,0.00,0.00,
DISKWAIT,T0014,0.00,0.00,0.00,
MEMREAL,T0014,9437184.00,218758.20,15.44,46.60,51.08,48.43,
MEMVIRT,T0014,2097152.00,99.41,0.59,0.65,2.30,0.00,0.00,2.27,2231.44,0.00,
PROC,T0014,9.85,0.00,5663.95,14478.47,515.16,205.37,12.14,11.45,42.20,3.40,123.00,
LAN,T0014,236.31,0.00,0.13,421.85,0.36,0.19,371.23,0.06,0.69,381.13,4.19,2.18,0.00,0.00,0.00,
IP,T0014,10.57,4.08,2.18,381.13,10.57,0.06,0.69,371.23,2.10,0.28,0.16,416.64,2.10,0.00,0.13,236.30,
TCPUDP,T0014,369.89,385.25,10.27,7.67,
FILE,T0014,1.04,2756.66,0.00,717698.00,23515.35,
JFSFILE,T0014,15.20,70.89,77.01,73.86,3.90,44.42,
JFSINODE,T0014,3.03,9.31,19.58,4.33,0.03,2.26,
LPAR,T0014,0.26,3.00,12.00,64.00,2.00,128.00,48.12,0.40,0.40,1.00,
ZZZZ,T0015,01:17:50,24-Sep-2019,,
CPU_ALL,T0015,3.87,2.77,0.00,93.36,12.00,
CPU011,T0015,0.00,1.25,0.00,98.75,
CPU010,T0015,0.00,1.28,0.00,98.72,
CPU09,T0015,0.00,1.42,0.00,98.58,
CPU08,T0015,0.00,51.30,0.00,48.70,
CPU07,T0015,0.00,1.24,0.00,98.76,
CPU06,T0015,0.00,1.35,0.00,98.65,
CPU05,T0015,0.00,1.43,0.00,98.57,
CPU04,T0015,0.00,51.52,0.00,48.48,
CPU03,T0015,0.40,1.15,0.14,98.32,
CPU02,T0015,0.44,1.24,0.00,98.32,
CPU01,T0015,10.41,11.05,0.02,78.52,
CPU00,T0015,54.47,42.02,0.00,3.50,
DISKBUSY,T0015,0.00,0.00,0.00,
DISKREAD,T0015,14.03,7.02,0.00,
DISKWRITE,T0015,10.64,56.92,0.00,
DISKXFER,T0015,1.08,6.08,0.00,
DISKSERV,T0015,0.00,0.00,0.00,
DISKWAIT,T0015,0.00,0.00,0.00,
MEMREAL,T0015,9437184.00,219235.59,15.44,46.60,51.08,48.43,
MEMVIRT,T0015,2097152.00,99.41,0.59,3.01,1.95,0.00,0.00,2.10,2249.31,0.00,
PROC,T0015,7.66,0.00,5647.60,15495.96,539.39,96.58,12.21,11.51,41.40,2.60,123.20,
LAN,T0015,233.20,0.00,0.14,328.00,0.37,0.42,352.18,0.05,0.77,361.86,4.11,6.03,0.00,0.00,0.00,
IP,T0015,10.49,3.99,6.03,361.86,10.49,0.05,0.77,352.18,2.02,0.28,0.33,323.05,2.02,0.00,0.14,233.20,
TCPUDP,T0015,351.25,366.01,9.84,7.79,
FILE,T0015,0.86,3048.02,0.00,839479.88,23691.55,
JFSFILE,T0015,15.20,70.89,77.01,73.86,3.90,44.42,
JFSINODE,T0015,3.03,9.31,19.58,4.33,0.03,2.26,
LPAR,T0015,0.23,3.00,12.00,64.00,2.00,128.00,49.25,0.37,0.37,1.00,
ZZZZ,T0016,01:22:50,24-Sep-2019,,
CPU_ALL,T0016,3.31,2.61,0.01,94.07,12.00,
CPU011,T0016,0.00,1.31,0.00,98.69,
CPU010,T0016,0.00,1.28,0.00,98.72,
CPU09,T0016,0.00,1.42,0.00,98.58,
CPU08,T0016,0.00,50.90,0.00,49.10,
CPU07,T0016,0.00,1.28,0.00,98.72,
CPU06,T0016,0.00,1.36,0.00,98.64,
CPU05,T0016,0.00,1.49,0.00,98.51,
CPU04,T0016,0.00,50.81,0.00,49.19,
CPU03,T0016,0.63,1.19,0.00,98.18,
CPU02,T0016,0.70,2.08,0.05,97.17,
CPU01,T0016,9.43,8.75,0.13,81.69,
CPU00,T0016,54.20,42.25,0.01,3.54,
DISKBUSY,T0016,0.00,0.00,0.00,
DISKREAD,T0016,7.02,7.02,0.00,
DISKWRITE,T0016,9.87,60.36,0.00,
DISKXFER,T0016,0.99,6.59,0.00,
DISKSERV,T0016,0.00,0.00,0.00,
DISKWAIT,T0016,0.00,0.00,0.00,
MEMREAL,T0016,9437184.00,219057.00,15.44,46.59,51.08,48.44,
MEMVIRT,T0016,2097152.00,99.41,0.59,0.42,2.43,0.00,0.00,2.70,2230.68,0.00,
PROC,T0016,11.12,0.00,5468.40,14318.68,517.73,205.49,12.17,11.47,37.40,2.40,123.00,
LAN,T0016,159.12,0.01,0.13,135.71,0.38,0.42,251.77,0.07,0.71,245.30,4.41,6.13,0.00,0.00,0.00,
IP,T0016,10.92,4.29,6.13,245.30,10.92,0.07,0.71,251.77,2.15,0.30,0.34,132.35,2.15,0.01,0.13,159.12,
TCPUDP,T0016,250.88,249.91,10.24,7.89,
FILE,T0016,1.03,2756.56,0.00,716713.38,21648.92,
JFSFILE,T0016,15.20,70.89,77.01,73.87,3.90,44.42,
JFSINODE,T0016,3.03,9.31,19.58,4.33,0.03,2.26,
LPAR,T0016,0.21,3.00,12.00,64.00,2.00,128.00,49.47,0.33,0.33,1.00,
ZZZZ,T0017,01:27:50,24-Sep-2019,,
CPU_ALL,T0017,5.06,2.96,0.01,91.98,12.00,
CPU011,T0017,0.00,0.83,0.00,99.17,
CPU010,T0017,0.00,0.82,0.00,99.18,
CPU09,T0017,0.00,0.94,0.00,99.06,
CPU08,T0017,0.00,54.97,0.00,45.03,
CPU07,T0017,0.00,0.84,0.00,99.16,
CPU06,T0017,0.00,0.84,0.00,99.16,
CPU05,T0017,0.00,0.91,0.00,99.09,
CPU04,T0017,0.00,54.66,0.00,45.34,
CPU03,T0017,0.67,1.43,0.14,97.75,
CPU02,T0017,1.65,1.74,0.00,96.61,
CPU01,T0017,8.76,8.58,0.11,82.56,
CPU00,T0017,59.05,37.74,0.00,3.20,
DISKBUSY,T0017,0.00,0.00,0.00,
DISKREAD,T0017,14.06,14.03,0.00,
DISKWRITE,T0017,11.31,56.08,0.00,
DISKXFER,T0017,1.17,5.99,0.00,
DISKSERV,T0017,0.00,0.00,0.00,
DISKWAIT,T0017,0.00,0.00,0.00,
MEMREAL,T0017,9437184.00,220116.41,15.44,46.58,51.09,48.44,
MEMVIRT,T0017,2097152.00,99.41,0.59,0.00,2.11,0.00,0.00,2.00,2248.79,0.00,
PROC,T0017,10.69,0.00,5933.99,16033.78,563.07,106.82,12.16,11.49,44.60,3.40,122.40,
LAN,T0017,308.17,0.01,0.15,551.72,0.36,0.35,529.67,0.05,0.82,553.58,4.09,4.84,0.00,0.00,0.00,
IP,T0017,10.14,3.97,4.84,553.58,10.14,0.05,0.82,529.66,2.03,0.28,0.28,544.15,2.03,0.01,0.15,308.17,
TCPUDP,T0017,528.61,557.42,9.72,7.76,
FILE,T0017,0.86,2975.51,0.00,906596.38,19689.60,
JFSFILE,T0017,15.20,70.89,77.01,73.87,3.90,44.43,
JFSINODE,T0017,3.03,9.31,19.58,4.33,0.03,2.26,
LPAR,T0017,0.28,3.00,12.00,64.00,2.00,128.00,50.95,0.44,0.44,1.00,
ZZZZ,T0018,01:32:50,24-Sep-2019,,
CPU_ALL,T0018,2.75,2.70,0.01,94.55,12.00,
CPU011,T0018,0.00,1.47,0.00,98.53,
CPU010,T0018,0.00,1.60,0.00,98.40,
CPU09,T0018,0.00,1.75,0.00,98.25,
CPU08,T0018,8.90,47.08,0.00,44.02,
CPU07,T0018,0.00,1.60,0.00,98.40,
CPU06,T0018,0.00,1.73,0.00,98.27,
CPU05,T0018,0.02,1.91,0.00,98.07,
CPU04,T0018,11.16,45.09,0.01,43.74,
CPU03,T0018,1.43,1.33,0.05,97.20,
CPU02,T0018,0.64,0.90,0.00,98.47,
CPU01,T0018,10.20,10.74,0.19,78.88,
CPU00,T0018,48.85,47.77,0.01,3.36,
DISKBUSY,T0018,0.00,0.00,0.00,
DISKREAD,T0018,21.05,35.75,0.00,
DISKWRITE,T0018,7.89,73.28,0.00,
DISKXFER,T0018,0.97,6.94,0.00,
DISKSERV,T0018,0.00,0.00,0.00,
DISKWAIT,T0018,0.00,0.00,0.00,
MEMREAL,T0018,9437184.00,220086.80,15.44,46.58,51.09,48.44,
MEMVIRT,T0018,2097152.00,99.41,0.59,0.00,3.57,0.00,0.00,3.56,2898.15,0.00,
PROC,T0018,10.33,0.00,5101.16,15470.58,598.51,168.18,16.58,14.49,35.60,2.00,123.00,
LAN,T0018,89.42,0.00,0.13,9.77,0.36,0.26,45.10,0.07,0.67,40.38,4.22,3.29,0.00,0.00,0.00,
IP,T0018,10.72,4.10,3.29,40.38,10.72,0.07,0.67,45.10,2.22,0.27,0.21,9.21,2.22,0.00,0.13,89.42,
TCPUDP,T0018,43.85,44.59,10.44,7.67,
FILE,T0018,1.08,3036.03,0.00,960032.94,43304.96,
JFSFILE,T0018,15.20,70.89,77.01,73.87,3.90,44.43,
JFSINODE,T0018,3.03,9.31,19.58,4.33,0.03,2.26,
LPAR,T0018,0.19,3.00,12.00,64.00,2.00,128.00,50.03,0.30,0.30,1.00,
ZZZZ,T0019,01:37:50,24-Sep-2019,,
CPU_ALL,T0019,2.67,2.49,0.00,94.84,12.00,
CPU011,T0019,0.00,1.70,0.00,98.30,
CPU010,T0019,0.00,1.55,0.00,98.45,
CPU09,T0019,0.00,1.70,0.00,98.30,
CPU08,T0019,6.11,49.77,0.00,44.12,
CPU07,T0019,0.00,1.41,0.00,98.59,
CPU06,T0019,0.00,1.67,0.00,98.33,
CPU05,T0019,0.00,1.81,0.00,98.19,
CPU04,T0019,16.96,40.43,0.00,42.60,
CPU03,T0019,0.85,0.96,0.01,98.18,
CPU02,T0019,1.48,1.16,0.00,97.36,
CPU01,T0019,10.62,10.94,0.02,78.42,
CPU00,T0019,49.76,46.81,0.01,3.42,
DISKBUSY,T0019,0.00,0.00,0.00,
DISKREAD,T0019,7.02,7.02,0.00,
DISKWRITE,T0019,7.60,61.97,0.00,
DISKXFER,T0019,0.90,6.61,0.00,
DISKSERV,T0019,0.00,0.00,0.00,
DISKWAIT,T0019,0.00,0.00,0.00,
MEMREAL,T0019,9437184.00,220036.80,15.44,46.58,51.09,48.44,
MEMVIRT,T0019,2097152.00,99.41,0.59,0.00,2.13,0.00,0.00,2.12,2281.00,0.00,
PROC,T0019,8.43,0.00,4878.27,14048.20,532.16,160.00,12.15,11.46,31.60,2.00,123.20,
LAN,T0019,88.97,0.00,0.13,8.38,0.37,0.22,41.60,0.04,0.69,36.93,4.13,2.64,0.00,0.00,0.00,
IP,T0019,9.53,4.01,2.64,36.93,9.53,0.04,0.69,41.60,1.78,0.28,0.18,7.88,1.79,0.00,0.13,88.97,
TCPUDP,T0019,40.14,40.15,9.94,7.79,
FILE,T0019,0.97,2855.30,0.00,808538.75,20178.77,
JFSFILE,T0019,15.20,70.89,77.01,73.88,3.90,44.44,
JFSINODE,T0019,3.03,9.31,19.58,4.33,0.03,2.26,
LPAR,T0019,0.18,3.00,12.00,64.00,2.00,128.00,52.61,0.28,0.28,1.00,
ZZZZ,T0020,01:42:50,24-Sep-2019,,
CPU_ALL,T0020,2.44,2.50,0.00,95.06,12.00,
CPU011,T0020,0.00,1.89,0.00,98.11,
CPU010,T0020,0.00,1.91,0.00,98.09,
CPU09,T0020,0.00,2.14,0.00,97.86,
CPU08,T0020,0.00,46.78,0.00,53.22,
CPU07,T0020,0.00,1.85,0.00,98.15,
CPU06,T0020,0.00,1.97,0.00,98.03,
CPU05,T0020,0.00,2.08,0.00,97.92,
CPU04,T0020,0.00,47.03,0.00,52.97,
CPU03,T0020,0.41,0.58,0.13,98.88,
CPU02,T0020,0.76,1.22,0.00,98.02,
CPU01,T0020,8.49,9.82,0.01,81.68,
CPU00,T0020,48.23,48.62,0.01,3.14,
DISKBUSY,T0020,0.00,0.00,0.00,
DISKREAD,T0020,7.02,7.02,0.00,
DISKWRITE,T0020,6.51,53.24,0.00,
DISKXFER,T0020,0.81,5.87,0.00,
DISKSERV,T0020,0.00,0.00,0.00,
DISKWAIT,T0020,0.00,0.00,0.00,
MEMREAL,T0020,9437184.00,220036.59,15.44,46.58,51.09,48.44,
MEMVIRT,T0020,2097152.00,99.41,0.59,1.08,1.66,0.00,0.00,1.57,2222.17,0.00,
PROC,T0020,11.48,0.00,4747.79,14472.50,535.76,95.72,12.16,11.46,47.60,2.00,123.00,
LAN,T0020,92.89,0.01,0.13,10.86,0.36,0.41,43.31,0.08,0.65,38.66,4.14,6.09,0.00,0.00,0.00,
IP,T0020,10.02,4.03,6.09,38.66,10.02,0.08,0.65,43.31,2.06,0.28,0.33,10.33,2.06,0.01,0.13,92.88,
TCPUDP,T0020,42.57,42.38,10.00,7.60,
FILE,T0020,0.90,3040.24,0.00,827682.00,22258.35,
JFSFILE,T0020,15.20,70.89,77.01,73.88,3.90,44.44,
JFSINODE,T0020,3.03,9.31,19.58,4.33,0.03,2.26,
LPAR,T0020,0.17,3.00,12.00,64.00,2.00,128.00,54.22,0.27,0.27,1.00,
ZZZZ,T0021,01:47:50,24-Sep-2019,,
CPU_ALL,T0021,2.38,2.47,0.00,95.14,12.00,
CPU011,T0021,0.00,1.92,0.00,98.08,
CPU010,T0021,0.00,2.02,0.00,97.98,
CPU09,T0021,0.00,2.24,0.00,97.76,
CPU08,T0021,0.00,46.16,0.00,53.84,
CPU07,T0021,0.00,1.93,0.00,98.07,
CPU06,T0021,0.00,2.02,0.00,97.98,
CPU05,T0021,0.00,2.20,0.00,97.80,
CPU04,T0021,0.00,46.89,0.00,53.11,
CPU03,T0021,0.30,0.54,0.00,99.16,
CPU02,T0021,1.40,1.04,0.00,97.55,
CPU01,T0021,8.94,8.26,0.06,82.74,
CPU00,T0021,47.37,49.48,0.01,3.15,
DISKBUSY,T0021,0.00,0.00,0.00,
DISKREAD,T0021,14.03,14.03,0.00,
DISKWRITE,T0021,6.69,56.63,0.00,
DISKXFER,T0021,0.87,6.16,0.00,
DISKSERV,T0021,0.00,0.00,0.00,
DISKWAIT,T0021,0.00,0.00,0.00,
MEMREAL,T0021,9437184.00,220025.80,15.44,46.58,51.09,48.44,
MEMVIRT,T0021,2097152.00,99.41,0.59,0.00,1.75,0.00,0.00,1.74,2251.73,0.00,
PROC,T0021,8.15,0.00,4758.34,14304.88,543.55,155.20,12.17,11.49,35.40,2.00,122.60,
LAN,T0021,88.27,0.01,0.13,8.39,0.37,0.19,40.80,0.04,0.66,36.35,4.25,2.03,0.00,0.00,0.00,
IP,T0021,9.57,4.14,2.03,36.35,9.57,0.04,0.66,40.80,1.93,0.29,0.16,7.89,1.93,0.01,0.13,88.27,
TCPUDP,T0021,40.14,39.59,9.71,7.90,
FILE,T0021,0.88,2964.53,0.00,836952.19,19165.01,
JFSFILE,T0021,15.20,70.89,77.01,73.88,3.90,44.44,
JFSINODE,T0021,3.03,9.31,19.58,4.33,0.03,2.26,
LPAR,T0021,0.17,3.00,12.00,64.00,2.00,128.00,54.06,0.27,0.27,1.00,
ZZZZ,T0022,01:52:50,24-Sep-2019,,
CPU_ALL,T0022,1.84,2.30,0.01,95.85,12.00,
CPU011,T0022,0.00,1.99,0.00,98.01,
CPU010,T0022,0.00,1.91,0.00,98.09,
CPU09,T0022,0.00,2.09,0.00,97.91,
CPU08,T0022,0.00,45.13,0.00,54.87,
CPU07,T0022,0.00,1.99,0.00,98.01,
CPU06,T0022,0.00,2.19,0.00,97.81,
CPU05,T0022,0.00,2.39,0.00,97.61,
CPU04,T0022,0.00,41.75,0.00,58.25,
CPU03,T0022,0.64,0.98,0.00,98.38,
CPU02,T0022,0.68,1.39,0.09,97.84,
CPU01,T0022,7.12,10.28,0.13,82.48,
CPU00,T0022,43.10,53.20,0.00,3.70,
DISKBUSY,T0022,0.00,0.00,0.00,
DISKREAD,T0022,7.02,7.02,0.00,
DISKWRITE,T0022,6.45,60.53,0.00,
DISKXFER,T0022,0.79,6.82,0.00,
DISKSERV,T0022,0.00,0.00,0.00,
DISKWAIT,T0022,0.00,0.00,0.00,
MEMREAL,T0022,9437184.00,219930.20,15.44,46.58,51.09,48.44,
MEMVIRT,T0022,2097152.00,99.41,0.59,0.00,2.09,0.00,0.00,2.08,2238.07,0.00,
PROC,T0022,7.37,0.00,4834.30,11506.29,472.79,233.23,12.22,11.51,30.00,1.40,123.00,
LAN,T0022,88.29,0.00,0.13,8.35,0.36,0.27,41.11,0.07,0.71,36.22,4.20,3.43,0.00,0.00,0.00,
IP,T0022,9.80,4.08,3.43,36.22,9.80,0.07,0.71,41.11,1.87,0.27,0.22,7.85,1.87,0.00,0.13,88.29,
TCPUDP,T0022,40.25,39.49,10.23,7.71,
FILE,T0022,1.02,2504.99,0.00,571963.62,20060.67,
JFSFILE,T0022,15.20,70.89,77.01,73.88,3.90,44.45,
JFSINODE,T0022,3.03,9.31,19.58,4.33,0.03,2.26,
LPAR,T0022,0.15,3.00,12.00,64.00,2.00,128.00,55.08,0.23,0.23,1.00,
ZZZZ,T0023,01:57:50,24-Sep-2019,,
CPU_ALL,T0023,2.28,2.42,0.01,95.29,12.00,
CPU011,T0023,0.00,1.91,0.00,98.09,
CPU010,T0023,0.00,1.88,0.00,98.12,
CPU09,T0023,0.00,2.19,0.00,97.81,
CPU08,T0023,0.00,44.72,0.00,55.28,
CPU07,T0023,0.00,2.05,0.00,97.95,
CPU06,T0023,0.00,2.13,0.00,97.87,
CPU05,T0023,0.00,2.27,0.00,97.73,
CPU04,T0023,0.00,41.75,0.00,58.25,
CPU03,T0023,0.70,1.45,0.22,97.63,
CPU02,T0023,0.63,1.19,0.11,98.07,
CPU01,T0023,9.81,10.63,0.07,79.50,
CPU00,T0023,46.85,49.66,0.01,3.49,
DISKBUSY,T0023,0.00,0.00,0.00,
DISKREAD,T0023,14.03,14.03,0.00,
DISKWRITE,T0023,6.67,79.58,0.00,
DISKXFER,T0023,0.86,8.87,0.00,
DISKSERV,T0023,0.00,0.00,0.00,
DISKWAIT,T0023,0.00,0.00,0.00,
MEMREAL,T0023,9437184.00,220594.80,15.44,46.57,51.09,48.44,
MEMVIRT,T0023,2097152.00,99.41,0.59,0.33,3.30,0.00,0.00,3.31,2252.66,0.00,
PROC,T0023,9.20,0.00,4788.63,13612.62,520.15,493.77,12.15,11.47,29.80,2.00,123.60,
LAN,T0023,89.94,0.01,0.14,9.89,0.36,0.21,43.50,0.05,0.77,38.55,3.98,2.30,0.00,0.00,0.00,
IP,T0023,10.09,3.86,2.30,38.55,10.09,0.05,0.77,43.49,2.14,0.27,0.17,9.36,2.14,0.01,0.14,89.94,
TCPUDP,T0023,42.95,42.29,10.32,7.64,
FILE,T0023,1.17,2820.65,0.00,752056.75,26870.79,
JFSFILE,T0023,15.21,70.89,77.01,73.88,3.90,44.45,
JFSINODE,T0023,3.03,9.31,19.58,4.33,0.03,2.26,
LPAR,T0023,0.17,3.00,12.00,64.00,2.00,128.00,55.01,0.26,0.26,1.00,
ZZZZ,T0024,02:02:50,24-Sep-2019,,
CPU_ALL,T0024,2.55,2.41,0.00,95.03,12.00,
CPU011,T0024,0.00,1.82,0.00,98.18,
CPU010,T0024,0.00,1.87,0.00,98.13,
CPU09,T0024,0.00,2.11,0.00,97.89,
CPU08,T0024,0.00,45.96,0.00,54.04,
CPU07,T0024,0.00,2.00,0.00,98.00,
CPU06,T0024,0.00,2.09,0.00,97.91,
CPU05,T0024,0.00,2.31,0.00,97.69,
CPU04,T0024,0.00,42.35,0.00,57.65,
CPU03,T0024,0.57,0.82,0.00,98.61,
CPU02,T0024,1.63,1.63,0.22,96.53,
CPU01,T0024,7.57,8.36,0.00,84.07,
CPU00,T0024,50.16,46.72,0.01,3.11,
DISKBUSY,T0024,0.00,0.00,0.00,
DISKREAD,T0024,8.43,7.02,0.00,
DISKWRITE,T0024,7.44,62.53,0.00,
DISKXFER,T0024,1.02,6.59,0.00,
DISKSERV,T0024,0.00,0.00,0.00,
DISKWAIT,T0024,0.00,0.00,0.00,
MEMREAL,T0024,9437184.00,220919.80,15.44,46.57,51.09,48.44,
MEMVIRT,T0024,2097152.00,99.41,0.59,1.26,2.42,0.00,0.00,2.59,2235.87,0.00,
PROC,T0024,7.73,0.00,4759.60,13593.46,508.50,202.46,12.18,11.49,37.60,2.00,123.00,
LAN,T0024,89.95,0.00,0.18,10.34,0.38,0.28,47.48,0.07,0.69,42.34,4.48,3.52,0.00,0.00,0.00,
IP,T0024,9.54,4.37,3.52,42.34,9.54,0.07,0.69,47.48,1.78,0.30,0.23,9.76,1.78,0.00,0.18,89.95,
TCPUDP,T0024,46.56,45.59,10.40,7.91,
FILE,T0024,1.05,2770.30,0.00,718952.31,19987.04,
JFSFILE,T0024,15.21,70.89,77.01,73.89,3.90,44.46,
JFSINODE,T0024,3.03,9.31,19.58,4.33,0.03,2.26,
LPAR,T0024,0.17,3.00,12.00,64.00,2.00,128.00,53.06,0.27,0.27,1.00,
ZZZZ,T0025,02:07:50,24-Sep-2019,,
CPU_ALL,T0025,5.48,3.55,0.07,90.89,12.00,
CPU011,T0025,0.00,0.44,0.00,99.56,
CPU010,T0025,0.00,0.40,0.00,99.60,
CPU09,T0025,0.00,0.44,0.00,99.56,
CPU08,T0025,17.88,48.09,0.00,34.03,
CPU07,T0025,0.00,0.46,0.00,99.54,
CPU06,T0025,0.00,0.51,0.00,99.49,
CPU05,T0025,0.00,0.56,0.00,99.44,
CPU04,T0025,16.92,48.51,0.01,34.56,
CPU03,T0025,0.48,1.42,0.00,98.10,
CPU02,T0025,0.97,1.88,0.02,97.12,
CPU01,T0025,11.43,8.44,0.13,80.01,
CPU00,T0025,59.43,37.60,0.07,2.89,
DISKBUSY,T0025,0.00,0.00,0.00,
DISKREAD,T0025,15.76,14.03,0.00,
DISKWRITE,T0025,13.39,120.30,0.00,
DISKXFER,T0025,1.59,11.28,0.00,
DISKSERV,T0025,0.00,0.00,0.00,
DISKWAIT,T0025,0.00,0.00,0.00,
MEMREAL,T0025,9437184.00,226690.80,15.44,46.57,51.03,48.38,
MEMVIRT,T0025,2097152.00,99.41,0.59,68.25,174.06,0.00,0.00,39.72,2352.35,0.00,
PROC,T0025,10.97,0.60,5993.82,16077.65,715.06,297.40,12.17,11.50,47.00,3.80,123.00,
LAN,T0025,969.09,0.01,0.13,455.30,0.36,0.23,518.49,0.05,0.67,606.98,4.08,2.80,0.00,0.00,0.00,
IP,T0025,32.87,3.97,2.80,606.98,32.87,0.05,0.67,518.47,64.73,0.27,0.19,447.01,64.73,0.01,0.13,969.06,
TCPUDP,T0025,528.51,633.55,22.33,7.76,
FILE,T0025,2.56,2981.75,0.00,1298012.62,604558.94,
JFSFILE,T0025,15.21,70.89,77.01,73.90,3.90,44.46,
JFSINODE,T0025,3.03,9.31,19.58,4.33,0.03,2.26,
LPAR,T0025,0.32,3.00,12.00,64.00,2.00,128.00,52.81,0.50,0.50,1.00,
ZZZZ,T0026,02:12:50,24-Sep-2019,,
CPU_ALL,T0026,6.13,4.56,0.13,89.18,12.00,
CPU011,T0026,0.00,0.31,0.00,99.69,
CPU010,T0026,0.00,0.30,0.00,99.70,
CPU09,T0026,0.00,0.34,0.00,99.66,
CPU08,T0026,0.00,59.69,0.00,40.31,
CPU07,T0026,0.00,0.30,0.00,99.70,
CPU06,T0026,0.00,0.31,0.00,99.69,
CPU05,T0026,0.00,0.32,0.00,99.68,
CPU04,T0026,0.00,59.41,0.00,40.59,
CPU03,T0026,0.68,1.98,0.09,97.24,
CPU02,T0026,0.64,3.15,0.01,96.20,
CPU01,T0026,10.63,8.63,0.13,80.61,
CPU00,T0026,56.91,40.23,0.15,2.71,
DISKBUSY,T0026,0.00,0.00,0.00,
DISKREAD,T0026,7.12,7.02,0.00,
DISKWRITE,T0026,21.44,248.05,0.00,
DISKXFER,T0026,2.20,17.25,0.00,
DISKSERV,T0026,0.00,0.00,0.00,
DISKWAIT,T0026,0.00,0.00,0.00,
MEMREAL,T0026,9437184.00,330144.19,15.44,46.56,49.94,47.29,
MEMVIRT,T0026,2097152.00,99.41,0.59,167.31,405.31,0.00,0.00,93.61,2321.39,0.00,
PROC,T0026,11.55,0.60,6687.92,17957.68,921.83,408.90,12.15,11.45,51.60,4.80,123.00,
LAN,T0026,2024.35,0.00,0.13,837.45,0.37,0.27,782.27,0.06,0.70,994.71,4.25,3.57,0.00,0.00,0.00,
IP,T0026,59.24,4.13,3.57,994.71,59.24,0.06,0.70,782.26,138.62,0.28,0.22,659.07,138.63,0.00,0.13,2024.35,
TCPUDP,T0026,802.97,1047.38,38.14,7.75,
FILE,T0026,4.70,3177.14,0.00,1924967.12,1387126.75,
JFSFILE,T0026,15.21,70.89,77.01,73.90,3.90,44.47,
JFSINODE,T0026,3.03,9.31,19.58,4.33,0.03,2.26,
LPAR,T0026,0.38,3.00,12.00,64.00,2.00,128.00,53.90,0.59,0.59,1.00,
ZZZZ,T0027,02:17:50,24-Sep-2019,,
CPU_ALL,T0027,3.42,3.23,0.06,93.30,12.00,
CPU011,T0027,0.00,0.59,0.00,99.41,
CPU010,T0027,0.00,0.62,0.00,99.38,
CPU09,T0027,0.00,0.67,0.00,99.33,
CPU08,T0027,0.00,58.13,0.00,41.87,
CPU07,T0027,0.00,0.62,0.00,99.38,
CPU06,T0027,0.00,0.66,0.00,99.34,
CPU05,T0027,0.00,0.70,0.00,99.30,
CPU04,T0027,0.00,57.35,0.00,42.65,
CPU03,T0027,1.04,3.20,0.01,95.75,
CPU02,T0027,1.57,3.17,0.18,95.08,
CPU01,T0027,9.01,8.67,0.13,82.20,
CPU00,T0027,50.63,46.07,0.09,3.21,
DISKBUSY,T0027,0.00,0.00,0.00,
DISKREAD,T0027,14.11,14.03,0.00,
DISKWRITE,T0027,14.37,91.16,0.00,
DISKXFER,T0027,1.55,9.46,0.00,
DISKSERV,T0027,0.00,0.00,0.00,
DISKWAIT,T0027,0.00,0.00,0.00,
MEMREAL,T0027,9437184.00,373670.41,15.44,46.55,49.49,46.84,
MEMVIRT,T0027,2097152.00,99.41,0.59,82.58,116.50,0.00,0.00,26.89,2261.45,0.00,
PROC,T0027,9.06,0.40,5480.04,15897.29,691.62,172.63,12.12,11.44,44.20,2.80,123.20,
LAN,T0027,804.59,0.01,0.13,497.49,0.36,0.34,314.10,0.05,0.66,414.42,4.10,4.74,0.00,0.00,0.00,
IP,T0027,10.23,3.98,4.74,414.42,10.23,0.05,0.66,314.09,2.07,0.28,0.27,491.82,2.07,0.01,0.13,804.56,
TCPUDP,T0027,309.36,418.33,14.32,7.78,
FILE,T0027,2.41,3052.39,0.00,1182996.75,492994.34,
JFSFILE,T0027,15.21,70.89,77.01,73.90,3.90,44.47,
JFSINODE,T0027,3.03,9.31,19.58,4.33,0.03,2.26,
LPAR,T0027,0.23,3.00,12.00,64.00,2.00,128.00,53.89,0.37,0.37,1.00,
ZZZZ,T0028,02:22:50,24-Sep-2019,,
CPU_ALL,T0028,5.85,4.43,0.11,89.62,12.00,
CPU011,T0028,0.00,0.38,0.00,99.62,
CPU010,T0028,0.00,0.34,0.00,99.66,
CPU09,T0028,0.00,0.38,0.00,99.62,
CPU08,T0028,0.00,59.32,0.00,40.68,
CPU07,T0028,0.00,0.33,0.00,99.67,
CPU06,T0028,0.00,0.40,0.00,99.60,
CPU05,T0028,0.00,0.43,0.00,99.57,
CPU04,T0028,0.00,58.97,0.00,41.03,
CPU03,T0028,1.43,2.33,0.01,96.23,
CPU02,T0028,0.73,3.74,0.02,95.52,
CPU01,T0028,10.09,8.94,0.11,80.85,
CPU00,T0028,56.39,40.54,0.15,2.93,
DISKBUSY,T0028,0.00,0.00,0.00,
DISKREAD,T0028,7.04,7.02,0.00,
DISKWRITE,T0028,20.72,192.17,0.00,
DISKXFER,T0028,2.16,16.45,0.00,
DISKSERV,T0028,0.00,0.00,0.00,
DISKWAIT,T0028,0.00,0.00,0.00,
MEMREAL,T0028,9437184.00,390485.41,15.44,46.54,49.32,46.67,
MEMVIRT,T0028,2097152.00,99.41,0.59,149.76,372.58,0.00,0.00,80.82,2298.88,0.00,
PROC,T0028,10.27,0.40,6690.95,17950.99,906.94,360.27,12.16,11.46,46.60,4.60,122.40,
LAN,T0028,1904.41,0.00,0.13,845.25,0.38,0.20,817.67,0.07,0.68,1016.26,4.42,2.21,0.00,0.00,0.00,
IP,T0028,52.61,4.30,2.21,1016.26,52.61,0.07,0.68,817.66,119.46,0.30,0.17,831.35,119.46,0.01,0.13,1904.36,
TCPUDP,T0028,835.09,1062.57,34.70,7.90,
FILE,T0028,4.33,3179.11,0.00,1856886.00,1283225.88,
JFSFILE,T0028,15.21,70.89,77.01,73.91,3.90,44.47,
JFSINODE,T0028,3.03,9.31,19.58,4.34,0.03,2.26,
LPAR,T0028,0.36,3.00,12.00,64.00,2.00,128.00,53.81,0.56,0.56,1.00,
ZZZZ,T0029,02:27:50,24-Sep-2019,,
CPU_ALL,T0029,5.63,4.46,0.11,89.81,12.00,
CPU011,T0029,0.00,0.34,0.00,99.66,
CPU010,T0029,0.00,0.31,0.00,99.69,
CPU09,T0029,0.00,0.35,0.00,99.65,
CPU08,T0029,0.00,58.79,0.00,41.21,
CPU07,T0029,0.00,0.32,0.00,99.68,
CPU06,T0029,0.00,0.32,0.00,99.68,
