CPU_ALL,CPU Total ,User%,Sys%,Wait%,Idle%,CPUs,
CPU011,CPU Total ,User%,Sys%,Wait%,Idle%,
CPU010,CPU Total ,User%,Sys%,Wait%,Idle%,
CPU09,CPU Total ,User%,Sys%,Wait%,Idle%,
CPU08,CPU Total ,User%,Sys%,Wait%,Idle%,
CPU07,CPU Total ,User%,Sys%,Wait%,Idle%,
CPU06,CPU Total ,User%,Sys%,Wait%,Idle%,
CPU05,CPU Total ,User%,Sys%,Wait%,Idle%,
CPU04,CPU Total ,User%,Sys%,Wait%,Idle%,
CPU03,CPU Total ,User%,Sys%,Wait%,Idle%,
CPU02,CPU Total ,User%,Sys%,Wait%,Idle%,
CPU01,CPU Total ,User%,Sys%,Wait%,Idle%,
CPU00,CPU Total ,User%,Sys%,Wait%,Idle%,
DISKBUSY,Disk %Busy ,hdisk1,hdisk99,hdisk0,
DISKREAD,Disk Read 512 bytes per sec ,hdisk1,hdisk99,hdisk0,
DISKWRITE,Disk Write 512 bytes per sec ,hdisk1,hdisk99,hdisk0,
DISKXFER,Disk transfers per second ,hdisk1,hdisk99,hdisk0,
DISKSERV,Disk Avg service time/transfer ,hdisk1,hdisk99,hdisk0,
DISKWAIT,Average wait queue time for read/write transfers,hdisk1,hdisk99,hdisk0,
MEMREAL,Real Memory Statistics,Size 4k pages,free frames 4k,%pinned,%comp,%noncomp,%client,
MEMVIRT,PgSp / Virtual Memory Statistics,PageSpace,%free,%used,pagein,pageout,pgspgin,pgspgout,sio,totfaults,steal,
PROC,Processes ,Runnable,Swap-in,pswitch,syscall,read,write,fork,exec,loadavg,utilavg,numprocs,
LAN,LAN Interfaces Statistics,ent0/kbytesout,ent2/kbytesout,ent1/kbytesout,ent0/kbytesin,ent2/kbytesin,ent1/kbytesin,ent0/framesout,ent2/framesout,ent1/framesout,ent0/framesin,ent2/framesin,ent1/framesin,ent0/recvdrops,ent2/recvdrops,ent1/recvdrops,
IP,IP Statistics for network interface,lo0/ipacket,en2/ipacket,en1/ipacket,en0/ipacket,lo0/opacket,en2/opacket,en1/opacket,en0/opacket,lo0/ioctet_kb,en2/ioctet_kb,en1/ioctet_kb,en0/ioctet_kb,lo0/ooctet_kb,en2/ooctet_kb,en1/ooctet_kb,en0/ooctet_kb,
TCPUDP,IP Protocol statistics,TCPSendTot,TCPRcvTot,UDPSnddgrm,UDPRcvdgrm,
FILE,File I/O ,iget,namei,dirblk,readch,writech,
JFSFILE,JFS Filespace %Used,/,/home,/usr,/var,/tmp,/opt,
JFSINODE,JFS Inode %Used,/,/home,/usr,/var,/tmp,opt,
LPAR,LPAR Stats,PhysicalCPU,VirtualCPUs,LogicalCPUs,poolCPUS,entitled,weight,poolIdle,UsedAllCPU%,UsedPoolCPU%,SharedCPU,
ZZZZ,T0001,00:07:37,23-Sep-2019,,
CPU_ALL,T0001,4.60,11.47,1.07,82.85,12.00,
CPU011,T0001,1.83,9.66,0.69,87.82,
CPU010,T0001,1.27,10.50,0.65,87.58,
CPU09,T0001,6.83,29.74,2.58,60.86,
CPU08,T0001,10.83,59.26,1.16,28.76,
CPU07,T0001,2.73,10.98,0.98,85.32,
CPU06,T0001,2.60,11.64,1.05,84.71,
CPU05,T0001,9.44,35.30,2.51,52.74,
CPU04,T0001,12.62,59.28,1.22,26.88,
CPU03,T0001,4.79,14.25,0.75,80.21,
CPU02,T0001,4.99,14.18,1.01,79.83,
CPU01,T0001,14.18,34.14,1.87,49.81,
CPU00,T0001,40.07,53.81,0.82,5.30,
DISKBUSY,T0001,0.00,0.00,0.00,
DISKREAD,T0001,7.12,7.02,0.00,
DISKWRITE,T0001,12.45,116.27,0.00,
DISKXFER,T0001,1.04,10.07,0.00,
DISKSERV,T0001,0.00,0.00,0.00,
DISKWAIT,T0001,0.00,0.00,0.00,
MEMREAL,T0001,9437184.00,68723.60,15.44,35.76,63.51,58.68,
MEMVIRT,T0001,2097152.00,99.51,0.49,7752.90,2086.32,0.00,0.00,752.07,2519.33,0.00,
PROC,T0001,7.15,1.26,11657.31,18249.52,751.24,725.07,12.15,11.47,67.80,7.20,123.00,
LAN,T0001,8736.00,0.00,0.13,8713.59,0.35,0.19,1870.99,0.06,0.70,2399.38,4.04,2.08,0.00,0.00,0.00,
IP,T0001,9.90,3.93,2.08,2399.38,9.90,0.06,0.70,1870.93,1.91,0.27,0.16,8680.79,1.91,0.00,0.13,7202.51,
TCPUDP,T0001,1788.09,2402.94,92.56,7.81,
FILE,T0001,1.23,2699.19,0.00,9274161.00,8514339.00,
JFSFILE,T0001,15.19,70.81,77.01,73.89,3.90,44.10,
JFSINODE,T0001,3.03,9.28,19.58,4.33,0.03,2.25,
LPAR,T0001,0.51,3.00,12.00,64.00,2.00,128.00,50.26,0.80,0.80,1.00,
ZZZZ,T0002,00:12:37,23-Sep-2019,,
CPU_ALL,T0002,9.91,2.97,0.01,87.11,12.00,
CPU011,T0002,0.00,1.26,0.00,98.74,
CPU010,T0002,0.00,1.31,0.00,98.69,
CPU09,T0002,0.00,1.38,0.00,98.62,
CPU08,T0002,14.81,40.51,0.00,44.68,
CPU07,T0002,0.00,1.89,0.00,98.11,
CPU06,T0002,0.00,2.52,0.00,97.48,
CPU05,T0002,3.63,2.81,0.00,93.55,
CPU04,T0002,34.72,28.94,0.00,36.34,
CPU03,T0002,0.56,2.45,0.00,97.00,
CPU02,T0002,0.58,1.89,0.00,97.54,
CPU01,T0002,11.73,8.61,0.17,79.50,
CPU00,T0002,61.67,33.96,0.00,4.36,
DISKBUSY,T0002,0.00,0.00,0.00,
DISKREAD,T0002,14.03,14.03,0.00,
DISKWRITE,T0002,9.04,59.08,0.00,
DISKXFER,T0002,0.96,6.62,0.00,
DISKSERV,T0002,0.00,0.00,0.00,
DISKWAIT,T0002,0.00,0.00,0.00,
MEMREAL,T0002,9437184.00,132296.00,15.44,35.79,62.81,57.98,
MEMVIRT,T0002,2097152.00,99.51,0.49,0.33,2.16,0.00,0.00,2.17,2277.30,0.00,
PROC,T0002,9.11,0.20,6599.21,19451.85,2103.73,2345.42,12.17,11.48,46.60,4.80,123.80,
LAN,T0002,11919.48,0.01,0.13,123.15,0.37,0.36,413.56,0.06,0.67,1732.31,4.35,5.04,0.00,0.00,0.00,
IP,T0002,11.01,4.23,5.04,1732.31,11.01,0.06,0.67,413.55,2.29,0.28,0.29,99.46,2.29,0.01,0.13,11919.48,
TCPUDP,T0002,413.89,1736.93,10.47,7.77,
FILE,T0002,1.04,1500.52,0.00,3490325.00,9971059.00,
JFSFILE,T0002,15.19,70.81,77.01,73.89,3.90,44.11,
JFSINODE,T0002,3.03,9.28,19.58,4.33,0.03,2.25,
LPAR,T0002,0.45,3.00,12.00,64.00,2.00,128.00,54.34,0.71,0.71,1.00,
ZZZZ,T0003,00:17:37,23-Sep-2019,,
CPU_ALL,T0003,12.03,3.31,0.01,84.66,12.00,
CPU011,T0003,0.00,1.17,0.00,98.83,
CPU010,T0003,0.00,1.17,0.00,98.83,
CPU09,T0003,0.00,1.33,0.00,98.67,
CPU08,T0003,0.00,47.56,0.00,52.44,
CPU07,T0003,0.00,2.02,0.00,97.98,
CPU06,T0003,0.00,2.06,0.00,97.94,
CPU05,T0003,3.86,3.10,0.00,93.04,
CPU04,T0003,33.83,29.45,0.00,36.71,
CPU03,T0003,1.08,2.41,0.02,96.49,
CPU02,T0003,0.72,2.36,0.00,96.92,
CPU01,T0003,9.05,8.02,0.09,82.83,
CPU00,T0003,63.10,32.77,0.00,4.12,
DISKBUSY,T0003,0.00,0.00,0.00,
DISKREAD,T0003,7.12,7.02,0.00,
DISKWRITE,T0003,8.45,53.02,0.00,
DISKXFER,T0003,0.97,5.52,0.00,
DISKSERV,T0003,0.00,0.00,0.00,
DISKWAIT,T0003,0.00,0.00,0.00,
MEMREAL,T0003,9437184.00,132743.80,15.44,35.78,62.81,57.98,
MEMVIRT,T0003,2097152.00,99.51,0.49,0.01,1.74,0.00,0.00,1.75,2253.55,0.00,
PROC,T0003,10.49,0.00,7032.81,22014.47,2579.31,2915.63,12.17,11.48,50.60,5.40,122.40,
LAN,T0003,15465.05,0.00,0.13,155.78,0.36,0.31,522.71,0.04,0.63,2239.58,4.00,4.31,0.00,0.00,0.00,
IP,T0003,10.01,3.88,4.31,2239.58,10.01,0.04,0.63,522.71,1.95,0.28,0.25,125.16,1.95,0.00,0.13,8475.58,
TCPUDP,T0003,522.87,2243.27,9.60,7.73,
FILE,T0003,0.85,1670.62,0.00,3608780.50,2899759.75,
JFSFILE,T0003,15.19,70.81,77.01,73.89,3.90,44.11,
JFSINODE,T0003,3.03,9.28,19.58,4.33,0.03,2.25,
LPAR,T0003,0.54,3.00,12.00,64.00,2.00,128.00,54.00,0.85,0.85,1.00,
ZZZZ,T0004,00:22:37,23-Sep-2019,,
CPU_ALL,T0004,2.33,2.03,0.00,95.63,12.00,
CPU011,T0004,0.00,1.88,0.00,98.12,
CPU010,T0004,0.00,1.87,0.00,98.13,
CPU09,T0004,0.00,1.99,0.00,98.01,
CPU08,T0004,0.00,44.43,0.00,55.57,
CPU07,T0004,0.00,1.98,0.00,98.02,
CPU06,T0004,0.00,2.06,0.00,97.94,
CPU05,T0004,0.00,2.35,0.00,97.65,
CPU04,T0004,0.00,40.58,0.00,59.42,
CPU03,T0004,1.08,3.19,0.01,95.72,
CPU02,T0004,1.67,2.17,0.00,96.15,
CPU01,T0004,8.82,9.79,0.04,81.34,
CPU00,T0004,52.03,43.72,0.01,4.24,
DISKBUSY,T0004,0.00,0.00,0.00,
DISKREAD,T0004,14.03,14.03,0.00,
DISKWRITE,T0004,8.61,60.41,0.00,
DISKXFER,T0004,1.01,6.60,0.00,
DISKSERV,T0004,0.00,0.00,0.00,
DISKWAIT,T0004,0.00,0.00,0.00,
MEMREAL,T0004,9437184.00,132652.20,15.44,35.78,62.82,57.98,
MEMVIRT,T0004,2097152.00,99.51,0.49,1.42,2.21,0.00,0.00,2.28,2247.89,0.00,
PROC,T0004,8.19,0.00,5078.45,12929.88,531.35,166.79,12.15,11.46,32.20,1.80,123.20,
LAN,T0004,32.02,0.00,0.13,10.36,0.39,0.26,40.48,0.06,0.64,36.91,4.45,3.34,0.00,0.00,0.00,
IP,T0004,10.20,4.33,3.34,36.91,10.20,0.06,0.64,40.48,2.04,0.30,0.21,9.86,2.04,0.00,0.13,32.01,
TCPUDP,T0004,40.13,40.64,10.31,7.96,
FILE,T0004,1.03,1571.03,0.00,786929.44,19372.51,
JFSFILE,T0004,15.19,70.81,77.01,73.90,3.90,44.12,
JFSINODE,T0004,3.03,9.28,19.58,4.33,0.03,2.25,
LPAR,T0004,0.16,3.00,12.00,64.00,2.00,128.00,53.90,0.24,0.24,1.00,
ZZZZ,T0005,00:27:37,23-Sep-2019,,
CPU_ALL,T0005,2.25,2.08,0.01,95.67,12.00,
CPU011,T0005,0.00,1.95,0.00,98.05,
CPU010,T0005,0.00,1.95,0.00,98.05,
CPU09,T0005,0.00,2.16,0.00,97.84,
CPU08,T0005,0.00,44.11,0.00,55.89,
CPU07,T0005,0.00,2.10,0.00,97.90,
CPU06,T0005,0.00,2.18,0.00,97.82,
CPU05,T0005,0.00,2.32,0.00,97.68,
CPU04,T0005,0.00,40.48,0.00,59.52,
CPU03,T0005,0.94,2.14,0.20,96.72,
CPU02,T0005,1.65,1.99,0.00,96.35,
CPU01,T0005,7.32,6.75,0.05,85.87,
CPU00,T0005,50.24,45.90,0.00,3.85,
DISKBUSY,T0005,0.00,0.00,0.00,
DISKREAD,T0005,7.02,7.02,0.00,
DISKWRITE,T0005,7.95,53.46,0.00,
DISKXFER,T0005,0.90,5.66,0.00,
DISKSERV,T0005,0.00,0.00,0.00,
DISKWAIT,T0005,0.00,0.00,0.00,
MEMREAL,T0005,9437184.00,132744.00,15.44,35.78,62.82,57.98,
MEMVIRT,T0005,2097152.00,99.51,0.49,0.33,1.58,0.00,0.00,1.60,2231.37,0.00,
PROC,T0005,5.91,0.20,5074.26,13600.29,548.65,96.27,12.15,11.46,38.20,1.80,123.00,
LAN,T0005,30.11,0.00,0.12,9.05,0.36,0.18,39.44,0.03,0.61,36.02,4.00,2.03,0.00,0.00,0.00,
IP,T0005,10.21,3.88,2.03,36.02,10.21,0.03,0.61,39.44,2.08,0.28,0.16,8.56,2.08,0.00,0.12,30.11,
TCPUDP,T0005,39.81,39.97,9.62,7.76,
FILE,T0005,0.82,1767.43,0.00,841321.56,16639.69,
JFSFILE,T0005,15.19,70.81,77.01,73.90,3.90,44.12,
JFSINODE,T0005,3.03,9.28,19.58,4.33,0.03,2.25,
LPAR,T0005,0.15,3.00,12.00,64.00,2.00,128.00,54.20,0.24,0.24,1.00,
ZZZZ,T0006,00:32:38,23-Sep-2019,,
CPU_ALL,T0006,2.26,2.08,0.00,95.66,12.00,
CPU011,T0006,0.00,1.86,0.00,98.14,
CPU010,T0006,0.00,1.87,0.00,98.13,
CPU09,T0006,0.00,2.16,0.00,97.84,
CPU08,T0006,0.00,45.17,0.00,54.83,
CPU07,T0006,0.00,2.04,0.00,97.96,
CPU06,T0006,0.00,2.12,0.00,97.88,
CPU05,T0006,0.00,2.32,0.00,97.68,
CPU04,T0006,0.00,42.10,0.00,57.90,
CPU03,T0006,1.33,1.74,0.00,96.93,
CPU02,T0006,1.24,1.91,0.00,96.85,
CPU01,T0006,9.46,10.93,0.16,79.46,
CPU00,T0006,50.56,45.23,0.00,4.20,
DISKBUSY,T0006,0.00,0.00,0.00,
DISKREAD,T0006,14.16,14.03,0.00,
DISKWRITE,T0006,8.56,54.96,0.00,
DISKXFER,T0006,1.01,5.93,0.00,
DISKSERV,T0006,0.00,0.00,0.00,
DISKWAIT,T0006,0.00,0.00,0.00,
MEMREAL,T0006,9437184.00,132356.41,15.44,35.78,62.82,57.98,
MEMVIRT,T0006,2097152.00,99.51,0.49,0.09,2.11,0.00,0.01,2.04,2240.49,0.00,
PROC,T0006,8.51,0.00,5076.76,13725.09,543.76,105.15,12.15,11.46,31.80,2.00,123.00,
LAN,T0006,30.11,0.01,0.12,9.06,0.35,0.23,39.77,0.07,0.56,36.15,4.19,2.85,0.00,0.00,0.00,
IP,T0006,10.31,4.08,2.85,36.15,10.31,0.07,0.56,39.77,2.03,0.27,0.19,8.57,2.03,0.01,0.12,30.11,
TCPUDP,T0006,39.73,40.12,10.10,7.65,
FILE,T0006,0.94,1717.20,0.00,852759.56,16507.48,
JFSFILE,T0006,15.19,70.81,77.01,73.90,3.90,44.12,
JFSINODE,T0006,3.03,9.28,19.58,4.33,0.03,2.25,
LPAR,T0006,0.15,3.00,12.00,64.00,2.00,128.00,52.85,0.24,0.24,1.00,
ZZZZ,T0007,00:37:38,23-Sep-2019,,
CPU_ALL,T0007,2.37,1.98,0.00,95.64,12.00,
CPU011,T0007,0.00,1.61,0.00,98.39,
CPU010,T0007,0.00,1.61,0.00,98.39,
CPU09,T0007,0.00,1.61,0.00,98.39,
CPU08,T0007,17.52,37.57,0.00,44.90,
CPU07,T0007,0.00,1.83,0.00,98.17,
CPU06,T0007,0.00,1.88,0.00,98.12,
CPU05,T0007,0.00,2.20,0.00,97.80,
CPU04,T0007,6.26,41.37,0.01,52.35,
CPU03,T0007,0.27,1.70,0.17,97.86,
CPU02,T0007,1.24,3.28,0.00,95.47,
CPU01,T0007,11.08,8.88,0.00,80.03,
CPU00,T0007,52.46,43.48,0.01,4.05,
DISKBUSY,T0007,0.00,0.00,0.00,
DISKREAD,T0007,7.02,7.02,0.00,
DISKWRITE,T0007,6.88,63.02,0.00,
DISKXFER,T0007,0.85,6.64,0.00,
DISKSERV,T0007,0.00,0.00,0.00,
DISKWAIT,T0007,0.00,0.00,0.00,
MEMREAL,T0007,9437184.00,132397.00,15.44,35.78,62.82,57.98,
MEMVIRT,T0007,2097152.00,99.51,0.49,1.73,2.04,0.00,0.00,2.16,2281.61,0.00,
PROC,T0007,8.40,0.00,4779.53,12429.11,525.79,202.16,12.18,11.49,36.60,1.80,123.00,
LAN,T0007,31.77,0.00,0.14,9.96,0.36,0.36,39.38,0.05,0.72,35.92,3.98,4.97,0.00,0.00,0.00,
IP,T0007,9.73,3.87,4.97,35.92,9.73,0.05,0.72,39.38,1.96,0.28,0.29,9.47,1.96,0.00,0.14,31.77,
TCPUDP,T0007,38.88,39.35,10.01,7.80,
FILE,T0007,0.98,1493.70,0.00,780785.12,19317.12,
JFSFILE,T0007,15.19,70.81,77.01,73.90,3.90,44.11,
JFSINODE,T0007,3.03,9.28,19.58,4.34,0.03,2.25,
LPAR,T0007,0.15,3.00,12.00,64.00,2.00,128.00,53.82,0.24,0.24,1.00,
ZZZZ,T0008,00:42:38,23-Sep-2019,,
CPU_ALL,T0008,2.17,2.04,0.00,95.79,12.00,
CPU011,T0008,0.00,1.92,0.00,98.08,
CPU010,T0008,0.00,1.93,0.00,98.07,
CPU09,T0008,0.00,2.13,0.00,97.87,
CPU08,T0008,0.00,44.37,0.00,55.63,
CPU07,T0008,0.00,2.16,0.00,97.84,
CPU06,T0008,0.00,2.22,0.00,97.78,
CPU05,T0008,0.00,2.31,0.00,97.69,
CPU04,T0008,0.00,41.05,0.00,58.95,
CPU03,T0008,1.26,0.81,0.02,97.90,
CPU02,T0008,0.66,1.66,0.00,97.68,
CPU01,T0008,9.80,10.12,0.16,79.92,
CPU00,T0008,49.77,46.31,0.01,3.91,
DISKBUSY,T0008,0.00,0.00,0.00,
DISKREAD,T0008,7.02,7.02,0.00,
DISKWRITE,T0008,6.13,53.01,0.00,
DISKXFER,T0008,0.77,5.78,0.00,
DISKSERV,T0008,0.00,0.00,0.00,
DISKWAIT,T0008,0.00,0.00,0.00,
MEMREAL,T0008,9437184.00,132227.80,15.44,35.78,62.82,57.98,
MEMVIRT,T0008,2097152.00,99.51,0.49,0.00,1.49,0.00,0.01,1.48,2230.97,0.00,
PROC,T0008,8.98,0.00,4838.38,13297.65,537.40,94.55,12.14,11.44,39.40,1.80,123.20,
LAN,T0008,29.48,0.00,0.14,8.48,0.36,0.34,38.64,0.06,0.75,35.17,4.19,4.77,0.00,0.00,0.00,
IP,T0008,9.85,4.08,4.77,35.17,9.85,0.06,0.75,38.64,1.93,0.27,0.28,8.00,1.93,0.00,0.14,29.48,
TCPUDP,T0008,38.25,38.49,10.01,7.66,
FILE,T0008,0.89,1746.20,0.00,833379.00,14968.64,
JFSFILE,T0008,15.19,70.82,77.01,73.90,3.90,44.09,
JFSINODE,T0008,3.03,9.28,19.58,4.33,0.03,2.25,
LPAR,T0008,0.15,3.00,12.00,64.00,2.00,128.00,54.04,0.23,0.23,1.00,
ZZZZ,T0009,00:47:38,23-Sep-2019,,
CPU_ALL,T0009,2.24,2.06,0.01,95.69,12.00,
CPU011,T0009,0.00,1.91,0.00,98.09,
CPU010,T0009,0.00,1.90,0.00,98.10,
CPU09,T0009,0.00,2.24,0.00,97.76,
CPU08,T0009,0.00,44.48,0.00,55.52,
CPU07,T0009,0.00,2.24,0.00,97.76,
CPU06,T0009,0.00,2.28,0.00,97.72,
CPU05,T0009,0.00,2.46,0.00,97.54,
CPU04,T0009,0.00,40.34,0.00,59.66,
CPU03,T0009,0.95,2.11,0.14,96.80,
CPU02,T0009,0.69,1.92,0.01,97.38,
CPU01,T0009,8.68,12.03,0.01,79.28,
CPU00,T0009,50.98,44.84,0.00,4.18,
DISKBUSY,T0009,0.00,0.00,0.00,
DISKREAD,T0009,14.03,14.03,0.00,
DISKWRITE,T0009,5.95,46.46,0.00,
DISKXFER,T0009,0.75,5.11,0.00,
DISKSERV,T0009,0.00,0.00,0.00,
DISKWAIT,T0009,0.00,0.00,0.00,
MEMREAL,T0009,9437184.00,131774.00,15.44,35.79,62.82,57.98,
MEMVIRT,T0009,2097152.00,99.51,0.49,1.08,1.36,0.00,0.00,1.42,2257.49,0.00,
PROC,T0009,6.89,0.00,5013.90,13576.30,551.41,96.34,12.16,11.48,30.00,2.00,123.00,
LAN,T0009,30.72,0.00,0.14,10.13,0.36,0.19,39.23,0.04,0.73,35.96,4.06,2.03,0.00,0.00,0.00,
IP,T0009,10.05,3.95,2.03,35.96,10.05,0.04,0.73,39.23,2.07,0.28,0.16,9.63,2.07,0.00,0.14,30.72,
TCPUDP,T0009,39.46,39.72,9.57,7.81,
FILE,T0009,0.83,1772.59,0.00,853197.31,17091.01,
JFSFILE,T0009,15.19,70.82,77.01,73.90,3.90,44.09,
JFSINODE,T0009,3.03,9.28,19.58,4.33,0.03,2.25,
LPAR,T0009,0.15,3.00,12.00,64.00,2.00,128.00,54.52,0.24,0.24,1.00,
ZZZZ,T0010,00:52:38,23-Sep-2019,,
CPU_ALL,T0010,2.31,1.98,0.00,95.71,12.00,
CPU011,T0010,0.00,2.06,0.00,97.94,
CPU010,T0010,0.00,2.02,0.00,97.98,
CPU09,T0010,0.00,2.15,0.00,97.85,
CPU08,T0010,0.00,45.07,0.00,54.93,
CPU07,T0010,0.00,2.08,0.00,97.92,
CPU06,T0010,0.00,2.14,0.00,97.86,
CPU05,T0010,0.00,2.50,0.00,97.50,
CPU04,T0010,0.00,41.33,0.00,58.67,
CPU03,T0010,0.64,1.33,0.05,97.98,
CPU02,T0010,0.76,1.15,0.01,98.08,
CPU01,T0010,8.82,9.99,0.09,81.11,
CPU00,T0010,52.36,43.73,0.00,3.91,
DISKBUSY,T0010,0.00,0.00,0.00,
DISKREAD,T0010,7.02,7.02,0.00,
DISKWRITE,T0010,8.75,60.99,0.00,
DISKXFER,T0010,0.99,6.44,0.00,
DISKSERV,T0010,0.00,0.00,0.00,
DISKWAIT,T0010,0.00,0.00,0.00,
MEMREAL,T0010,9437184.00,131311.41,15.44,35.79,62.82,57.98,
MEMVIRT,T0010,2097152.00,99.51,0.49,0.00,2.18,0.00,0.00,2.17,2242.12,0.00,
PROC,T0010,12.28,0.00,5089.80,12629.68,512.08,203.84,12.17,11.47,35.80,2.00,123.00,
LAN,T0010,29.39,0.01,0.13,8.34,0.36,0.27,38.92,0.07,0.69,35.00,4.24,3.43,0.00,0.00,0.00,
IP,T0010,10.18,4.13,3.43,35.00,10.18,0.07,0.69,38.92,2.06,0.28,0.22,7.86,2.06,0.01,0.13,29.39,
TCPUDP,T0010,38.54,38.82,10.35,7.78,
FILE,T0010,1.03,1479.00,0.00,704960.44,17601.77,
JFSFILE,T0010,15.19,70.82,77.01,73.91,3.90,44.10,
JFSINODE,T0010,3.03,9.28,19.58,4.34,0.03,2.25,
LPAR,T0010,0.15,3.00,12.00,64.00,2.00,128.00,54.15,0.24,0.24,1.00,
ZZZZ,T0011,00:57:38,23-Sep-2019,,
CPU_ALL,T0011,2.24,2.06,0.00,95.70,12.00,
CPU011,T0011,0.00,2.32,0.00,97.68,
CPU010,T0011,0.00,2.02,0.00,97.98,
CPU09,T0011,0.00,2.28,0.00,97.72,
CPU08,T0011,0.00,44.79,0.00,55.21,
CPU07,T0011,0.00,2.29,0.00,97.71,
CPU06,T0011,0.00,2.29,0.00,97.71,
CPU05,T0011,0.00,2.40,0.00,97.60,
CPU04,T0011,0.00,40.48,0.00,59.52,
CPU03,T0011,0.41,0.91,0.10,98.58,
CPU02,T0011,0.37,2.03,0.01,97.60,
CPU01,T0011,10.05,9.82,0.08,80.04,
CPU00,T0011,50.42,45.56,0.00,4.02,
DISKBUSY,T0011,0.00,0.00,0.00,
DISKREAD,T0011,14.03,14.03,0.00,
DISKWRITE,T0011,7.81,52.02,0.00,
DISKXFER,T0011,0.90,5.75,0.00,
DISKSERV,T0011,0.00,0.00,0.00,
DISKWAIT,T0011,0.00,0.00,0.00,
MEMREAL,T0011,9437184.00,131329.00,15.44,35.79,62.82,57.98,
MEMVIRT,T0011,2097152.00,99.51,0.49,0.98,1.65,0.00,0.00,1.73,2252.43,0.00,
PROC,T0011,10.93,0.00,5089.61,13762.34,546.24,103.14,12.20,11.52,30.20,1.80,123.00,
LAN,T0011,30.57,0.01,0.13,9.78,0.36,0.22,38.93,0.05,0.66,35.52,3.99,2.54,0.00,0.00,0.00,
IP,T0011,10.00,3.88,2.54,35.52,10.00,0.05,0.66,38.93,2.00,0.28,0.18,9.30,2.00,0.01,0.13,24.79,
TCPUDP,T0011,39.04,39.21,9.70,7.77,
FILE,T0011,0.85,1725.92,0.00,872798.00,16864.13,
JFSFILE,T0011,15.20,70.82,77.01,73.91,3.90,44.10,
JFSINODE,T0011,3.03,9.28,19.58,4.34,0.03,2.25,
LPAR,T0011,0.15,3.00,12.00,64.00,2.00,128.00,53.33,0.24,0.24,1.00,
ZZZZ,T0012,01:02:38,23-Sep-2019,,
CPU_ALL,T0012,2.27,2.03,0.00,95.69,12.00,
CPU011,T0012,0.00,1.94,0.00,98.06,
CPU010,T0012,0.00,1.91,0.00,98.09,
CPU09,T0012,0.00,2.28,0.00,97.72,
CPU08,T0012,0.00,44.93,0.00,55.07,
CPU07,T0012,0.00,2.17,0.00,97.83,
CPU06,T0012,0.00,2.24,0.00,97.76,
CPU05,T0012,0.00,2.58,0.00,97.42,
CPU04,T0012,0.00,41.31,0.00,58.69,
CPU03,T0012,0.39,2.23,0.01,97.37,
CPU02,T0012,0.48,1.48,0.01,98.03,
CPU01,T0012,9.27,8.80,0.01,81.92,
CPU00,T0012,51.21,44.80,0.01,3.99,
DISKBUSY,T0012,0.00,0.00,0.00,
DISKREAD,T0012,7.02,7.02,0.00,
DISKWRITE,T0012,8.35,55.47,0.00,
DISKXFER,T0012,0.94,5.93,0.00,
DISKSERV,T0012,0.00,0.00,0.00,
DISKWAIT,T0012,0.00,0.00,0.00,
MEMREAL,T0012,9437184.00,131175.20,15.44,35.79,62.82,57.98,
MEMVIRT,T0012,2097152.00,99.51,0.49,0.34,1.64,0.00,0.00,1.64,2240.15,0.00,
PROC,T0012,6.65,0.00,5085.21,13366.20,527.91,121.51,12.15,11.45,30.80,1.60,122.80,
LAN,T0012,30.66,0.00,0.13,9.21,0.37,0.24,38.92,0.06,0.63,35.41,4.36,3.10,0.00,0.00,0.00,
IP,T0012,10.46,4.25,3.10,35.41,10.46,0.06,0.63,38.91,2.05,0.28,0.20,8.73,2.05,0.00,0.13,30.65,
TCPUDP,T0012,39.15,39.37,10.02,7.76,
FILE,T0012,0.92,1681.14,0.00,793248.00,17037.81,
JFSFILE,T0012,15.20,70.82,77.01,73.91,3.90,44.11,
JFSINODE,T0012,3.03,9.28,19.58,4.34,0.03,2.25,
LPAR,T0012,0.15,3.00,12.00,64.00,2.00,128.00,52.81,0.24,0.24,1.00,
ZZZZ,T0013,01:07:38,23-Sep-2019,,
CPU_ALL,T0013,2.65,2.20,0.02,95.13,12.00,
CPU011,T0013,0.00,1.55,0.00,98.45,
CPU010,T0013,0.00,1.52,0.00,98.48,
CPU09,T0013,0.00,1.51,0.00,98.49,
CPU08,T0013,26.13,38.03,0.03,35.82,
CPU07,T0013,0.00,1.79,0.00,98.21,
CPU06,T0013,0.00,1.87,0.00,98.13,
CPU05,T0013,0.00,2.02,0.00,97.98,
CPU04,T0013,13.43,44.59,0.02,41.95,
CPU03,T0013,0.63,0.98,0.05,98.35,
CPU02,T0013,0.57,2.21,0.00,97.22,
CPU01,T0013,14.69,11.93,0.15,73.23,
CPU00,T0013,52.34,43.50,0.03,4.13,
DISKBUSY,T0013,0.00,0.00,0.00,
DISKREAD,T0013,498.14,750.95,0.00,
DISKWRITE,T0013,8.08,93.41,0.00,
DISKXFER,T0013,3.24,13.65,0.00,
DISKSERV,T0013,0.00,0.00,0.00,
DISKWAIT,T0013,0.00,0.00,0.00,
MEMREAL,T0013,9437184.00,130422.20,15.44,35.80,62.82,57.98,
MEMVIRT,T0013,2097152.00,99.51,0.49,0.37,2.59,0.00,0.00,2.65,3250.83,0.00,
PROC,T0013,7.28,0.00,5123.30,14145.88,635.34,200.17,16.54,15.96,34.40,1.80,123.00,
LAN,T0013,32.00,0.00,0.13,9.48,0.35,0.18,41.95,0.04,0.66,35.32,3.96,1.99,0.00,0.00,0.00,
IP,T0013,11.52,3.85,1.99,35.32,11.52,0.04,0.66,41.91,2.17,0.27,0.15,9.00,2.17,0.00,0.13,32.00,
TCPUDP,T0013,40.21,40.23,13.40,8.02,
FILE,T0013,2.20,1748.05,0.00,1565844.38,23908.86,
JFSFILE,T0013,15.20,70.82,77.01,73.92,3.90,44.11,
JFSINODE,T0013,3.03,9.28,19.58,4.34,0.03,2.25,
LPAR,T0013,0.17,3.00,12.00,64.00,2.00,128.00,52.42,0.27,0.27,1.00,
ZZZZ,T0014,01:12:38,23-Sep-2019,,
CPU_ALL,T0014,2.29,1.96,0.00,95.75,12.00,
CPU011,T0014,0.00,2.00,0.00,98.00,
CPU010,T0014,0.00,2.01,0.00,97.99,
CPU09,T0014,0.00,2.25,0.00,97.75,
CPU08,T0014,0.00,44.19,0.00,55.81,
CPU07,T0014,0.00,2.18,0.00,97.82,
CPU06,T0014,0.00,2.27,0.00,97.73,
CPU05,T0014,0.00,2.40,0.00,97.60,
CPU04,T0014,0.00,40.03,0.00,59.97,
CPU03,T0014,0.85,2.05,0.00,97.10,
CPU02,T0014,0.35,1.45,0.00,98.20,
CPU01,T0014,8.64,9.22,0.17,81.97,
CPU00,T0014,52.51,43.58,0.00,3.90,
DISKBUSY,T0014,0.00,0.00,0.00,
DISKREAD,T0014,7.02,7.02,0.00,
DISKWRITE,T0014,8.11,54.22,0.00,
DISKXFER,T0014,0.92,5.94,0.00,
DISKSERV,T0014,0.00,0.00,0.00,
DISKWAIT,T0014,0.00,0.00,0.00,
MEMREAL,T0014,9437184.00,130435.20,15.44,35.80,62.82,57.98,
MEMVIRT,T0014,2097152.00,99.51,0.49,0.00,1.95,0.00,0.00,1.93,2232.19,0.00,
PROC,T0014,6.88,0.00,4983.33,12432.95,508.08,201.86,12.14,11.44,32.60,1.40,122.40,
LAN,T0014,29.52,0.01,0.12,8.30,0.37,0.24,37.40,0.06,0.59,33.48,4.25,3.11,0.00,0.00,0.00,
IP,T0014,10.08,4.13,3.11,33.48,10.08,0.06,0.59,37.40,1.98,0.28,0.20,7.84,1.98,0.01,0.12,29.52,
TCPUDP,T0014,37.42,37.27,10.20,7.69,
FILE,T0014,1.02,1463.96,0.00,699290.31,16609.31,
JFSFILE,T0014,15.20,70.82,77.01,73.92,3.90,44.11,
JFSINODE,T0014,3.03,9.28,19.58,4.34,0.03,2.25,
LPAR,T0014,0.15,3.00,12.00,64.00,2.00,128.00,53.14,0.24,0.24,1.00,
ZZZZ,T0015,01:17:38,23-Sep-2019,,
CPU_ALL,T0015,2.22,1.99,0.00,95.78,12.00,
CPU011,T0015,0.00,1.92,0.00,98.08,
CPU010,T0015,0.00,1.92,0.00,98.08,
CPU09,T0015,0.00,2.21,0.00,97.79,
CPU08,T0015,0.00,45.44,0.00,54.56,
CPU07,T0015,0.00,2.14,0.00,97.86,
CPU06,T0015,0.00,2.24,0.00,97.76,
CPU05,T0015,0.00,2.46,0.00,97.54,
CPU04,T0015,0.00,41.16,0.00,58.84,
CPU03,T0015,0.56,2.06,0.00,97.39,
CPU02,T0015,0.45,2.74,0.00,96.80,
CPU01,T0015,8.97,9.26,0.05,81.71,
CPU00,T0015,51.64,44.57,0.01,3.78,
DISKBUSY,T0015,0.00,0.00,0.00,
DISKREAD,T0015,14.03,14.03,0.00,
DISKWRITE,T0015,6.16,54.46,0.00,
DISKXFER,T0015,0.80,5.96,0.00,
DISKSERV,T0015,0.00,0.00,0.00,
DISKWAIT,T0015,0.00,0.00,0.00,
MEMREAL,T0015,9437184.00,129998.40,15.44,35.80,62.82,57.98,
MEMVIRT,T0015,2097152.00,99.51,0.49,0.00,1.79,0.00,0.00,1.61,2262.37,0.00,
PROC,T0015,8.77,0.00,4727.99,12872.19,521.04,150.08,12.19,11.51,36.80,1.80,123.00,
LAN,T0015,30.25,0.00,0.13,9.35,0.36,0.27,37.33,0.04,0.65,33.74,3.99,3.50,0.00,0.00,0.00,
IP,T0015,9.77,3.88,3.50,33.74,9.77,0.04,0.65,37.33,2.04,0.27,0.22,8.89,2.04,0.00,0.13,30.25,
TCPUDP,T0015,37.52,37.17,9.73,7.78,
FILE,T0015,0.86,1637.87,0.00,760149.00,16624.36,
JFSFILE,T0015,15.20,70.82,77.01,73.92,3.90,44.12,
JFSINODE,T0015,3.03,9.28,19.58,4.34,0.03,2.25,
LPAR,T0015,0.15,3.00,12.00,64.00,2.00,128.00,52.20,0.23,0.23,1.00,
ZZZZ,T0016,01:22:38,23-Sep-2019,,
CPU_ALL,T0016,2.20,1.98,0.01,95.81,12.00,
CPU011,T0016,0.00,2.05,0.00,97.95,
CPU010,T0016,0.00,2.12,0.00,97.88,
CPU09,T0016,0.00,2.22,0.00,97.78,
CPU08,T0016,0.00,45.34,0.00,54.66,
CPU07,T0016,0.00,2.12,0.00,97.88,
CPU06,T0016,0.00,2.22,0.00,97.78,
CPU05,T0016,0.00,2.52,0.00,97.48,
CPU04,T0016,0.00,40.94,0.00,59.06,
CPU03,T0016,1.21,3.65,0.07,95.07,
CPU02,T0016,0.85,1.84,0.14,97.17,
CPU01,T0016,7.92,7.65,0.13,84.29,
CPU00,T0016,51.38,44.90,0.01,3.71,
DISKBUSY,T0016,0.00,0.00,0.00,
DISKREAD,T0016,7.02,7.02,0.00,
DISKWRITE,T0016,6.67,60.34,0.00,
DISKXFER,T0016,0.83,6.37,0.00,
DISKSERV,T0016,0.00,0.00,0.00,
DISKWAIT,T0016,0.00,0.00,0.00,
MEMREAL,T0016,9437184.00,130011.40,15.44,35.80,62.82,57.98,
MEMVIRT,T0016,2097152.00,99.51,0.49,0.00,1.88,0.00,0.00,1.87,2228.56,0.00,
PROC,T0016,7.07,0.00,4669.62,12553.06,526.90,146.94,12.14,11.44,29.40,1.60,123.00,
LAN,T0016,29.77,0.00,0.13,8.76,0.39,0.19,37.93,0.05,0.69,34.39,4.46,2.02,0.00,0.00,0.00,
IP,T0016,9.94,4.35,2.02,34.39,9.94,0.05,0.69,37.93,2.00,0.30,0.16,8.29,2.00,0.00,0.13,29.77,
TCPUDP,T0016,37.81,37.87,10.22,7.90,
FILE,T0016,1.01,1608.38,0.00,772354.75,16910.51,
JFSFILE,T0016,15.20,70.82,77.01,73.93,3.90,44.12,
JFSINODE,T0016,3.03,9.28,19.58,4.34,0.03,2.25,
LPAR,T0016,0.15,3.00,12.00,64.00,2.00,128.00,51.21,0.23,0.23,1.00,
ZZZZ,T0017,01:27:38,23-Sep-2019,,
CPU_ALL,T0017,2.16,2.02,0.00,95.81,12.00,
CPU011,T0017,0.00,2.06,0.00,97.94,
CPU010,T0017,0.00,2.05,0.00,97.95,
CPU09,T0017,0.00,2.27,0.00,97.73,
CPU08,T0017,0.00,43.87,0.00,56.13,
CPU07,T0017,0.00,2.21,0.00,97.79,
CPU06,T0017,0.00,2.35,0.00,97.65,
CPU05,T0017,0.00,2.40,0.00,97.60,
CPU04,T0017,0.00,40.03,0.00,59.97,
CPU03,T0017,0.85,3.69,0.24,95.22,
CPU02,T0017,1.30,1.53,0.00,97.17,
CPU01,T0017,7.96,8.99,0.06,82.99,
CPU00,T0017,50.41,45.62,0.01,3.97,
DISKBUSY,T0017,0.00,0.00,0.00,
DISKREAD,T0017,14.03,14.03,0.00,
DISKWRITE,T0017,6.13,49.60,0.00,
DISKXFER,T0017,0.81,5.44,0.00,
DISKSERV,T0017,0.00,0.00,0.00,
DISKWAIT,T0017,0.00,0.00,0.00,
MEMREAL,T0017,9437184.00,129963.60,15.44,35.80,62.82,57.99,
MEMVIRT,T0017,2097152.00,99.51,0.49,0.00,1.53,0.00,0.00,1.53,2243.48,0.00,
PROC,T0017,7.91,0.00,4680.07,13180.95,551.80,94.45,12.15,11.48,29.60,1.40,123.00,
LAN,T0017,29.05,0.01,0.13,8.08,0.36,0.19,36.15,0.05,0.69,32.64,4.01,2.04,0.00,0.00,0.00,
IP,T0017,9.40,3.90,2.04,32.64,9.40,0.05,0.69,36.15,1.82,0.28,0.16,7.63,1.82,0.00,0.13,29.05,
TCPUDP,T0017,36.12,35.73,9.62,7.79,
FILE,T0017,0.84,1754.58,0.00,869956.31,15143.76,
JFSFILE,T0017,15.20,70.82,77.01,73.93,3.90,44.13,
JFSINODE,T0017,3.03,9.28,19.58,4.34,0.03,2.25,
LPAR,T0017,0.15,3.00,12.00,64.00,2.00,128.00,54.30,0.23,0.23,1.00,
ZZZZ,T0018,01:32:38,23-Sep-2019,,
CPU_ALL,T0018,2.40,2.20,0.01,95.39,12.00,
CPU011,T0018,0.00,1.56,0.00,98.44,
CPU010,T0018,0.00,1.55,0.00,98.45,
CPU09,T0018,0.00,1.93,0.00,98.07,
CPU08,T0018,11.94,42.88,0.01,45.17,
CPU07,T0018,0.00,1.85,0.00,98.15,
CPU06,T0018,0.00,1.94,0.00,98.06,
CPU05,T0018,0.02,2.17,0.00,97.81,
CPU04,T0018,9.75,41.25,0.01,48.98,
CPU03,T0018,1.00,1.74,0.00,97.25,
CPU02,T0018,1.04,2.18,0.19,96.59,
CPU01,T0018,11.29,10.86,0.12,77.73,
CPU00,T0018,50.50,45.52,0.01,3.97,
DISKBUSY,T0018,0.00,0.00,0.00,
DISKREAD,T0018,21.05,35.93,0.00,
DISKWRITE,T0018,6.75,72.93,0.00,
DISKXFER,T0018,0.91,6.81,0.00,
DISKSERV,T0018,0.00,0.00,0.00,
DISKWAIT,T0018,0.00,0.00,0.00,
MEMREAL,T0018,9437184.00,129707.60,15.44,35.80,62.82,57.99,
MEMVIRT,T0018,2097152.00,99.51,0.49,1.12,3.63,0.00,0.00,3.47,2924.37,0.00,
PROC,T0018,9.52,0.00,4795.07,14224.27,614.02,139.71,16.58,14.49,31.60,1.40,123.00,
LAN,T0018,32.59,0.00,0.14,11.77,0.36,0.20,39.69,0.07,0.77,35.86,4.27,2.16,0.00,0.00,0.00,
IP,T0018,10.29,4.15,2.16,35.86,10.29,0.07,0.77,39.67,2.14,0.27,0.17,11.28,2.14,0.01,0.14,32.58,
TCPUDP,T0018,39.60,39.80,10.38,7.64,
FILE,T0018,1.08,1769.85,0.00,1027782.06,41274.82,
JFSFILE,T0018,15.20,70.82,77.01,73.93,3.90,44.13,
JFSINODE,T0018,3.03,9.28,19.58,4.34,0.03,2.25,
LPAR,T0018,0.16,3.00,12.00,64.00,2.00,128.00,52.54,0.25,0.25,1.00,
ZZZZ,T0019,01:37:38,23-Sep-2019,,
CPU_ALL,T0019,2.39,2.00,0.00,95.61,12.00,
CPU011,T0019,0.00,1.74,0.00,98.26,
CPU010,T0019,0.00,1.83,0.00,98.17,
CPU09,T0019,0.00,1.80,0.00,98.20,
CPU08,T0019,3.28,46.48,0.01,50.23,
CPU07,T0019,0.00,1.52,0.00,98.48,
CPU06,T0019,0.00,1.60,0.00,98.40,
CPU05,T0019,0.00,1.96,0.00,98.04,
CPU04,T0019,17.63,34.80,0.00,47.57,
CPU03,T0019,1.43,3.49,0.00,95.08,
CPU02,T0019,0.58,0.82,0.00,98.60,
CPU01,T0019,11.50,10.28,0.21,78.00,
CPU00,T0019,52.35,43.45,0.01,4.19,
DISKBUSY,T0019,0.00,0.00,0.00,
DISKREAD,T0019,14.03,14.03,0.00,
DISKWRITE,T0019,6.08,65.67,0.00,
DISKXFER,T0019,0.80,6.93,0.00,
DISKSERV,T0019,0.00,0.00,0.00,
DISKWAIT,T0019,0.00,0.00,0.00,
MEMREAL,T0019,9437184.00,129162.60,15.44,35.81,62.83,57.99,
MEMVIRT,T0019,2097152.00,99.51,0.49,0.00,2.08,0.00,0.00,2.07,2275.08,0.00,
PROC,T0019,8.43,0.20,4816.59,12504.16,529.27,196.00,12.11,11.44,33.00,1.80,123.00,
LAN,T0019,29.25,0.01,0.13,8.17,0.36,1.00,37.23,0.05,0.68,33.39,4.05,16.32,0.00,0.00,0.00,
IP,T0019,9.70,3.94,16.32,33.39,9.70,0.05,0.68,37.23,1.94,0.28,0.77,7.71,1.94,0.01,0.13,29.26,
TCPUDP,T0019,36.81,36.75,10.08,7.82,
FILE,T0019,0.96,1495.34,0.00,799773.88,16881.27,
JFSFILE,T0019,15.20,70.82,77.01,73.93,3.90,44.13,
JFSINODE,T0019,3.03,9.28,19.58,4.34,0.03,2.25,
LPAR,T0019,0.16,3.00,12.00,64.00,2.00,128.00,53.56,0.24,0.24,1.00,
ZZZZ,T0020,01:42:38,23-Sep-2019,,
CPU_ALL,T0020,2.24,2.06,0.01,95.69,12.00,
CPU011,T0020,0.00,1.83,0.00,98.17,
CPU010,T0020,0.00,1.82,0.00,98.18,
CPU09,T0020,0.00,2.08,0.00,97.92,
CPU08,T0020,0.00,44.63,0.00,55.37,
CPU07,T0020,0.00,2.04,0.00,97.96,
CPU06,T0020,0.00,2.24,0.00,97.76,
CPU05,T0020,0.00,2.22,0.00,97.78,
CPU04,T0020,0.00,40.27,0.00,59.73,
CPU03,T0020,1.31,2.32,0.05,96.31,
CPU02,T0020,0.85,1.14,0.34,97.67,
CPU01,T0020,8.53,7.80,0.24,83.44,
CPU00,T0020,50.36,45.83,0.00,3.80,
DISKBUSY,T0020,0.00,0.00,0.00,
DISKREAD,T0020,7.02,7.02,0.00,
DISKWRITE,T0020,7.23,49.36,0.00,
DISKXFER,T0020,0.89,5.36,0.00,
DISKSERV,T0020,0.00,0.00,0.00,
DISKWAIT,T0020,0.00,0.00,0.00,
MEMREAL,T0020,9437184.00,128844.60,15.44,35.81,62.83,57.99,
MEMVIRT,T0020,2097152.00,99.51,0.49,0.03,1.83,0.00,0.00,1.55,2239.57,0.00,
PROC,T0020,7.87,0.00,4979.21,13493.01,535.44,94.49,12.14,11.44,34.80,2.00,123.00,
LAN,T0020,31.69,0.01,0.13,9.66,0.36,0.89,38.80,0.08,0.65,35.62,4.19,14.55,0.00,0.00,0.00,
IP,T0020,10.00,4.08,14.55,35.62,10.00,0.08,0.65,38.80,2.01,0.27,0.69,9.17,2.01,0.01,0.13,31.69,
TCPUDP,T0020,38.84,39.12,9.94,7.63,
FILE,T0020,0.89,1767.21,0.00,824769.25,16454.19,
JFSFILE,T0020,15.20,70.82,77.01,73.93,3.90,44.14,
JFSINODE,T0020,3.03,9.28,19.58,4.34,0.03,2.25,
LPAR,T0020,0.15,3.00,12.00,64.00,2.00,128.00,54.67,0.24,0.24,1.00,
ZZZZ,T0021,01:47:38,23-Sep-2019,,
CPU_ALL,T0021,1.87,1.98,0.00,96.15,12.00,
CPU011,T0021,0.00,1.77,0.00,98.23,
CPU010,T0021,0.00,1.78,0.00,98.22,
CPU09,T0021,0.00,2.06,0.00,97.94,
CPU08,T0021,0.00,44.74,0.00,55.26,
CPU07,T0021,0.00,2.06,0.00,97.94,
CPU06,T0021,0.00,2.17,0.00,97.83,
CPU05,T0021,0.00,2.36,0.00,97.64,
CPU04,T0021,0.00,41.05,0.00,58.95,
CPU03,T0021,0.67,2.39,0.00,96.93,
CPU02,T0021,1.08,1.59,0.00,97.32,
CPU01,T0021,9.29,9.77,0.26,80.69,
CPU00,T0021,46.34,48.83,0.01,4.82,
DISKBUSY,T0021,0.00,0.00,0.00,
DISKREAD,T0021,14.03,14.03,0.00,
DISKWRITE,T0021,7.92,61.67,0.00,
DISKXFER,T0021,0.94,6.87,0.00,
DISKSERV,T0021,0.00,0.00,0.00,
DISKWAIT,T0021,0.00,0.00,0.00,
MEMREAL,T0021,9437184.00,128489.80,15.44,35.81,62.83,57.99,
MEMVIRT,T0021,2097152.00,99.51,0.49,0.00,2.27,0.00,0.00,2.26,2256.51,0.00,
PROC,T0021,7.88,0.00,5194.83,11603.04,501.04,252.32,12.16,11.49,26.40,1.20,122.60,
LAN,T0021,29.63,0.01,0.13,8.58,0.37,0.60,38.14,0.06,0.66,34.29,4.19,9.46,0.00,0.00,0.00,
IP,T0021,10.13,4.07,9.46,34.29,10.13,0.06,0.66,38.14,1.99,0.29,0.47,8.11,1.99,0.00,0.13,29.63,
TCPUDP,T0021,38.28,38.07,9.95,7.92,
FILE,T0021,0.96,1382.22,0.00,659264.06,18841.49,
JFSFILE,T0021,15.20,70.82,77.01,73.93,3.90,44.14,
JFSINODE,T0021,3.03,9.28,19.58,4.34,0.03,2.25,
LPAR,T0021,0.14,3.00,12.00,64.00,2.00,128.00,54.02,0.22,0.22,1.00,
ZZZZ,T0022,01:52:38,23-Sep-2019,,
CPU_ALL,T0022,1.87,1.97,0.00,96.15,12.00,
CPU011,T0022,0.00,1.92,0.00,98.08,
CPU010,T0022,0.00,2.04,0.00,97.96,
CPU09,T0022,0.00,2.02,0.00,97.98,
CPU08,T0022,0.00,44.16,0.00,55.84,
CPU07,T0022,0.00,1.99,0.00,98.01,
CPU06,T0022,0.00,2.09,0.00,97.91,
CPU05,T0022,0.00,2.39,0.00,97.61,
CPU04,T0022,0.00,39.87,0.00,60.13,
CPU03,T0022,0.83,1.12,0.14,97.91,
CPU02,T0022,0.84,1.14,0.05,97.96,
CPU01,T0022,9.14,12.30,0.17,78.39,
CPU00,T0022,46.63,48.48,0.00,4.89,
DISKBUSY,T0022,0.00,0.00,0.00,
DISKREAD,T0022,7.02,7.02,0.00,
DISKWRITE,T0022,8.43,68.79,0.00,
DISKXFER,T0022,0.97,7.59,0.00,
DISKSERV,T0022,0.00,0.00,0.00,
DISKWAIT,T0022,0.00,0.00,0.00,
MEMREAL,T0022,9437184.00,127886.40,15.44,35.82,62.83,57.99,
MEMVIRT,T0022,2097152.00,99.51,0.49,0.00,2.86,0.00,0.00,2.84,2233.20,0.00,
PROC,T0022,7.89,0.00,5173.98,11501.01,488.21,389.45,12.14,11.44,30.40,1.20,123.00,
LAN,T0022,29.50,0.01,0.13,8.41,0.36,0.29,37.83,0.08,0.67,33.50,4.28,3.79,0.00,0.00,0.00,
IP,T0022,10.31,4.16,3.79,33.50,10.30,0.08,0.67,37.83,1.97,0.28,0.24,7.95,1.97,0.01,0.13,29.50,
TCPUDP,T0022,37.66,37.43,10.42,7.74,
FILE,T0022,1.12,1380.22,0.00,642336.25,20556.35,
JFSFILE,T0022,15.20,70.82,77.01,73.93,3.90,44.15,
JFSINODE,T0022,3.03,9.28,19.58,4.34,0.03,2.25,
LPAR,T0022,0.14,3.00,12.00,64.00,2.00,128.00,54.45,0.22,0.22,1.00,
ZZZZ,T0023,01:57:38,23-Sep-2019,,
CPU_ALL,T0023,2.37,2.01,0.00,95.62,12.00,
CPU011,T0023,0.00,1.87,0.00,98.13,
CPU010,T0023,0.00,1.95,0.00,98.05,
CPU09,T0023,0.00,2.09,0.00,97.91,
CPU08,T0023,0.00,44.50,0.00,55.50,
CPU07,T0023,0.00,2.04,0.00,97.96,
CPU06,T0023,0.00,2.38,0.00,97.62,
CPU05,T0023,0.00,2.26,0.00,97.74,
CPU04,T0023,0.00,40.37,0.00,59.63,
CPU03,T0023,0.23,0.56,0.00,99.21,
CPU02,T0023,0.40,0.70,0.10,98.79,
CPU01,T0023,11.69,10.18,0.11,78.02,
CPU00,T0023,52.10,43.76,0.01,4.13,
DISKBUSY,T0023,0.00,0.00,0.00,
DISKREAD,T0023,14.03,14.03,0.00,
DISKWRITE,T0023,8.13,78.07,0.00,
DISKXFER,T0023,0.96,7.74,0.00,
DISKSERV,T0023,0.00,0.00,0.00,
DISKWAIT,T0023,0.00,0.00,0.00,
MEMREAL,T0023,9437184.00,127403.40,15.44,35.82,62.83,57.99,
MEMVIRT,T0023,2097152.00,99.51,0.49,0.75,3.77,0.00,0.00,3.82,2270.11,0.00,
PROC,T0023,9.93,0.00,5125.48,12879.51,515.26,343.32,12.29,11.64,30.00,2.00,123.00,
LAN,T0023,30.21,0.00,1.66,9.30,0.35,0.51,38.71,0.07,1.92,34.67,3.93,5.69,0.00,0.00,0.00,
IP,T0023,10.68,3.81,5.69,34.67,10.68,0.07,1.92,38.70,2.14,0.27,0.43,8.82,2.13,0.00,1.66,30.21,
TCPUDP,T0023,38.53,38.56,12.02,9.35,
FILE,T0023,1.15,1460.37,0.00,721554.81,24800.87,
JFSFILE,T0023,15.21,70.82,77.01,73.95,3.90,44.15,
JFSINODE,T0023,3.03,9.28,19.58,4.34,0.03,2.25,
LPAR,T0023,0.16,3.00,12.00,64.00,2.00,128.00,54.58,0.24,0.24,1.00,
ZZZZ,T0024,02:02:38,23-Sep-2019,,
CPU_ALL,T0024,2.31,2.06,0.01,95.62,12.00,
CPU011,T0024,0.00,1.84,0.00,98.16,
CPU010,T0024,0.00,1.85,0.00,98.15,
CPU09,T0024,0.00,2.13,0.00,97.87,
CPU08,T0024,0.00,44.98,0.00,55.02,
CPU07,T0024,0.00,2.07,0.00,97.93,
CPU06,T0024,0.00,2.21,0.00,97.79,
CPU05,T0024,0.00,2.39,0.00,97.61,
CPU04,T0024,0.00,40.95,0.00,59.05,
CPU03,T0024,0.78,1.01,0.11,98.10,
CPU02,T0024,0.70,1.86,0.35,97.09,
CPU01,T0024,8.81,9.93,0.14,81.12,
CPU00,T0024,51.51,44.61,0.00,3.87,
DISKBUSY,T0024,0.00,0.00,0.00,
DISKREAD,T0024,7.02,7.02,0.00,
DISKWRITE,T0024,8.72,52.98,0.00,
DISKXFER,T0024,0.99,5.84,0.00,
DISKSERV,T0024,0.00,0.00,0.00,
DISKWAIT,T0024,0.00,0.00,0.00,
MEMREAL,T0024,9437184.00,127021.00,15.44,35.83,62.83,57.99,
MEMVIRT,T0024,2097152.00,99.51,0.49,0.33,1.65,0.00,0.00,1.66,2251.88,0.00,
PROC,T0024,9.97,0.00,5073.34,13550.77,530.21,95.90,12.15,11.46,33.20,2.00,123.00,
LAN,T0024,30.72,0.01,0.19,8.81,0.38,0.35,37.67,0.08,0.73,34.02,4.48,4.81,0.00,0.00,0.00,
IP,T0024,10.21,4.36,4.81,34.02,10.21,0.08,0.73,37.67,2.01,0.29,0.29,8.35,2.01,0.01,0.19,30.72,
TCPUDP,T0024,37.92,37.85,10.08,7.81,
FILE,T0024,0.91,1752.28,0.00,818634.38,16873.55,
JFSFILE,T0024,15.21,70.82,77.01,73.95,3.90,44.15,
JFSINODE,T0024,3.03,9.28,19.58,4.34,0.03,2.25,
LPAR,T0024,0.15,3.00,12.00,64.00,2.00,128.00,52.95,0.24,0.24,1.00,
ZZZZ,T0025,02:07:38,23-Sep-2019,,
CPU_ALL,T0025,2.46,1.98,0.00,95.56,12.00,
CPU011,T0025,0.00,1.75,0.00,98.25,
CPU010,T0025,0.00,2.03,0.00,97.97,
CPU09,T0025,0.00,1.81,0.00,98.19,
CPU08,T0025,8.42,43.57,0.00,48.01,
CPU07,T0025,0.00,1.57,0.00,98.43,
CPU06,T0025,0.00,1.66,0.00,98.34,
CPU05,T0025,0.00,1.99,0.00,98.01,
CPU04,T0025,16.73,34.77,0.00,48.50,
CPU03,T0025,0.33,0.47,0.00,99.20,
CPU02,T0025,1.02,1.10,0.20,97.68,
CPU01,T0025,11.49,11.86,0.07,76.58,
CPU00,T0025,53.40,42.41,0.01,4.18,
DISKBUSY,T0025,0.00,0.00,0.00,
DISKREAD,T0025,14.03,14.03,0.00,
DISKWRITE,T0025,8.21,60.85,0.00,
DISKXFER,T0025,0.97,6.60,0.00,
DISKSERV,T0025,0.00,0.00,0.00,
DISKWAIT,T0025,0.00,0.00,0.00,
MEMREAL,T0025,9437184.00,127025.40,15.44,35.82,62.83,57.99,
MEMVIRT,T0025,2097152.00,99.51,0.49,0.02,2.46,0.00,0.00,2.32,2302.14,0.00,
PROC,T0025,8.30,0.00,4975.97,12585.39,528.25,204.91,12.13,11.46,31.60,1.80,122.40,
LAN,T0025,30.43,0.00,0.13,9.36,0.36,0.23,38.17,0.06,0.65,34.61,4.13,2.83,0.00,0.00,0.00,
IP,T0025,9.98,4.02,2.83,34.61,9.98,0.06,0.65,38.16,1.97,0.28,0.19,8.88,1.97,0.00,0.13,30.43,
TCPUDP,T0025,38.06,38.18,10.00,7.83,
FILE,T0025,0.99,1486.81,0.00,760106.25,19038.99,
JFSFILE,T0025,15.21,70.82,77.01,73.96,3.90,44.16,
JFSINODE,T0025,3.03,9.28,19.58,4.34,0.03,2.25,
LPAR,T0025,0.16,3.00,12.00,64.00,2.00,128.00,53.90,0.25,0.25,1.00,
ZZZZ,T0026,02:12:38,23-Sep-2019,,
CPU_ALL,T0026,2.26,1.93,0.00,95.80,12.00,
CPU011,T0026,0.00,1.92,0.00,98.08,
CPU010,T0026,0.00,1.96,0.00,98.04,
CPU09,T0026,0.00,2.14,0.00,97.86,
CPU08,T0026,0.00,44.36,0.00,55.64,
CPU07,T0026,0.00,2.07,0.00,97.93,
CPU06,T0026,0.00,2.52,0.00,97.48,
CPU05,T0026,0.00,2.33,0.00,97.67,
CPU04,T0026,0.00,39.91,0.00,60.09,
CPU03,T0026,0.32,0.95,0.00,98.73,
CPU02,T0026,0.72,1.22,0.00,98.05,
CPU01,T0026,10.50,13.32,0.22,75.96,
CPU00,T0026,52.61,43.14,0.00,4.25,
DISKBUSY,T0026,0.00,0.00,0.00,
DISKREAD,T0026,7.02,7.02,0.00,
DISKWRITE,T0026,6.48,59.21,0.00,
DISKXFER,T0026,0.80,6.41,0.00,
DISKSERV,T0026,0.00,0.00,0.00,
DISKWAIT,T0026,0.00,0.00,0.00,
MEMREAL,T0026,9437184.00,126677.80,15.44,35.83,62.83,57.99,
MEMVIRT,T0026,2097152.00,99.51,0.49,0.00,1.84,0.00,0.00,1.82,2235.25,0.00,
PROC,T0026,6.18,0.00,4725.51,12165.71,508.53,202.93,12.15,11.45,28.00,1.60,122.40,
LAN,T0026,31.89,0.01,0.13,8.84,0.37,0.26,38.35,0.07,0.68,34.46,4.35,3.33,0.00,0.00,0.00,
IP,T0026,9.95,4.23,3.33,34.46,9.95,0.07,0.68,38.35,2.05,0.29,0.21,8.37,2.04,0.01,0.13,31.89,
TCPUDP,T0026,37.91,37.98,10.37,7.78,
FILE,T0026,1.02,1461.60,0.00,703415.12,20666.63,
JFSFILE,T0026,15.21,70.82,77.01,73.96,3.90,44.16,
JFSINODE,T0026,3.03,9.28,19.58,4.34,0.03,2.25,
LPAR,T0026,0.15,3.00,12.00,64.00,2.00,128.00,54.66,0.23,0.23,1.00,
ZZZZ,T0027,02:17:38,23-Sep-2019,,
CPU_ALL,T0027,2.16,2.01,0.00,95.83,12.00,
CPU011,T0027,0.00,1.87,0.00,98.13,
CPU010,T0027,0.00,1.87,0.00,98.13,
CPU09,T0027,0.00,2.16,0.00,97.84,
CPU08,T0027,0.00,44.24,0.00,55.76,
CPU07,T0027,0.00,2.14,0.00,97.86,
CPU06,T0027,0.00,2.28,0.00,97.72,
CPU05,T0027,0.00,2.47,0.00,97.53,
CPU04,T0027,0.00,39.48,0.00,60.52,
CPU03,T0027,0.22,0.68,0.00,99.10,
CPU02,T0027,1.16,1.07,0.00,97.77,
CPU01,T0027,8.92,13.66,0.12,77.31,
CPU00,T0027,50.70,45.12,0.00,4.17,
DISKBUSY,T0027,0.00,0.00,0.00,
DISKREAD,T0027,14.03,14.03,0.00,
DISKWRITE,T0027,6.05,50.68,0.00,
DISKXFER,T0027,0.79,5.64,0.00,
DISKSERV,T0027,0.00,0.00,0.00,
DISKWAIT,T0027,0.00,0.00,0.00,
MEMREAL,T0027,9437184.00,126634.60,15.44,35.83,62.83,57.99,
MEMVIRT,T0027,2097152.00,99.51,0.49,0.33,1.46,0.00,0.00,1.48,2241.29,0.00,
PROC,T0027,8.90,0.00,4770.08,13189.22,536.16,92.76,12.19,11.50,32.00,2.00,123.00,
LAN,T0027,30.09,0.01,0.13,8.70,0.36,0.26,37.02,0.06,0.71,33.68,4.03,3.31,0.00,0.00,0.00,
IP,T0027,9.56,3.91,3.31,33.68,9.56,0.06,0.71,37.02,1.86,0.28,0.21,8.24,1.87,0.01,0.13,30.09,
TCPUDP,T0027,36.93,36.92,9.63,7.76,
FILE,T0027,0.84,1749.56,0.00,837169.88,15588.29,
JFSFILE,T0027,15.21,70.82,77.01,73.96,3.90,44.17,
JFSINODE,T0027,3.03,9.28,19.58,4.34,0.03,2.25,
LPAR,T0027,0.15,3.00,12.00,64.00,2.00,128.00,54.37,0.23,0.23,1.00,
ZZZZ,T0028,02:22:38,23-Sep-2019,,
CPU_ALL,T0028,2.25,1.94,0.00,95.80,12.00,
CPU011,T0028,0.00,1.93,0.00,98.07,
CPU010,T0028,0.00,2.28,0.00,97.72,
CPU09,T0028,0.00,2.06,0.00,97.94,
CPU08,T0028,0.00,44.46,0.00,55.54,
CPU07,T0028,0.00,1.99,0.00,98.01,
CPU06,T0028,0.00,2.09,0.00,97.91,
CPU05,T0028,0.00,2.40,0.00,97.60,
CPU04,T0028,0.00,40.31,0.00,59.69,
CPU03,T0028,0.42,0.66,0.00,98.92,
CPU02,T0028,0.19,0.51,0.00,99.30,
CPU01,T0028,10.65,10.97,0.14,78.24,
CPU00,T0028,52.15,43.90,0.01,3.94,
DISKBUSY,T0028,0.00,0.00,0.00,
DISKREAD,T0028,7.02,7.02,0.00,
DISKWRITE,T0028,6.67,59.23,0.00,
DISKXFER,T0028,0.82,6.38,0.00,
DISKSERV,T0028,0.00,0.00,0.00,
DISKWAIT,T0028,0.00,0.00,0.00,
MEMREAL,T0028,9437184.00,126627.60,15.44,35.83,62.83,58.00,
MEMVIRT,T0028,2097152.00,99.51,0.49,1.41,2.05,0.00,0.00,2.14,2229.18,0.00,
PROC,T0028,7.01,0.00,4784.23,12198.97,508.59,203.19,12.13,11.43,26.60,2.00,123.00,
LAN,T0028,30.88,0.00,0.14,9.90,0.39,0.33,37.92,0.07,0.72,33.97,4.49,4.59,0.00,0.00,0.00,
IP,T0028,10.19,4.37,4.59,33.97,10.19,0.07,0.72,37.92,2.12,0.30,0.27,9.43,2.12,0.00,0.14,30.88,
TCPUDP,T0028,37.84,37.84,10.27,7.95,
FILE,T0028,1.03,1448.71,0.00,700910.25,18813.76,
JFSFILE,T0028,15.21,70.82,77.01,73.96,3.90,44.17,
JFSINODE,T0028,3.03,9.28,19.58,4.35,0.03,2.25,
LPAR,T0028,0.15,3.00,12.00,64.00,2.00,128.00,55.70,0.23,0.23,1.00,
ZZZZ,T0029,02:27:38,23-Sep-2019,,
CPU_ALL,T0029,2.16,2.01,0.01,95.81,12.00,
CPU011,T0029,0.00,2.03,0.00,97.97,
CPU010,T0029,0.00,2.00,0.00,98.00,
CPU09,T0029,0.00,2.23,0.00,97.77,
CPU08,T0029,0.00,44.27,0.00,55.73,
CPU07,T0029,0.00,2.14,0.00,97.86,
CPU06,T0029,0.00,2.65,0.00,97.35,
CPU05,T0029,0.00,2.39,0.00,97.61,
CPU04,T0029,0.00,40.20,0.00,59.80,
CPU03,T0029,0.97,1.20,0.11,97.71,
CPU02,T0029,0.84,1.21,0.19,97.76,
CPU01,T0029,9.65,11.77,0.16,78.42,
CPU00,T0029,50.36,45.66,0.00,3.98,
DISKBUSY,T0029,0.00,0.00,0.00,
DISKREAD,T0029,7.02,7.02,0.00,
