CPU_ALL,CPU Total ,User%,Sys%,Wait%,Idle%,CPUs,
CPU011,CPU Total ,User%,Sys%,Wait%,Idle%,
CPU010,CPU Total ,User%,Sys%,Wait%,Idle%,
CPU09,CPU Total ,User%,Sys%,Wait%,Idle%,
CPU08,CPU Total ,User%,Sys%,Wait%,Idle%,
CPU07,CPU Total ,User%,Sys%,Wait%,Idle%,
CPU06,CPU Total ,User%,Sys%,Wait%,Idle%,
CPU05,CPU Total ,User%,Sys%,Wait%,Idle%,
CPU04,CPU Total ,User%,Sys%,Wait%,Idle%,
CPU03,CPU Total ,User%,Sys%,Wait%,Idle%,
CPU02,CPU Total ,User%,Sys%,Wait%,Idle%,
CPU01,CPU Total ,User%,Sys%,Wait%,Idle%,
CPU00,CPU Total ,User%,Sys%,Wait%,Idle%,
DISKBUSY,Disk %Busy ,hdisk1,hdisk99,hdisk0,
DISKREAD,Disk Read 512 bytes per sec ,hdisk1,hdisk99,hdisk0,
DISKWRITE,Disk Write 512 bytes per sec ,hdisk1,hdisk99,hdisk0,
DISKXFER,Disk transfers per second ,hdisk1,hdisk99,hdisk0,
DISKSERV,Disk Avg service time/transfer ,hdisk1,hdisk99,hdisk0,
DISKWAIT,Average wait queue time for read/write transfers,hdisk1,hdisk99,hdisk0,
MEMREAL,Real Memory Statistics,Size 4k pages,free frames 4k,%pinned,%comp,%noncomp,%client,
MEMVIRT,PgSp / Virtual Memory Statistics,PageSpace,%free,%used,pagein,pageout,pgspgin,pgspgout,sio,totfaults,steal,
PROC,Processes ,Runnable,Swap-in,pswitch,syscall,read,write,fork,exec,loadavg,utilavg,numprocs,
LAN,LAN Interfaces Statistics,ent0/kbytesout,ent2/kbytesout,ent1/kbytesout,ent0/kbytesin,ent2/kbytesin,ent1/kbytesin,ent0/framesout,ent2/framesout,ent1/framesout,ent0/framesin,ent2/framesin,ent1/framesin,ent0/recvdrops,ent2/recvdrops,ent1/recvdrops,
IP,IP Statistics for network interface,lo0/ipacket,en2/ipacket,en1/ipacket,en0/ipacket,lo0/opacket,en2/opacket,en1/opacket,en0/opacket,lo0/ioctet_kb,en2/ioctet_kb,en1/ioctet_kb,en0/ioctet_kb,lo0/ooctet_kb,en2/ooctet_kb,en1/ooctet_kb,en0/ooctet_kb,
TCPUDP,IP Protocol statistics,TCPSendTot,TCPRcvTot,UDPSnddgrm,UDPRcvdgrm,
FILE,File I/O ,iget,namei,dirblk,readch,writech,
JFSFILE,JFS Filespace %Used,/,/home,/usr,/var,/tmp,/opt,
JFSINODE,JFS Inode %Used,/,/home,/usr,/var,/tmp,opt,
LPAR,LPAR Stats,PhysicalCPU,VirtualCPUs,LogicalCPUs,poolCPUS,entitled,weight,poolIdle,UsedAllCPU%,UsedPoolCPU%,SharedCPU,
ZZZZ,T0001,00:07:08,20-Sep-2019,,
CPU_ALL,T0001,5.50,3.50,0.00,90.99,12.00,
CPU011,T0001,0.00,0.67,0.00,99.33,
CPU010,T0001,0.00,0.67,0.00,99.33,
CPU09,T0001,0.00,0.75,0.00,99.25,
CPU08,T0001,0.00,57.06,0.00,42.94,
CPU07,T0001,0.00,0.58,0.00,99.42,
CPU06,T0001,0.00,0.62,0.00,99.38,
CPU05,T0001,0.00,0.69,0.00,99.31,
CPU04,T0001,0.00,57.12,0.00,42.88,
CPU03,T0001,0.59,1.69,0.00,97.72,
CPU02,T0001,0.93,2.31,0.00,96.76,
CPU01,T0001,10.01,10.39,0.03,79.56,
CPU00,T0001,59.69,36.73,0.01,3.58,
DISKBUSY,T0001,0.00,0.00,0.00,
DISKREAD,T0001,14.03,14.03,0.00,
DISKWRITE,T0001,13.60,62.47,0.00,
DISKXFER,T0001,1.36,6.80,0.00,
DISKSERV,T0001,0.00,0.00,0.00,
DISKWAIT,T0001,0.00,0.00,0.00,
MEMREAL,T0001,9437184.00,27699.20,15.44,50.72,48.98,46.92,
MEMVIRT,T0001,2097152.00,99.38,0.62,3.71,6.76,0.00,0.00,3.65,2254.82,0.00,
PROC,T0001,9.01,0.00,6454.69,16060.39,531.58,212.40,12.16,11.49,50.40,4.00,122.60,
LAN,T0001,432.41,0.00,0.14,294.41,0.35,0.62,705.35,0.05,0.80,705.23,4.19,9.64,0.00,0.00,0.00,
IP,T0001,10.06,4.08,9.64,705.23,10.06,0.05,0.80,705.34,1.90,0.27,0.49,284.77,1.90,0.01,0.14,432.40,
TCPUDP,T0001,704.11,708.99,10.82,7.67,
FILE,T0001,1.22,3385.78,0.00,746418.25,41087.54,
JFSFILE,T0001,15.19,70.81,77.01,73.96,3.89,44.46,
JFSINODE,T0001,3.03,9.26,19.58,4.35,0.02,2.26,
LPAR,T0001,0.32,3.00,12.00,64.00,2.00,128.00,46.77,0.50,0.50,1.00,
ZZZZ,T0002,00:12:08,20-Sep-2019,,
CPU_ALL,T0002,11.00,4.51,0.01,84.48,12.00,
CPU011,T0002,0.00,0.28,0.00,99.72,
CPU010,T0002,0.00,0.29,0.00,99.71,
CPU09,T0002,0.17,0.33,0.00,99.50,
CPU08,T0002,12.03,52.21,0.00,35.76,
CPU07,T0002,0.00,0.59,0.00,99.41,
CPU06,T0002,0.00,0.60,0.00,99.40,
CPU05,T0002,5.09,1.26,0.00,93.65,
CPU04,T0002,16.47,50.73,0.00,32.80,
CPU03,T0002,0.78,2.35,0.00,96.87,
CPU02,T0002,0.69,2.42,0.00,96.89,
CPU01,T0002,13.96,10.20,0.04,75.79,
CPU00,T0002,67.55,28.52,0.01,3.92,
DISKBUSY,T0002,0.00,0.00,0.00,
DISKREAD,T0002,7.02,7.04,0.00,
DISKWRITE,T0002,11.97,69.92,0.00,
DISKXFER,T0002,1.15,6.90,0.00,
DISKSERV,T0002,0.00,0.00,0.00,
DISKWAIT,T0002,0.00,0.00,0.00,
MEMREAL,T0002,9437184.00,28746.20,15.44,50.73,48.97,46.91,
MEMVIRT,T0002,2097152.00,99.38,0.62,17.65,18.59,0.00,0.00,6.82,2248.40,0.00,
PROC,T0002,9.75,0.20,8398.00,20254.38,1195.54,1099.98,12.16,11.46,61.40,6.80,123.40,
LAN,T0002,5724.65,0.01,0.14,648.51,0.33,0.39,1572.97,0.06,0.77,2126.46,3.84,5.52,0.00,0.00,0.00,
IP,T0002,10.76,3.73,5.52,2126.46,10.76,0.06,0.77,1572.91,2.32,0.25,0.31,619.44,2.33,0.00,0.14,616.55,
TCPUDP,T0002,1572.31,2130.73,10.93,7.73,
FILE,T0002,1.20,3403.49,0.00,3678654.00,3029356.50,
JFSFILE,T0002,15.19,70.81,77.01,73.96,3.89,44.47,
JFSINODE,T0002,3.03,9.26,19.58,4.35,0.02,2.26,
LPAR,T0002,0.55,3.00,12.00,64.00,2.00,128.00,46.41,0.86,0.86,1.00,
ZZZZ,T0003,00:17:08,20-Sep-2019,,
CPU_ALL,T0003,17.14,4.75,0.00,78.11,12.00,
CPU011,T0003,0.00,0.77,0.00,99.23,
CPU010,T0003,0.00,0.78,0.00,99.22,
CPU09,T0003,0.00,0.93,0.00,99.07,
CPU08,T0003,0.00,51.82,0.00,48.18,
CPU07,T0003,0.00,2.05,0.00,97.95,
CPU06,T0003,0.00,2.07,0.00,97.93,
CPU05,T0003,9.30,4.58,0.00,86.12,
CPU04,T0003,49.38,27.95,0.00,22.67,
CPU03,T0003,0.21,1.59,0.00,98.19,
CPU02,T0003,0.64,1.92,0.00,97.43,
CPU01,T0003,11.30,7.12,0.01,81.58,
CPU00,T0003,66.46,30.30,0.00,3.24,
DISKBUSY,T0003,0.00,0.00,0.00,
DISKREAD,T0003,14.03,14.03,0.00,
DISKWRITE,T0003,7.36,55.45,0.00,
DISKXFER,T0003,0.91,6.13,0.00,
DISKSERV,T0003,0.00,0.00,0.00,
DISKWAIT,T0003,0.00,0.00,0.00,
MEMREAL,T0003,9437184.00,29520.40,15.44,50.73,48.95,46.89,
MEMVIRT,T0003,2097152.00,99.38,0.62,3.86,4.56,0.00,0.01,2.43,2255.94,0.00,
PROC,T0003,8.26,0.00,7946.33,28158.82,3531.89,4110.26,12.20,11.51,59.00,7.60,123.80,
LAN,T0003,22560.09,0.00,0.13,254.58,0.36,0.19,811.49,0.05,0.68,3267.13,4.12,2.09,0.00,0.00,0.00,
IP,T0003,9.60,4.01,2.09,3267.13,9.60,0.05,0.68,811.48,1.85,0.27,0.16,209.91,1.84,0.00,0.13,15570.14,
TCPUDP,T0003,810.17,3270.60,9.94,7.43,
FILE,T0003,0.97,3624.74,0.00,10722684.00,9932233.00,
JFSFILE,T0003,15.19,70.81,77.01,73.96,3.89,44.47,
JFSINODE,T0003,3.03,9.26,19.58,4.35,0.02,2.26,
LPAR,T0003,0.77,3.00,12.00,64.00,2.00,128.00,47.59,1.20,1.20,1.00,
ZZZZ,T0004,00:22:08,20-Sep-2019,,
CPU_ALL,T0004,3.91,8.41,0.70,86.98,12.00,
CPU011,T0004,0.54,5.62,0.42,93.41,
CPU010,T0004,0.58,6.93,0.72,91.77,
CPU09,T0004,4.02,20.55,1.74,73.69,
CPU08,T0004,5.73,58.57,0.71,34.99,
CPU07,T0004,1.18,7.18,0.54,91.11,
CPU06,T0004,1.29,7.38,0.61,90.73,
CPU05,T0004,5.75,23.97,1.82,68.47,
CPU04,T0004,7.93,56.11,0.83,35.14,
CPU03,T0004,3.12,8.97,0.51,87.39,
CPU02,T0004,3.80,8.54,0.48,87.17,
CPU01,T0004,10.27,27.33,1.15,61.24,
CPU00,T0004,42.23,53.13,0.49,4.15,
DISKBUSY,T0004,0.00,0.00,0.00,
DISKREAD,T0004,7.02,7.10,0.00,
DISKWRITE,T0004,11.09,96.57,0.00,
DISKXFER,T0004,0.94,8.58,0.00,
DISKSERV,T0004,0.00,0.00,0.00,
DISKWAIT,T0004,0.00,0.00,0.00,
MEMREAL,T0004,9437184.00,54177.60,15.44,50.73,48.70,46.64,
MEMVIRT,T0004,2097152.00,99.38,0.62,4546.78,1152.03,0.00,0.00,442.85,2376.11,0.00,
PROC,T0004,11.56,0.75,8956.05,17830.74,639.37,540.05,12.08,11.39,67.40,4.80,123.60,
LAN,T0004,4970.02,0.00,0.13,4829.78,0.41,0.19,1172.50,0.06,0.67,1412.03,4.35,2.09,0.00,0.00,0.00,
IP,T0004,10.27,4.23,2.09,1412.03,10.27,0.06,0.67,1172.45,2.09,0.32,0.16,3670.47,2.09,0.01,0.13,4970.01,
TCPUDP,T0004,1117.23,1415.80,64.50,8.16,
FILE,T0004,1.13,4145.90,0.00,5368486.00,4713956.50,
JFSFILE,T0004,15.19,70.81,77.01,73.86,3.89,44.48,
JFSINODE,T0004,3.03,9.26,19.58,4.33,0.02,2.26,
LPAR,T0004,0.40,3.00,12.00,64.00,2.00,128.00,47.71,0.63,0.63,1.00,
ZZZZ,T0005,00:27:08,20-Sep-2019,,
CPU_ALL,T0005,2.87,2.84,0.01,94.28,12.00,
CPU011,T0005,0.00,1.64,0.00,98.36,
CPU010,T0005,0.00,1.56,0.00,98.44,
CPU09,T0005,0.00,1.74,0.00,98.26,
CPU08,T0005,17.49,40.60,0.00,41.90,
CPU07,T0005,0.00,1.86,0.00,98.14,
CPU06,T0005,0.00,1.93,0.00,98.07,
CPU05,T0005,0.00,2.20,0.00,97.80,
CPU04,T0005,5.88,47.70,0.01,46.41,
CPU03,T0005,1.18,1.77,0.00,97.05,
CPU02,T0005,0.86,1.14,0.00,98.00,
CPU01,T0005,11.41,10.22,0.06,78.31,
CPU00,T0005,48.27,48.42,0.01,3.31,
DISKBUSY,T0005,0.00,0.00,0.00,
DISKREAD,T0005,14.03,14.03,0.00,
DISKWRITE,T0005,8.61,55.71,0.00,
DISKXFER,T0005,0.99,6.11,0.00,
DISKSERV,T0005,0.00,0.00,0.00,
DISKWAIT,T0005,0.00,0.00,0.00,
MEMREAL,T0005,9437184.00,82814.40,15.44,50.73,48.40,46.34,
MEMVIRT,T0005,2097152.00,99.38,0.62,0.00,1.81,0.00,0.00,1.79,2302.59,0.00,
PROC,T0005,9.97,0.20,5156.88,15815.87,564.98,107.53,12.14,11.47,41.00,2.80,123.20,
LAN,T0005,142.08,0.01,0.13,9.29,0.36,0.26,50.85,0.06,0.64,45.75,4.19,3.35,0.00,0.00,0.00,
IP,T0005,10.32,4.07,3.35,45.75,10.31,0.06,0.64,50.85,2.04,0.28,0.21,8.66,2.04,0.00,0.13,142.08,
TCPUDP,T0005,50.38,49.92,9.78,7.52,
FILE,T0005,0.91,3591.60,0.00,931975.31,21383.77,
JFSFILE,T0005,15.19,70.81,77.01,73.78,3.89,44.48,
JFSINODE,T0005,3.03,9.26,19.58,4.32,0.02,2.26,
LPAR,T0005,0.20,3.00,12.00,64.00,2.00,128.00,51.09,0.31,0.31,1.00,
ZZZZ,T0006,00:32:08,20-Sep-2019,,
CPU_ALL,T0006,2.73,2.84,0.00,94.42,12.00,
CPU011,T0006,0.00,1.76,0.00,98.24,
CPU010,T0006,0.00,1.74,0.00,98.26,
CPU09,T0006,0.00,1.96,0.00,98.04,
CPU08,T0006,0.00,47.74,0.00,52.26,
CPU07,T0006,0.00,1.88,0.00,98.12,
CPU06,T0006,0.00,1.96,0.00,98.04,
CPU05,T0006,0.00,2.26,0.00,97.74,
CPU04,T0006,0.00,46.00,0.00,54.00,
CPU03,T0006,0.89,1.05,0.00,98.07,
CPU02,T0006,0.73,1.06,0.00,98.21,
CPU01,T0006,8.64,10.16,0.00,81.20,
CPU00,T0006,47.73,49.02,0.01,3.25,
DISKBUSY,T0006,0.00,0.00,0.00,
DISKREAD,T0006,7.02,7.04,0.00,
DISKWRITE,T0006,9.12,54.13,0.00,
DISKXFER,T0006,1.02,5.79,0.00,
DISKSERV,T0006,0.00,0.00,0.00,
DISKWAIT,T0006,0.00,0.00,0.00,
MEMREAL,T0006,9437184.00,82415.60,15.44,50.73,48.40,46.34,
MEMVIRT,T0006,2097152.00,99.38,0.62,4.53,1.94,0.00,0.01,2.04,2239.00,0.00,
PROC,T0006,8.77,0.00,5157.27,15498.00,537.70,95.12,12.14,11.44,42.80,2.00,123.00,
LAN,T0006,149.13,0.01,0.14,16.57,0.34,0.52,52.77,0.07,0.72,48.37,3.85,7.84,0.00,0.00,0.00,
IP,T0006,10.15,3.74,7.84,48.37,10.15,0.07,0.72,52.77,2.36,0.26,0.41,15.91,2.36,0.01,0.14,120.57,
TCPUDP,T0006,51.67,52.01,9.97,7.81,
FILE,T0006,0.83,3629.22,0.00,828182.25,21486.03,
JFSFILE,T0006,15.19,70.81,77.01,73.78,3.89,44.48,
JFSINODE,T0006,3.03,9.26,19.58,4.32,0.02,2.26,
LPAR,T0006,0.20,3.00,12.00,64.00,2.00,128.00,49.86,0.31,0.31,1.00,
ZZZZ,T0007,00:37:08,20-Sep-2019,,
CPU_ALL,T0007,2.77,2.74,0.00,94.49,12.00,
CPU011,T0007,0.00,1.83,0.00,98.17,
CPU010,T0007,0.00,1.82,0.00,98.18,
CPU09,T0007,0.00,2.03,0.00,97.97,
CPU08,T0007,0.00,47.30,0.00,52.70,
CPU07,T0007,0.00,1.68,0.00,98.32,
CPU06,T0007,0.00,1.80,0.00,98.20,
CPU05,T0007,0.00,1.98,0.00,98.02,
CPU04,T0007,0.00,48.14,0.00,51.86,
CPU03,T0007,0.45,0.82,0.00,98.73,
CPU02,T0007,1.32,1.17,0.01,97.50,
CPU01,T0007,8.06,8.56,0.01,83.37,
CPU00,T0007,49.03,47.95,0.01,3.02,
DISKBUSY,T0007,0.00,0.00,0.00,
DISKREAD,T0007,14.03,14.03,0.00,
DISKWRITE,T0007,8.48,59.45,0.00,
DISKXFER,T0007,0.99,6.50,0.00,
DISKSERV,T0007,0.00,0.00,0.00,
DISKWAIT,T0007,0.00,0.00,0.00,
MEMREAL,T0007,9437184.00,82680.60,15.44,50.73,48.40,46.34,
MEMVIRT,T0007,2097152.00,99.38,0.62,0.00,2.25,0.00,0.00,2.25,2252.44,0.00,
PROC,T0007,11.48,0.00,5145.91,14537.42,514.85,205.68,12.18,11.50,44.00,2.00,123.00,
LAN,T0007,142.56,0.00,0.14,9.48,0.34,0.21,51.94,0.05,0.77,46.18,4.03,2.33,0.00,0.00,0.00,
IP,T0007,10.44,3.92,2.33,46.18,10.44,0.05,0.77,51.94,2.12,0.25,0.18,8.85,2.12,0.01,0.14,142.55,
TCPUDP,T0007,51.03,50.43,10.14,7.47,
FILE,T0007,1.06,3348.20,0.00,716312.44,23027.60,
JFSFILE,T0007,15.19,70.81,77.01,73.79,3.89,44.49,
JFSINODE,T0007,3.03,9.26,19.58,4.32,0.02,2.26,
LPAR,T0007,0.19,3.00,12.00,64.00,2.00,128.00,48.68,0.30,0.30,1.00,
ZZZZ,T0008,00:42:08,20-Sep-2019,,
CPU_ALL,T0008,2.71,2.85,0.01,94.44,12.00,
CPU011,T0008,0.00,1.77,0.00,98.23,
CPU010,T0008,0.00,1.81,0.00,98.19,
CPU09,T0008,0.00,1.97,0.00,98.03,
CPU08,T0008,0.00,48.93,0.00,51.07,
CPU07,T0008,0.00,1.89,0.00,98.11,
CPU06,T0008,0.00,2.07,0.00,97.93,
CPU05,T0008,0.00,2.21,0.00,97.79,
CPU04,T0008,0.00,45.94,0.00,54.06,
CPU03,T0008,1.12,1.20,0.00,97.68,
CPU02,T0008,0.74,1.30,0.00,97.96,
CPU01,T0008,7.99,8.32,0.11,83.57,
CPU00,T0008,47.40,49.58,0.01,3.02,
DISKBUSY,T0008,0.00,0.00,0.00,
DISKREAD,T0008,7.02,7.02,0.00,
DISKWRITE,T0008,9.20,54.51,0.00,
DISKXFER,T0008,1.02,5.75,0.00,
DISKSERV,T0008,0.00,0.00,0.00,
DISKWAIT,T0008,0.00,0.00,0.00,
MEMREAL,T0008,9437184.00,82585.60,15.44,50.73,48.40,46.34,
MEMVIRT,T0008,2097152.00,99.38,0.62,0.96,3.15,0.00,0.00,2.15,2223.39,0.00,
PROC,T0008,8.04,0.00,5159.50,15458.27,531.91,94.79,12.14,11.44,39.20,2.20,123.00,
LAN,T0008,149.80,0.01,0.14,16.96,0.33,0.23,57.95,0.07,0.78,53.73,3.81,2.73,0.00,0.00,0.00,
IP,T0008,10.00,3.70,2.73,53.73,10.00,0.07,0.78,57.95,1.84,0.26,0.19,16.23,1.84,0.00,0.14,149.80,
TCPUDP,T0008,57.18,57.35,9.56,7.49,
FILE,T0008,0.82,3629.62,0.00,820650.50,26166.55,
JFSFILE,T0008,15.19,70.81,77.01,73.79,3.89,44.49,
JFSINODE,T0008,3.03,9.26,19.58,4.32,0.02,2.26,
LPAR,T0008,0.20,3.00,12.00,64.00,2.00,128.00,49.48,0.31,0.31,1.00,
ZZZZ,T0009,00:47:08,20-Sep-2019,,
CPU_ALL,T0009,2.78,2.91,0.07,94.24,12.00,
CPU011,T0009,0.00,1.46,0.00,98.54,
CPU010,T0009,0.00,1.46,0.00,98.54,
CPU09,T0009,0.00,1.60,0.00,98.40,
CPU08,T0009,0.00,50.67,0.00,49.33,
CPU07,T0009,0.00,1.60,0.00,98.40,
CPU06,T0009,0.00,1.75,0.00,98.25,
CPU05,T0009,0.00,1.86,0.00,98.14,
CPU04,T0009,0.00,48.79,0.00,51.21,
CPU03,T0009,0.43,0.92,0.00,98.66,
CPU02,T0009,0.62,1.10,0.05,98.24,
CPU01,T0009,9.86,11.72,0.10,78.31,
CPU00,T0009,47.66,49.01,0.04,3.30,
DISKBUSY,T0009,0.00,0.00,0.00,
DISKREAD,T0009,7.02,7.02,0.00,
DISKWRITE,T0009,9.09,53.28,0.00,
DISKXFER,T0009,0.93,5.87,0.00,
DISKSERV,T0009,0.00,0.00,0.00,
DISKWAIT,T0009,0.00,0.00,0.00,
MEMREAL,T0009,9437184.00,82833.40,15.44,50.73,48.40,46.34,
MEMVIRT,T0009,2097152.00,99.38,0.62,0.55,5.67,0.00,0.00,2.88,2242.33,0.00,
PROC,T0009,10.13,0.40,5195.66,15604.30,562.52,101.63,12.15,11.47,47.20,2.20,122.60,
LAN,T0009,163.98,0.00,0.14,31.41,0.36,0.26,76.55,0.05,0.78,72.09,4.22,3.26,0.00,0.00,0.00,
IP,T0009,10.63,4.10,3.26,72.09,10.63,0.05,0.78,76.55,2.16,0.28,0.21,30.42,2.17,0.01,0.14,163.98,
TCPUDP,T0009,76.55,76.50,9.82,7.60,
FILE,T0009,0.89,3629.90,0.00,880692.00,38587.98,
JFSFILE,T0009,15.19,70.81,77.01,73.79,3.89,44.50,
JFSINODE,T0009,3.03,9.26,19.58,4.32,0.02,2.26,
LPAR,T0009,0.20,3.00,12.00,64.00,2.00,128.00,49.73,0.31,0.31,1.00,
ZZZZ,T0010,00:52:08,20-Sep-2019,,
CPU_ALL,T0010,2.79,2.74,0.01,94.46,12.00,
CPU011,T0010,0.00,1.74,0.00,98.26,
CPU010,T0010,0.00,1.77,0.00,98.23,
CPU09,T0010,0.00,1.93,0.00,98.07,
CPU08,T0010,0.00,47.62,0.00,52.38,
CPU07,T0010,0.00,1.89,0.00,98.11,
CPU06,T0010,0.00,2.02,0.00,97.98,
CPU05,T0010,0.00,2.21,0.00,97.79,
CPU04,T0010,0.00,44.29,0.00,55.71,
CPU03,T0010,0.34,0.71,0.00,98.95,
CPU02,T0010,0.66,0.99,0.00,98.34,
CPU01,T0010,8.86,10.08,0.01,81.06,
CPU00,T0010,49.19,47.65,0.01,3.14,
DISKBUSY,T0010,0.00,0.00,0.00,
DISKREAD,T0010,14.03,14.03,0.00,
DISKWRITE,T0010,8.61,60.35,0.00,
DISKXFER,T0010,1.00,6.48,0.00,
DISKSERV,T0010,0.00,0.00,0.00,
DISKWAIT,T0010,0.00,0.00,0.00,
MEMREAL,T0010,9437184.00,82691.60,15.44,50.73,48.40,46.34,
MEMVIRT,T0010,2097152.00,99.38,0.62,0.02,2.37,0.00,0.00,2.25,2251.99,0.00,
PROC,T0010,7.99,0.00,5155.23,14531.11,510.86,203.11,12.18,11.49,41.80,2.20,123.00,
LAN,T0010,142.68,0.01,0.13,9.85,0.34,0.19,50.86,0.06,0.71,45.65,3.87,2.05,0.00,0.00,0.00,
IP,T0010,10.12,3.76,2.05,45.65,10.12,0.06,0.71,50.85,1.98,0.26,0.16,9.22,1.97,0.00,0.13,142.67,
TCPUDP,T0010,50.30,49.38,10.07,7.75,
FILE,T0010,0.98,3354.32,0.00,707064.06,22625.50,
JFSFILE,T0010,15.19,70.81,77.01,73.80,3.89,44.50,
JFSINODE,T0010,3.03,9.26,19.58,4.32,0.02,2.26,
LPAR,T0010,0.19,3.00,12.00,64.00,2.00,128.00,48.71,0.30,0.30,1.00,
ZZZZ,T0011,00:57:08,20-Sep-2019,,
CPU_ALL,T0011,2.90,2.90,0.00,94.19,12.00,
CPU011,T0011,0.00,1.53,0.00,98.47,
CPU010,T0011,0.00,1.55,0.00,98.45,
CPU09,T0011,0.00,1.68,0.00,98.32,
CPU08,T0011,5.92,52.24,0.00,41.83,
CPU07,T0011,0.00,1.44,0.00,98.56,
CPU06,T0011,0.00,1.53,0.00,98.47,
CPU05,T0011,0.00,1.65,0.00,98.35,
CPU04,T0011,16.79,42.40,0.00,40.81,
CPU03,T0011,0.42,0.51,0.00,99.08,
CPU02,T0011,0.76,0.75,0.00,98.49,
CPU01,T0011,10.54,9.85,0.01,79.60,
CPU00,T0011,48.12,48.78,0.00,3.10,
DISKBUSY,T0011,0.00,0.00,0.00,
DISKREAD,T0011,7.02,7.02,0.00,
DISKWRITE,T0011,8.59,53.56,0.00,
DISKXFER,T0011,0.95,5.89,0.00,
DISKSERV,T0011,0.00,0.00,0.00,
DISKWAIT,T0011,0.00,0.00,0.00,
MEMREAL,T0011,9437184.00,82555.00,15.44,50.73,48.40,46.34,
MEMVIRT,T0011,2097152.00,99.38,0.62,0.65,1.80,0.00,0.00,1.83,2280.44,0.00,
PROC,T0011,9.05,0.00,5153.49,15721.58,553.91,105.16,12.17,11.48,46.80,2.80,123.00,
LAN,T0011,142.76,0.01,0.13,10.13,0.37,0.19,50.72,0.06,0.70,45.70,4.21,2.18,0.00,0.00,0.00,
IP,T0011,10.48,4.10,2.18,45.70,10.48,0.06,0.70,50.71,2.16,0.29,0.17,9.51,2.16,0.01,0.13,142.76,
TCPUDP,T0011,50.82,49.75,10.05,7.85,
FILE,T0011,0.90,3588.54,0.00,909017.06,21176.73,
JFSFILE,T0011,15.20,70.81,77.01,73.80,3.89,44.50,
JFSINODE,T0011,3.03,9.26,19.58,4.32,0.02,2.27,
LPAR,T0011,0.20,3.00,12.00,64.00,2.00,128.00,45.94,0.32,0.32,1.00,
ZZZZ,T0012,01:02:08,20-Sep-2019,,
CPU_ALL,T0012,3.14,3.00,0.00,93.86,12.00,
CPU011,T0012,0.00,1.20,0.00,98.80,
CPU010,T0012,0.00,1.21,0.00,98.79,
CPU09,T0012,0.00,1.32,0.00,98.68,
CPU08,T0012,0.00,55.22,0.00,44.78,
CPU07,T0012,0.00,1.15,0.00,98.85,
CPU06,T0012,0.00,1.24,0.00,98.76,
CPU05,T0012,0.00,1.38,0.00,98.62,
CPU04,T0012,0.00,53.06,0.00,46.94,
CPU03,T0012,0.79,1.20,0.00,98.01,
CPU02,T0012,1.24,1.86,0.00,96.89,
CPU01,T0012,8.14,9.35,0.00,82.51,
CPU00,T0012,49.97,46.78,0.00,3.24,
DISKBUSY,T0012,0.00,0.00,0.00,
DISKREAD,T0012,14.03,14.14,0.00,
DISKWRITE,T0012,9.41,55.63,0.00,
DISKXFER,T0012,1.07,5.96,0.00,
DISKSERV,T0012,0.00,0.00,0.00,
DISKWAIT,T0012,0.00,0.00,0.00,
MEMREAL,T0012,9437184.00,82422.00,15.44,50.73,48.40,46.34,
MEMVIRT,T0012,2097152.00,99.38,0.62,0.02,1.89,0.00,0.00,1.82,2241.97,0.00,
PROC,T0012,10.17,0.00,5394.38,15511.52,522.86,122.50,12.16,11.47,43.40,2.80,123.00,
LAN,T0012,187.00,0.00,0.12,51.85,0.34,0.18,180.93,0.07,0.60,178.29,3.95,1.90,0.00,0.00,0.00,
IP,T0012,10.22,3.84,1.90,178.29,10.22,0.07,0.60,180.93,2.05,0.26,0.15,49.41,2.05,0.01,0.12,187.00,
TCPUDP,T0012,181.52,182.35,9.50,7.51,
FILE,T0012,0.86,3564.36,0.00,770928.62,21052.01,
JFSFILE,T0012,15.20,70.81,77.01,73.80,3.89,44.51,
JFSINODE,T0012,3.03,9.26,19.58,4.32,0.02,2.27,
LPAR,T0012,0.22,3.00,12.00,64.00,2.00,128.00,42.83,0.34,0.34,1.00,
ZZZZ,T0013,01:07:08,20-Sep-2019,,
CPU_ALL,T0013,7.50,3.70,0.02,88.78,12.00,
CPU011,T0013,0.00,0.68,0.00,99.32,
CPU010,T0013,0.00,0.68,0.00,99.32,
CPU09,T0013,0.11,0.76,0.00,99.13,
CPU08,T0013,6.43,55.53,0.03,38.01,
CPU07,T0013,0.00,0.79,0.00,99.21,
CPU06,T0013,0.00,0.82,0.00,99.18,
CPU05,T0013,4.16,3.14,0.02,92.68,
CPU04,T0013,9.87,54.06,0.05,36.01,
CPU03,T0013,0.25,1.32,0.00,98.43,
CPU02,T0013,0.35,1.36,0.04,98.25,
CPU01,T0013,14.47,10.68,0.01,74.84,
CPU00,T0013,63.95,32.87,0.01,3.17,
DISKBUSY,T0013,0.00,0.00,0.00,
DISKREAD,T0013,498.14,753.51,0.00,
DISKWRITE,T0013,12.91,92.30,0.00,
DISKXFER,T0013,3.51,13.87,0.00,
DISKSERV,T0013,0.00,0.00,0.00,
DISKWAIT,T0013,0.00,0.00,0.00,
MEMREAL,T0013,9437184.00,82272.80,15.44,50.72,48.40,46.34,
MEMVIRT,T0013,2097152.00,99.38,0.62,2.80,3.26,0.00,0.00,3.26,3210.53,0.00,
PROC,T0013,9.16,0.20,6612.01,17609.44,632.07,206.53,16.54,15.94,55.20,5.60,122.40,
LAN,T0013,500.24,0.01,0.13,829.30,0.35,0.72,830.69,0.06,0.65,846.28,4.14,11.42,0.00,0.00,0.00,
IP,T0013,11.69,4.02,11.42,846.28,11.69,0.06,0.65,830.67,2.13,0.27,0.56,817.74,2.13,0.01,0.13,500.23,
TCPUDP,T0013,828.26,851.24,13.68,7.85,
FILE,T0013,2.27,3622.57,0.00,1532467.25,31046.90,
JFSFILE,T0013,15.20,70.81,77.01,73.80,3.89,44.51,
JFSINODE,T0013,3.03,9.26,19.58,4.32,0.02,2.27,
LPAR,T0013,0.39,3.00,12.00,64.00,2.00,128.00,42.84,0.61,0.61,1.00,
ZZZZ,T0014,01:12:08,20-Sep-2019,,
CPU_ALL,T0014,6.31,3.27,0.02,90.40,12.00,
CPU011,T0014,0.00,0.98,0.00,99.02,
CPU010,T0014,0.00,1.00,0.00,99.00,
CPU09,T0014,0.00,1.13,0.00,98.87,
CPU08,T0014,7.18,53.05,0.00,39.77,
CPU07,T0014,0.00,0.94,0.00,99.06,
CPU06,T0014,0.00,0.98,0.00,99.02,
CPU05,T0014,0.00,1.06,0.00,98.94,
CPU04,T0014,7.37,52.79,0.00,39.84,
CPU03,T0014,0.71,1.29,0.00,98.00,
CPU02,T0014,1.00,1.49,0.00,97.51,
CPU01,T0014,10.55,10.42,0.01,79.02,
CPU00,T0014,61.78,35.11,0.01,3.10,
DISKBUSY,T0014,0.00,0.00,0.00,
DISKREAD,T0014,7.02,7.02,0.00,
DISKWRITE,T0014,10.51,53.22,0.00,
DISKXFER,T0014,1.06,5.83,0.00,
DISKSERV,T0014,0.00,0.00,0.00,
DISKWAIT,T0014,0.00,0.00,0.00,
MEMREAL,T0014,9437184.00,81965.20,15.44,50.73,48.41,46.34,
MEMVIRT,T0014,2097152.00,99.38,0.62,1.66,2.68,0.00,0.00,2.24,2227.37,0.00,
PROC,T0014,9.60,0.00,5985.75,15305.39,508.37,205.59,12.13,11.43,55.00,4.20,123.00,
LAN,T0014,383.51,0.01,0.13,595.01,0.33,0.32,617.98,0.07,0.69,622.93,3.80,4.50,0.00,0.00,0.00,
IP,T0014,9.99,3.69,4.50,622.93,9.99,0.07,0.69,617.97,2.00,0.25,0.26,586.49,2.00,0.00,0.13,383.51,
TCPUDP,T0014,617.57,626.78,9.76,7.39,
FILE,T0014,0.96,3311.23,0.00,696145.75,24090.03,
JFSFILE,T0014,15.20,70.81,77.01,73.81,3.89,44.52,
JFSINODE,T0014,3.03,9.27,19.58,4.32,0.02,2.27,
LPAR,T0014,0.34,3.00,12.00,64.00,2.00,128.00,43.49,0.53,0.53,1.00,
ZZZZ,T0015,01:17:08,20-Sep-2019,,
CPU_ALL,T0015,3.09,2.92,0.01,93.97,12.00,
CPU011,T0015,0.00,1.30,0.00,98.70,
CPU010,T0015,0.00,1.32,0.00,98.68,
CPU09,T0015,0.00,1.42,0.00,98.58,
CPU08,T0015,0.00,53.32,0.00,46.68,
CPU07,T0015,0.00,1.40,0.00,98.60,
CPU06,T0015,0.00,1.61,0.00,98.39,
CPU05,T0015,0.00,1.63,0.00,98.37,
CPU04,T0015,0.00,51.85,0.00,48.15,
CPU03,T0015,0.48,0.78,0.00,98.73,
CPU02,T0015,0.62,0.86,0.00,98.52,
CPU01,T0015,7.57,8.39,0.06,83.98,
CPU00,T0015,49.80,47.42,0.01,2.77,
DISKBUSY,T0015,0.00,0.00,0.00,
DISKREAD,T0015,7.02,7.02,0.00,
DISKWRITE,T0015,7.79,58.03,0.00,
DISKXFER,T0015,0.93,6.20,0.00,
DISKSERV,T0015,0.00,0.00,0.00,
DISKWAIT,T0015,0.00,0.00,0.00,
MEMREAL,T0015,9437184.00,81966.00,15.44,50.73,48.41,46.34,
MEMVIRT,T0015,2097152.00,99.38,0.62,2.74,2.12,0.00,0.00,1.89,2239.53,0.00,
PROC,T0015,8.43,0.00,4935.93,15206.16,531.72,94.90,12.18,11.48,41.60,2.40,123.00,
LAN,T0015,163.94,0.00,0.13,63.09,0.36,0.40,90.42,0.05,0.70,86.26,4.11,5.75,0.00,0.00,0.00,
IP,T0015,9.60,4.00,5.75,86.26,9.60,0.05,0.70,90.42,1.88,0.27,0.32,61.91,1.88,0.01,0.13,163.94,
TCPUDP,T0015,88.95,89.36,10.24,7.79,
FILE,T0015,0.90,3631.95,0.00,822767.06,21841.77,
JFSFILE,T0015,15.20,70.81,77.01,73.81,3.89,44.49,
JFSINODE,T0015,3.03,9.27,19.58,4.32,0.02,2.26,
LPAR,T0015,0.21,3.00,12.00,64.00,2.00,128.00,46.28,0.33,0.33,1.00,
ZZZZ,T0016,01:22:08,20-Sep-2019,,
CPU_ALL,T0016,2.81,2.82,0.01,94.36,12.00,
CPU011,T0016,0.00,1.56,0.00,98.44,
CPU010,T0016,0.00,1.99,0.00,98.01,
CPU09,T0016,0.00,1.70,0.00,98.30,
CPU08,T0016,0.00,51.52,0.00,48.48,
CPU07,T0016,0.00,1.67,0.00,98.33,
CPU06,T0016,0.00,1.68,0.00,98.32,
CPU05,T0016,0.00,1.86,0.00,98.14,
CPU04,T0016,0.00,49.30,0.00,50.70,
CPU03,T0016,0.43,0.88,0.00,98.69,
CPU02,T0016,1.48,0.98,0.00,97.54,
CPU01,T0016,7.51,10.27,0.00,82.21,
CPU00,T0016,48.98,48.05,0.01,2.97,
DISKBUSY,T0016,0.00,0.00,0.00,
DISKREAD,T0016,14.03,14.03,0.00,
DISKWRITE,T0016,6.59,58.87,0.00,
DISKXFER,T0016,0.86,6.42,0.00,
DISKSERV,T0016,0.00,0.00,0.00,
DISKWAIT,T0016,0.00,0.00,0.00,
MEMREAL,T0016,9437184.00,81933.00,15.44,50.73,48.41,46.34,
MEMVIRT,T0016,2097152.00,99.38,0.62,1.66,2.46,0.00,0.00,2.24,2240.44,0.00,
PROC,T0016,11.15,0.20,4863.16,14168.03,516.10,203.07,12.16,11.46,46.40,2.00,123.00,
LAN,T0016,146.29,0.00,0.13,13.20,0.41,0.19,52.29,0.05,0.68,47.48,4.35,2.09,0.00,0.00,0.00,
IP,T0016,10.15,4.23,2.09,47.48,10.15,0.05,0.68,52.29,2.13,0.32,0.16,12.55,2.13,0.00,0.13,146.29,
TCPUDP,T0016,51.78,51.49,9.84,8.00,
FILE,T0016,0.98,3335.56,0.00,718820.25,24133.83,
JFSFILE,T0016,15.20,70.81,77.01,73.81,3.89,44.48,
JFSINODE,T0016,3.03,9.27,19.58,4.32,0.02,2.26,
LPAR,T0016,0.20,3.00,12.00,64.00,2.00,128.00,45.29,0.31,0.31,1.00,
ZZZZ,T0017,01:27:08,20-Sep-2019,,
CPU_ALL,T0017,2.86,2.93,0.02,94.20,12.00,
CPU011,T0017,0.00,1.26,0.00,98.74,
CPU010,T0017,0.00,1.28,0.00,98.72,
CPU09,T0017,0.00,1.36,0.00,98.64,
CPU08,T0017,16.59,43.78,0.00,39.63,
CPU07,T0017,0.00,1.57,0.00,98.43,
CPU06,T0017,0.00,1.64,0.00,98.36,
CPU05,T0017,0.00,1.80,0.00,98.20,
CPU04,T0017,3.42,52.59,0.00,43.98,
CPU03,T0017,1.51,1.19,0.00,97.30,
CPU02,T0017,1.36,1.06,0.00,97.59,
CPU01,T0017,8.76,11.13,0.01,80.10,
CPU00,T0017,47.92,48.99,0.01,3.08,
DISKBUSY,T0017,0.00,0.00,0.00,
DISKREAD,T0017,7.02,7.02,0.00,
DISKWRITE,T0017,6.64,56.32,0.00,
DISKXFER,T0017,0.82,5.96,0.00,
DISKSERV,T0017,0.00,0.00,0.00,
DISKWAIT,T0017,0.00,0.00,0.00,
MEMREAL,T0017,9437184.00,81805.60,15.44,50.73,48.41,46.34,
MEMVIRT,T0017,2097152.00,99.38,0.62,1.98,1.95,0.00,0.00,1.79,2291.49,0.00,
PROC,T0017,9.69,0.20,4860.03,15299.26,549.30,96.21,12.16,11.48,48.60,2.60,123.00,
LAN,T0017,146.29,0.01,0.13,12.71,0.37,0.21,51.07,0.05,0.69,46.76,4.20,2.43,0.00,0.00,0.00,
IP,T0017,9.68,4.08,2.43,46.76,9.68,0.05,0.69,51.07,1.85,0.28,0.18,12.07,1.85,0.00,0.13,146.29,
TCPUDP,T0017,50.06,49.99,9.85,7.64,
FILE,T0017,0.90,3665.87,0.00,867675.00,21922.34,
JFSFILE,T0017,15.20,70.81,77.01,73.81,3.89,44.48,
JFSINODE,T0017,3.03,9.27,19.58,4.32,0.02,2.26,
LPAR,T0017,0.20,3.00,12.00,64.00,2.00,128.00,45.04,0.32,0.32,1.00,
ZZZZ,T0018,01:32:08,20-Sep-2019,,
CPU_ALL,T0018,2.86,3.01,0.01,94.12,12.00,
CPU011,T0018,0.00,1.34,0.00,98.66,
CPU010,T0018,0.00,1.35,0.00,98.65,
CPU09,T0018,0.01,1.48,0.00,98.52,
CPU08,T0018,10.04,49.70,0.00,40.26,
CPU07,T0018,0.00,1.44,0.00,98.56,
CPU06,T0018,0.00,1.50,0.00,98.50,
CPU05,T0018,1.60,3.13,0.00,95.27,
CPU04,T0018,10.36,46.92,0.01,42.71,
CPU03,T0018,0.99,1.63,0.00,97.39,
CPU02,T0018,1.09,1.54,0.00,97.37,
CPU01,T0018,9.34,11.20,0.01,79.45,
CPU00,T0018,47.50,49.36,0.01,3.13,
DISKBUSY,T0018,0.00,0.00,0.00,
DISKREAD,T0018,28.06,46.90,0.00,
DISKWRITE,T0018,6.77,70.21,0.00,
DISKXFER,T0018,0.95,6.88,0.00,
DISKSERV,T0018,0.00,0.00,0.00,
DISKWAIT,T0018,0.00,0.00,0.00,
MEMREAL,T0018,9437184.00,80002.20,15.44,50.74,48.41,46.35,
MEMVIRT,T0018,2097152.00,99.38,0.62,2.58,3.91,0.00,0.00,4.17,2925.99,0.00,
PROC,T0018,9.88,0.20,4910.98,16130.30,622.48,124.10,16.60,14.52,43.20,2.20,123.20,
LAN,T0018,146.37,0.00,0.14,13.92,0.34,0.45,52.33,0.06,0.78,47.39,3.88,6.70,0.00,0.00,0.00,
IP,T0018,9.93,3.77,6.70,47.39,9.93,0.06,0.78,52.33,1.99,0.26,0.36,13.27,1.99,0.01,0.14,146.37,
TCPUDP,T0018,51.48,51.16,10.05,7.46,
FILE,T0018,1.01,3707.50,0.00,1067108.50,45823.37,
JFSFILE,T0018,15.20,70.81,77.01,73.81,3.89,44.49,
JFSINODE,T0018,3.03,9.27,19.58,4.32,0.02,2.26,
LPAR,T0018,0.21,3.00,12.00,64.00,2.00,128.00,45.07,0.32,0.32,1.00,
ZZZZ,T0019,01:37:09,20-Sep-2019,,
CPU_ALL,T0019,2.65,2.67,0.01,94.67,12.00,
CPU011,T0019,0.00,1.76,0.00,98.24,
CPU010,T0019,0.00,1.77,0.00,98.23,
CPU09,T0019,0.00,1.97,0.00,98.03,
CPU08,T0019,0.00,49.45,0.00,50.55,
CPU07,T0019,0.00,1.65,0.00,98.35,
CPU06,T0019,0.00,1.74,0.00,98.26,
CPU05,T0019,0.00,1.93,0.00,98.07,
CPU04,T0019,0.00,49.17,0.00,50.83,
CPU03,T0019,0.70,1.21,0.00,98.09,
CPU02,T0019,1.45,1.15,0.00,97.40,
CPU01,T0019,8.87,9.75,0.01,81.37,
CPU00,T0019,48.53,48.34,0.01,3.11,
DISKBUSY,T0019,0.00,0.00,0.00,
DISKREAD,T0019,7.02,7.02,0.00,
DISKWRITE,T0019,6.67,64.92,0.00,
DISKXFER,T0019,0.83,6.91,0.00,
DISKSERV,T0019,0.00,0.00,0.00,
DISKWAIT,T0019,0.00,0.00,0.00,
MEMREAL,T0019,9437184.00,81501.40,15.44,50.72,48.41,46.35,
MEMVIRT,T0019,2097152.00,99.38,0.62,1.34,2.55,0.00,0.00,2.26,2233.41,0.00,
PROC,T0019,10.39,0.20,4859.40,14216.67,510.78,203.74,12.16,11.47,42.60,2.20,122.40,
LAN,T0019,145.72,0.01,0.13,13.04,0.34,0.21,52.62,0.05,0.73,47.28,4.08,2.42,0.00,0.00,0.00,
IP,T0019,9.98,3.96,2.42,47.28,9.98,0.05,0.73,52.62,2.07,0.26,0.18,12.40,2.07,0.00,0.13,145.72,
TCPUDP,T0019,51.76,50.92,10.28,7.59,
FILE,T0019,1.04,3350.87,0.00,698762.25,23936.22,
JFSFILE,T0019,15.20,70.81,77.01,73.82,3.89,44.49,
JFSINODE,T0019,3.03,9.27,19.58,4.33,0.02,2.26,
LPAR,T0019,0.19,3.00,12.00,64.00,2.00,128.00,49.85,0.29,0.29,1.00,
ZZZZ,T0020,01:42:09,20-Sep-2019,,
CPU_ALL,T0020,2.62,2.75,0.01,94.62,12.00,
CPU011,T0020,0.00,1.67,0.00,98.33,
CPU010,T0020,0.00,1.69,0.00,98.31,
CPU09,T0020,0.00,1.84,0.00,98.16,
CPU08,T0020,0.00,51.04,0.00,48.96,
CPU07,T0020,0.00,1.65,0.00,98.35,
CPU06,T0020,0.00,1.74,0.00,98.26,
CPU05,T0020,0.00,1.90,0.00,98.10,
CPU04,T0020,0.00,49.55,0.00,50.45,
CPU03,T0020,0.47,2.21,0.00,97.32,
CPU02,T0020,1.59,1.11,0.00,97.31,
CPU01,T0020,8.15,10.61,0.03,81.21,
CPU00,T0020,47.92,48.95,0.01,3.12,
DISKBUSY,T0020,0.00,0.00,0.00,
DISKREAD,T0020,14.03,14.03,0.00,
DISKWRITE,T0020,6.93,51.63,0.00,
DISKXFER,T0020,0.89,5.65,0.00,
DISKSERV,T0020,0.00,0.00,0.00,
DISKWAIT,T0020,0.00,0.00,0.00,
MEMREAL,T0020,9437184.00,81372.20,15.44,50.73,48.41,46.35,
MEMVIRT,T0020,2097152.00,99.38,0.62,1.99,2.02,0.00,0.00,1.78,2228.16,0.00,
PROC,T0020,9.76,0.20,4940.78,15456.99,550.40,101.96,12.15,11.46,39.20,2.00,123.40,
LAN,T0020,145.58,0.00,0.14,13.07,0.34,0.28,51.51,0.06,0.74,46.83,3.86,3.60,0.00,0.00,0.00,
IP,T0020,9.75,3.74,3.60,46.83,9.75,0.06,0.74,51.51,1.91,0.26,0.23,12.43,1.91,0.01,0.14,145.58,
TCPUDP,T0020,51.05,50.21,9.79,7.70,
FILE,T0020,0.84,3570.89,0.00,888933.12,21014.58,
JFSFILE,T0020,15.20,70.81,77.01,73.82,3.89,44.50,
JFSINODE,T0020,3.03,9.27,19.58,4.33,0.02,2.26,
LPAR,T0020,0.19,3.00,12.00,64.00,2.00,128.00,50.78,0.29,0.29,1.00,
ZZZZ,T0021,01:47:09,20-Sep-2019,,
CPU_ALL,T0021,2.63,2.77,0.00,94.60,12.00,
CPU011,T0021,0.00,1.73,0.00,98.27,
CPU010,T0021,0.00,1.71,0.00,98.29,
CPU09,T0021,0.00,1.90,0.00,98.10,
CPU08,T0021,0.00,49.50,0.00,50.50,
CPU07,T0021,0.00,1.65,0.00,98.35,
CPU06,T0021,0.00,1.75,0.00,98.25,
CPU05,T0021,0.00,1.89,0.00,98.11,
CPU04,T0021,0.00,49.18,0.00,50.82,
CPU03,T0021,0.54,1.07,0.00,98.39,
CPU02,T0021,1.09,1.15,0.00,97.76,
CPU01,T0021,8.79,11.56,0.01,79.64,
CPU00,T0021,47.61,49.15,0.01,3.23,
DISKBUSY,T0021,0.00,0.00,0.00,
DISKREAD,T0021,7.02,7.02,0.00,
DISKWRITE,T0021,6.53,55.94,0.00,
DISKXFER,T0021,0.82,5.99,0.00,
DISKSERV,T0021,0.00,0.00,0.00,
DISKWAIT,T0021,0.00,0.00,0.00,
MEMREAL,T0021,9437184.00,81314.20,15.44,50.73,48.41,46.35,
MEMVIRT,T0021,2097152.00,99.38,0.62,1.66,1.99,0.00,0.00,1.72,2225.95,0.00,
PROC,T0021,8.56,0.00,4976.97,15388.11,548.58,97.27,12.15,11.47,41.00,2.00,123.00,
LAN,T0021,146.35,0.00,0.14,13.45,0.37,0.19,52.73,0.04,0.76,48.27,4.31,2.04,0.00,0.00,0.00,
IP,T0021,10.06,4.19,2.04,48.27,10.06,0.04,0.76,52.73,2.10,0.29,0.16,12.79,2.10,0.00,0.14,146.34,
TCPUDP,T0021,52.79,52.04,9.68,7.57,
FILE,T0021,0.89,3641.94,0.00,842360.12,22962.06,
JFSFILE,T0021,15.20,70.81,77.01,73.82,3.89,44.50,
JFSINODE,T0021,3.03,9.27,19.58,4.33,0.02,2.26,
LPAR,T0021,0.19,3.00,12.00,64.00,2.00,128.00,49.38,0.30,0.30,1.00,
ZZZZ,T0022,01:52:09,20-Sep-2019,,
CPU_ALL,T0022,2.68,2.65,0.01,94.65,12.00,
CPU011,T0022,0.00,1.89,0.00,98.11,
CPU010,T0022,0.00,1.90,0.00,98.10,
CPU09,T0022,0.00,2.08,0.00,97.92,
CPU08,T0022,0.00,47.12,0.00,52.88,
CPU07,T0022,0.00,1.79,0.00,98.21,
CPU06,T0022,0.00,1.88,0.00,98.12,
CPU05,T0022,0.00,2.04,0.00,97.96,
CPU04,T0022,0.00,45.99,0.00,54.01,
CPU03,T0022,1.03,1.75,0.01,97.22,
CPU02,T0022,1.24,1.03,0.12,97.61,
CPU01,T0022,8.58,10.31,0.02,81.09,
CPU00,T0022,49.14,47.71,0.01,3.13,
DISKBUSY,T0022,0.00,0.00,0.00,
DISKREAD,T0022,14.03,14.03,0.00,
DISKWRITE,T0022,6.99,57.91,0.00,
DISKXFER,T0022,0.90,6.35,0.00,
DISKSERV,T0022,0.00,0.00,0.00,
DISKWAIT,T0022,0.00,0.00,0.00,
MEMREAL,T0022,9437184.00,80861.60,15.44,50.73,48.41,46.35,
MEMVIRT,T0022,2097152.00,99.38,0.62,1.66,2.52,0.00,0.00,2.28,2238.68,0.00,
PROC,T0022,9.10,0.00,4946.42,14402.30,513.71,201.89,12.15,11.46,38.40,2.00,123.40,
LAN,T0022,144.51,0.00,0.12,12.51,0.34,0.27,50.99,0.04,0.58,45.86,3.83,3.63,0.00,0.00,0.00,
IP,T0022,9.72,3.71,3.63,45.86,9.72,0.04,0.58,50.98,1.88,0.25,0.22,11.88,1.88,0.00,0.12,144.49,
TCPUDP,T0022,50.74,49.32,9.93,7.59,
FILE,T0022,0.98,3359.50,0.00,719036.44,23253.07,
JFSFILE,T0022,15.20,70.81,77.01,73.83,3.89,44.51,
JFSINODE,T0022,3.03,9.27,19.58,4.33,0.02,2.27,
LPAR,T0022,0.19,3.00,12.00,64.00,2.00,128.00,51.43,0.29,0.29,1.00,
ZZZZ,T0023,01:57:09,20-Sep-2019,,
CPU_ALL,T0023,2.72,2.72,0.01,94.55,12.00,
CPU011,T0023,0.00,1.79,0.00,98.21,
CPU010,T0023,0.00,1.76,0.00,98.24,
CPU09,T0023,0.00,1.93,0.00,98.07,
CPU08,T0023,4.38,47.36,0.00,48.25,
CPU07,T0023,0.00,1.65,0.00,98.35,
CPU06,T0023,0.00,1.69,0.00,98.31,
CPU05,T0023,0.00,1.85,0.00,98.15,
CPU04,T0023,17.18,37.03,0.00,45.79,
CPU03,T0023,0.57,2.15,0.00,97.28,
CPU02,T0023,0.62,0.85,0.04,98.49,
CPU01,T0023,9.83,11.19,0.00,78.98,
CPU00,T0023,48.51,48.21,0.01,3.28,
DISKBUSY,T0023,0.00,0.00,0.00,
DISKREAD,T0023,7.02,7.02,0.00,
DISKWRITE,T0023,6.27,55.75,0.00,
DISKXFER,T0023,0.78,5.96,0.00,
DISKSERV,T0023,0.00,0.00,0.00,
DISKWAIT,T0023,0.00,0.00,0.00,
MEMREAL,T0023,9437184.00,81205.00,15.44,50.72,48.41,46.35,
MEMVIRT,T0023,2097152.00,99.38,0.62,1.66,2.01,0.00,0.00,1.75,2283.38,0.00,
PROC,T0023,9.15,0.20,4947.46,15365.96,543.06,95.80,12.18,11.49,41.40,2.20,122.40,
LAN,T0023,146.04,0.01,0.13,13.40,0.36,0.29,52.10,0.06,0.61,47.17,4.15,3.85,0.00,0.00,0.00,
IP,T0023,10.11,4.03,3.85,47.17,10.11,0.06,0.61,52.10,2.06,0.28,0.23,12.76,2.06,0.01,0.13,146.05,
TCPUDP,T0023,52.40,51.09,9.79,7.52,
FILE,T0023,0.90,3660.78,0.00,861665.25,22472.52,
JFSFILE,T0023,15.21,70.81,77.01,73.83,3.89,44.51,
JFSINODE,T0023,3.03,9.27,19.58,4.33,0.02,2.27,
LPAR,T0023,0.19,3.00,12.00,64.00,2.00,128.00,52.29,0.30,0.30,1.00,
ZZZZ,T0024,02:02:09,20-Sep-2019,,
CPU_ALL,T0024,3.68,2.81,0.02,93.49,12.00,
CPU011,T0024,0.00,1.53,0.00,98.47,
CPU010,T0024,0.00,1.50,0.00,98.50,
CPU09,T0024,0.09,1.86,0.00,98.06,
CPU08,T0024,10.39,45.07,0.00,44.54,
CPU07,T0024,0.00,1.58,0.00,98.42,
CPU06,T0024,0.00,1.59,0.00,98.41,
CPU05,T0024,0.42,1.84,0.00,97.74,
CPU04,T0024,18.76,36.85,0.00,44.39,
CPU03,T0024,0.84,1.01,0.00,98.14,
CPU02,T0024,1.96,1.08,0.02,96.95,
CPU01,T0024,10.37,10.58,0.06,79.00,
CPU00,T0024,51.28,45.60,0.01,3.10,
DISKBUSY,T0024,0.00,0.00,0.00,
DISKREAD,T0024,28.80,14.41,0.00,
DISKWRITE,T0024,10.75,52.72,0.00,
DISKXFER,T0024,2.61,5.85,0.00,
DISKSERV,T0024,0.00,0.00,0.00,
DISKWAIT,T0024,0.00,0.00,0.00,
MEMREAL,T0024,9437184.00,81032.80,15.44,50.72,48.42,46.35,
MEMVIRT,T0024,2097152.00,99.38,0.62,3.86,2.32,0.00,0.00,3.52,2250.16,0.00,
PROC,T0024,9.79,0.00,5158.26,15801.56,558.15,105.01,12.17,11.48,40.80,2.60,122.40,
LAN,T0024,164.21,0.00,0.19,36.01,0.34,0.26,110.74,0.05,0.81,105.24,3.89,3.17,0.00,0.00,0.00,
IP,T0024,9.83,3.77,3.17,105.24,9.83,0.05,0.81,110.74,2.01,0.26,0.22,34.57,2.01,0.00,0.19,164.20,
TCPUDP,T0024,110.45,108.61,10.17,7.81,
FILE,T0024,0.91,3616.10,0.01,874473.62,21578.54,
JFSFILE,T0024,15.21,70.81,77.01,73.83,3.89,44.51,
JFSINODE,T0024,3.03,9.27,19.58,4.33,0.02,2.27,
LPAR,T0024,0.23,3.00,12.00,64.00,2.00,128.00,51.94,0.35,0.35,1.00,
ZZZZ,T0025,02:07:09,20-Sep-2019,,
CPU_ALL,T0025,7.46,3.20,0.04,89.30,12.00,
CPU011,T0025,0.00,0.91,0.00,99.09,
CPU010,T0025,0.00,0.90,0.00,99.10,
CPU09,T0025,0.00,1.00,0.00,99.00,
CPU08,T0025,0.00,54.55,0.00,45.45,
CPU07,T0025,0.00,0.60,0.00,99.40,
CPU06,T0025,0.29,0.62,0.00,99.09,
CPU05,T0025,0.67,0.70,0.00,98.63,
CPU04,T0025,19.42,44.65,0.00,35.93,
CPU03,T0025,0.71,2.85,0.01,96.44,
CPU02,T0025,0.90,1.38,0.00,97.72,
CPU01,T0025,11.43,10.08,0.10,78.39,
CPU00,T0025,58.41,38.49,0.04,3.06,
DISKBUSY,T0025,0.00,0.00,0.00,
DISKREAD,T0025,7.04,7.23,0.00,
DISKWRITE,T0025,17.49,88.15,0.00,
DISKXFER,T0025,1.67,8.63,0.00,
DISKSERV,T0025,0.00,0.00,0.00,
DISKWAIT,T0025,0.00,0.00,0.00,
MEMREAL,T0025,9437184.00,81804.80,15.44,50.73,48.41,46.34,
MEMVIRT,T0025,2097152.00,99.38,0.62,47.97,63.28,0.00,0.01,20.11,2256.06,0.00,
PROC,T0025,7.74,0.40,5808.88,15831.55,610.81,250.19,12.15,11.46,46.00,3.80,123.00,
LAN,T0025,521.01,0.00,0.13,225.57,0.37,0.21,288.45,0.05,0.71,327.76,4.30,2.34,0.00,0.00,0.00,
IP,T0025,19.64,4.18,2.34,327.76,19.64,0.05,0.71,288.43,28.19,0.28,0.17,221.09,28.19,0.00,0.13,520.99,
TCPUDP,T0025,292.14,341.05,15.48,7.60,
FILE,T0025,1.80,3452.18,0.09,986982.88,268376.56,
JFSFILE,T0025,15.21,70.81,77.01,73.83,3.89,44.52,
JFSINODE,T0025,3.03,9.27,19.58,4.33,0.02,2.27,
LPAR,T0025,0.37,3.00,12.00,64.00,2.00,128.00,50.84,0.58,0.58,1.00,
ZZZZ,T0026,02:12:09,20-Sep-2019,,
CPU_ALL,T0026,6.70,4.93,0.14,88.23,12.00,
CPU011,T0026,0.00,0.44,0.00,99.56,
CPU010,T0026,0.00,0.43,0.00,99.57,
CPU09,T0026,0.00,0.51,0.00,99.49,
CPU08,T0026,3.29,58.22,0.02,38.48,
CPU07,T0026,0.00,0.43,0.00,99.57,
CPU06,T0026,0.00,0.44,0.00,99.56,
CPU05,T0026,0.00,0.48,0.00,99.52,
CPU04,T0026,4.75,57.63,0.01,37.61,
CPU03,T0026,0.44,1.81,0.00,97.75,
CPU02,T0026,0.48,1.76,0.00,97.76,
CPU01,T0026,15.69,11.96,0.14,72.22,
CPU00,T0026,56.96,40.20,0.16,2.68,
DISKBUSY,T0026,0.00,0.00,0.00,
DISKREAD,T0026,14.03,14.22,0.00,
DISKWRITE,T0026,19.22,212.91,0.00,
DISKXFER,T0026,1.83,16.95,0.00,
DISKSERV,T0026,0.00,0.00,0.00,
DISKWAIT,T0026,0.00,0.00,0.00,
MEMREAL,T0026,9437184.00,88177.40,15.44,50.73,48.34,46.27,
MEMVIRT,T0026,2097152.00,99.38,0.62,264.19,335.75,0.00,0.00,97.13,2349.29,0.00,
PROC,T0026,11.48,0.40,6954.19,18655.29,903.77,413.96,12.16,11.47,61.60,5.00,123.00,
LAN,T0026,2006.63,0.01,0.13,915.37,0.33,0.19,762.00,0.06,0.69,967.64,3.81,2.09,0.00,0.00,0.00,
IP,T0026,61.20,3.70,2.09,967.64,61.20,0.06,0.69,761.98,143.31,0.25,0.16,902.14,143.31,0.01,0.13,2006.58,
TCPUDP,T0026,784.56,1022.50,38.30,7.53,
FILE,T0026,4.64,3779.77,0.00,1843065.75,1340432.88,
JFSFILE,T0026,15.21,70.81,77.01,73.84,3.89,44.52,
JFSINODE,T0026,3.03,9.27,19.58,4.33,0.02,2.27,
LPAR,T0026,0.40,3.00,12.00,64.00,2.00,128.00,50.20,0.63,0.63,1.00,
ZZZZ,T0027,02:17:09,20-Sep-2019,,
CPU_ALL,T0027,3.21,3.11,0.48,93.19,12.00,
CPU011,T0027,0.00,0.88,0.00,99.12,
CPU010,T0027,0.00,0.87,0.00,99.13,
CPU09,T0027,0.00,0.95,0.00,99.05,
CPU08,T0027,0.00,56.81,0.00,43.19,
CPU07,T0027,0.00,0.90,0.00,99.10,
CPU06,T0027,0.00,0.95,0.00,99.05,
CPU05,T0027,0.00,1.00,0.00,99.00,
CPU04,T0027,0.00,55.69,0.00,44.31,
CPU03,T0027,0.72,2.72,0.06,96.50,
CPU02,T0027,0.92,1.40,0.00,97.68,
CPU01,T0027,9.61,8.64,0.31,81.44,
CPU00,T0027,49.71,47.24,0.27,2.78,
DISKBUSY,T0027,0.00,0.00,0.00,
DISKREAD,T0027,7.12,7.04,0.00,
DISKWRITE,T0027,14.90,92.24,0.00,
DISKXFER,T0027,1.59,7.96,0.00,
DISKSERV,T0027,0.00,0.00,0.00,
DISKWAIT,T0027,0.00,0.00,0.00,
MEMREAL,T0027,9437184.00,88148.20,15.44,50.72,48.34,46.27,
MEMVIRT,T0027,2097152.00,99.38,0.62,48.09,48.55,0.00,0.00,15.70,2241.08,0.00,
PROC,T0027,9.49,1.00,5404.10,15949.65,594.61,150.32,12.17,11.47,43.60,3.00,122.00,
LAN,T0027,444.04,0.01,0.13,203.70,0.36,0.45,186.59,0.05,0.68,229.86,4.13,6.68,0.00,0.00,0.00,
IP,T0027,10.28,4.01,6.68,229.86,10.28,0.05,0.68,186.57,2.04,0.27,0.36,200.56,2.04,0.00,0.13,444.03,
TCPUDP,T0027,183.89,234.04,12.37,7.41,
FILE,T0027,1.80,3615.83,0.00,918633.19,205257.16,
JFSFILE,T0027,15.21,70.81,77.01,73.84,3.89,44.53,
JFSINODE,T0027,3.03,9.27,19.58,4.33,0.02,2.27,
LPAR,T0027,0.22,3.00,12.00,64.00,2.00,128.00,48.11,0.35,0.35,1.00,
ZZZZ,T0028,02:22:09,20-Sep-2019,,
CPU_ALL,T0028,2.78,2.71,0.03,94.48,12.00,
CPU011,T0028,0.00,1.56,0.00,98.44,
CPU010,T0028,0.00,1.63,0.00,98.37,
CPU09,T0028,0.00,1.71,0.00,98.29,
CPU08,T0028,0.00,49.13,0.00,50.87,
CPU07,T0028,0.00,1.59,0.00,98.41,
CPU06,T0028,0.00,1.66,0.00,98.34,
CPU05,T0028,0.00,1.81,0.00,98.19,
CPU04,T0028,0.00,46.75,0.00,53.25,
CPU03,T0028,1.28,1.76,0.00,96.96,
CPU02,T0028,0.84,1.11,0.00,98.05,
CPU01,T0028,9.91,8.56,0.00,81.53,
CPU00,T0028,48.90,47.73,0.02,3.35,
DISKBUSY,T0028,0.00,0.00,0.00,
DISKREAD,T0028,14.03,14.03,0.00,
DISKWRITE,T0028,10.16,58.75,0.00,
DISKXFER,T0028,1.17,6.36,0.00,
DISKSERV,T0028,0.00,0.00,0.00,
DISKWAIT,T0028,0.00,0.00,0.00,
MEMREAL,T0028,9437184.00,87969.00,15.44,50.73,48.34,46.27,
MEMVIRT,T0028,2097152.00,99.38,0.62,4.82,5.83,0.00,0.00,3.39,2237.67,0.00,
PROC,T0028,9.84,0.20,5231.03,14878.67,536.83,175.80,12.15,11.46,45.40,2.00,123.00,
LAN,T0028,168.52,0.00,0.12,27.13,0.41,0.21,75.22,0.06,0.58,73.20,4.38,2.55,0.00,0.00,0.00,
IP,T0028,10.26,4.27,2.55,73.20,10.26,0.06,0.58,75.21,2.10,0.32,0.18,26.13,2.09,0.01,0.12,168.52,
TCPUDP,T0028,74.23,77.07,10.24,8.24,
FILE,T0028,1.02,3413.24,0.00,794912.00,35266.11,
JFSFILE,T0028,15.21,70.81,77.01,73.84,3.89,44.53,
JFSINODE,T0028,3.03,9.27,19.58,4.33,0.02,2.27,
LPAR,T0028,0.19,3.00,12.00,64.00,2.00,128.00,52.62,0.30,0.30,1.00,
ZZZZ,T0029,02:27:09,20-Sep-2019,,
CPU_ALL,T0029,3.52,3.34,0.01,93.13,12.00,
CPU011,T0029,0.00,0.31,0.00,99.69,
CPU010,T0029,0.00,0.32,0.00,99.68,
CPU09,T0029,0.00,0.33,0.00,99.67,
CPU08,T0029,13.76,50.23,0.00,36.01,
CPU07,T0029,0.00,0.38,0.00,99.62,
CPU06,T0029,0.00,0.40,0.00,99.60,
CPU05,T0029,0.00,0.43,0.00,99.57,
CPU04,T0029,1.41,57.84,0.00,40.76,
CPU03,T0029,0.43,3.29,0.00,96.28,
