CPU_ALL,CPU Total ,User%,Sys%,Wait%,Idle%,CPUs,
CPU011,CPU Total ,User%,Sys%,Wait%,Idle%,
CPU010,CPU Total ,User%,Sys%,Wait%,Idle%,
CPU09,CPU Total ,User%,Sys%,Wait%,Idle%,
CPU08,CPU Total ,User%,Sys%,Wait%,Idle%,
CPU07,CPU Total ,User%,Sys%,Wait%,Idle%,
CPU06,CPU Total ,User%,Sys%,Wait%,Idle%,
CPU05,CPU Total ,User%,Sys%,Wait%,Idle%,
CPU04,CPU Total ,User%,Sys%,Wait%,Idle%,
CPU03,CPU Total ,User%,Sys%,Wait%,Idle%,
CPU02,CPU Total ,User%,Sys%,Wait%,Idle%,
CPU01,CPU Total ,User%,Sys%,Wait%,Idle%,
CPU00,CPU Total ,User%,Sys%,Wait%,Idle%,
DISKBUSY,Disk %Busy ,hdisk1,hdisk99,hdisk0,
DISKREAD,Disk Read 512 bytes per sec ,hdisk1,hdisk99,hdisk0,
DISKWRITE,Disk Write 512 bytes per sec ,hdisk1,hdisk99,hdisk0,
DISKXFER,Disk transfers per second ,hdisk1,hdisk99,hdisk0,
DISKSERV,Disk Avg service time/transfer ,hdisk1,hdisk99,hdisk0,
DISKWAIT,Average wait queue time for read/write transfers,hdisk1,hdisk99,hdisk0,
MEMREAL,Real Memory Statistics,Size 4k pages,free frames 4k,%pinned,%comp,%noncomp,%client,
MEMVIRT,PgSp / Virtual Memory Statistics,PageSpace,%free,%used,pagein,pageout,pgspgin,pgspgout,sio,totfaults,steal,
PROC,Processes ,Runnable,Swap-in,pswitch,syscall,read,write,fork,exec,loadavg,utilavg,numprocs,
LAN,LAN Interfaces Statistics,ent0/kbytesout,ent2/kbytesout,ent1/kbytesout,ent0/kbytesin,ent2/kbytesin,ent1/kbytesin,ent0/framesout,ent2/framesout,ent1/framesout,ent0/framesin,ent2/framesin,ent1/framesin,ent0/recvdrops,ent2/recvdrops,ent1/recvdrops,
IP,IP Statistics for network interface,lo0/ipacket,en2/ipacket,en1/ipacket,en0/ipacket,lo0/opacket,en2/opacket,en1/opacket,en0/opacket,lo0/ioctet_kb,en2/ioctet_kb,en1/ioctet_kb,en0/ioctet_kb,lo0/ooctet_kb,en2/ooctet_kb,en1/ooctet_kb,en0/ooctet_kb,
TCPUDP,IP Protocol statistics,TCPSendTot,TCPRcvTot,UDPSnddgrm,UDPRcvdgrm,
FILE,File I/O ,iget,namei,dirblk,readch,writech,
JFSFILE,JFS Filespace %Used,/,/home,/usr,/var,/tmp,/opt,
JFSINODE,JFS Inode %Used,/,/home,/usr,/var,/tmp,opt,
LPAR,LPAR Stats,PhysicalCPU,VirtualCPUs,LogicalCPUs,poolCPUS,entitled,weight,poolIdle,UsedAllCPU%,UsedPoolCPU%,SharedCPU,
ZZZZ,T0001,00:08:45,29-Sep-2019,,
CPU_ALL,T0001,2.75,2.67,0.00,94.57,12.00,
CPU011,T0001,0.00,1.83,0.00,98.17,
CPU010,T0001,0.00,1.75,0.00,98.25,
CPU09,T0001,0.00,1.98,0.00,98.02,
CPU08,T0001,10.27,44.08,0.00,45.66,
CPU07,T0001,0.00,1.88,0.00,98.12,
CPU06,T0001,0.00,2.04,0.00,97.96,
CPU05,T0001,0.00,2.23,0.00,97.77,
CPU04,T0001,4.97,45.61,0.01,49.41,
CPU03,T0001,0.86,1.04,0.00,98.10,
CPU02,T0001,0.85,1.10,0.00,98.05,
CPU01,T0001,11.59,8.97,0.08,79.37,
CPU00,T0001,48.90,47.92,0.00,3.18,
DISKBUSY,T0001,0.00,0.00,0.00,
DISKREAD,T0001,7.02,7.02,0.00,
DISKWRITE,T0001,9.23,63.69,0.00,
DISKXFER,T0001,0.99,6.90,0.00,
DISKSERV,T0001,0.00,0.00,0.00,
DISKWAIT,T0001,0.00,0.00,0.00,
MEMREAL,T0001,9437184.00,26709.00,15.46,48.74,50.97,46.56,
MEMVIRT,T0001,2097152.00,99.40,0.60,0.33,2.19,0.00,0.00,2.20,2283.50,0.00,
PROC,T0001,12.99,0.00,5051.69,15198.20,540.59,118.94,12.06,11.38,34.20,2.00,123.20,
LAN,T0001,109.83,0.00,0.13,9.28,0.35,0.48,45.00,0.04,0.68,39.68,3.81,7.28,0.00,0.00,0.00,
IP,T0001,10.23,3.69,7.28,39.68,10.23,0.04,0.68,45.00,2.09,0.27,0.38,8.74,2.09,0.00,0.13,109.82,
TCPUDP,T0001,44.66,43.58,10.37,7.76,
FILE,T0001,1.04,3370.27,0.00,871661.81,21817.67,
JFSFILE,T0001,15.20,71.03,77.01,74.14,3.90,44.38,
JFSINODE,T0001,3.03,9.38,19.58,4.37,0.02,2.26,
LPAR,T0001,0.19,3.00,12.00,64.00,2.00,128.00,46.66,0.30,0.30,1.00,
ZZZZ,T0002,00:13:45,29-Sep-2019,,
CPU_ALL,T0002,15.34,5.69,0.01,78.96,12.00,
CPU011,T0002,0.00,0.97,0.00,99.03,
CPU010,T0002,0.00,0.99,0.00,99.01,
CPU09,T0002,0.00,0.99,0.00,99.01,
CPU08,T0002,13.39,43.72,0.00,42.89,
CPU07,T0002,0.00,1.95,0.00,98.05,
CPU06,T0002,0.00,2.03,0.00,97.97,
CPU05,T0002,9.93,4.74,0.00,85.33,
CPU04,T0002,45.44,29.95,0.00,24.60,
CPU03,T0002,0.15,1.50,0.00,98.35,
CPU02,T0002,0.04,1.39,0.00,98.56,
CPU01,T0002,16.62,8.98,0.11,74.28,
CPU00,T0002,63.11,33.43,0.01,3.46,
DISKBUSY,T0002,0.00,3.00,0.00,
DISKREAD,T0002,14.03,33175.37,0.00,
DISKWRITE,T0002,6.19,56.56,0.00,
DISKXFER,T0002,0.80,69.41,0.00,
DISKSERV,T0002,0.00,0.00,0.00,
DISKWAIT,T0002,0.00,0.00,0.00,
MEMREAL,T0002,9437184.00,15345.60,15.46,48.74,51.09,47.07,
MEMVIRT,T0002,2097152.00,99.40,0.60,4146.16,1.78,0.00,0.00,4147.02,2296.53,4083.28,
PROC,T0002,8.14,0.00,7470.07,25568.58,3206.13,3779.66,12.22,11.53,54.40,7.40,123.60,
LAN,T0002,20228.11,0.01,0.12,200.16,0.34,0.31,689.53,0.06,0.64,2879.53,4.05,4.20,0.00,0.00,0.00,
IP,T0002,9.87,3.93,4.20,2879.53,9.87,0.06,0.64,689.53,2.03,0.26,0.25,160.79,2.03,0.00,0.12,13238.28,
TCPUDP,T0002,689.17,2882.82,10.01,7.61,
FILE,T0002,0.94,3137.38,0.00,5977522.50,5299017.00,
JFSFILE,T0002,15.20,71.03,77.01,74.14,3.90,44.38,
JFSINODE,T0002,3.03,9.38,19.58,4.37,0.02,2.26,
LPAR,T0002,0.73,3.00,12.00,64.00,2.00,128.00,47.60,1.15,1.15,1.00,
ZZZZ,T0003,00:18:45,29-Sep-2019,,
CPU_ALL,T0003,7.13,3.83,0.01,89.02,12.00,
CPU011,T0003,0.00,1.49,0.00,98.51,
CPU010,T0003,0.00,1.53,0.00,98.47,
CPU09,T0003,0.00,1.58,0.00,98.42,
CPU08,T0003,0.00,48.06,0.00,51.94,
CPU07,T0003,0.00,1.91,0.00,98.09,
CPU06,T0003,0.00,1.98,0.00,98.02,
CPU05,T0003,3.75,3.23,0.01,93.01,
CPU04,T0003,14.68,39.44,0.01,45.88,
CPU03,T0003,0.63,1.06,0.00,98.31,
CPU02,T0003,0.45,1.01,0.00,98.54,
CPU01,T0003,11.47,10.21,0.03,78.29,
CPU00,T0003,53.23,43.45,0.03,3.29,
DISKBUSY,T0003,0.00,1.40,0.00,
DISKREAD,T0003,7.02,14476.47,0.00,
DISKWRITE,T0003,6.64,54.67,0.00,
DISKXFER,T0003,0.83,28.74,0.00,
DISKSERV,T0003,0.00,0.00,0.00,
DISKWAIT,T0003,0.00,0.00,0.00,
MEMREAL,T0003,9437184.00,9940.80,15.46,48.74,51.15,48.09,
MEMVIRT,T0003,2097152.00,99.39,0.61,1811.53,2.14,0.00,0.00,1813.19,2276.18,1815.74,
PROC,T0003,10.56,0.00,5839.26,18919.49,1488.27,1425.71,12.15,11.45,43.00,4.00,122.20,
LAN,T0003,7331.63,0.00,0.13,77.69,0.34,0.19,276.03,0.04,0.66,1059.36,3.72,2.14,0.00,0.00,0.00,
IP,T0003,9.72,3.60,2.14,1059.36,9.72,0.04,0.66,276.02,1.84,0.26,0.16,63.20,1.84,0.00,0.13,342.02,
TCPUDP,T0003,275.56,1062.82,9.98,7.65,
FILE,T0003,0.93,3352.71,0.00,1198408.25,444014.06,
JFSFILE,T0003,15.20,71.03,77.01,74.14,3.90,44.39,
JFSINODE,T0003,3.03,9.38,19.58,4.37,0.02,2.26,
LPAR,T0003,0.38,3.00,12.00,64.00,2.00,128.00,46.84,0.60,0.60,1.00,
ZZZZ,T0004,00:23:45,29-Sep-2019,,
CPU_ALL,T0004,2.57,2.60,0.00,94.83,12.00,
CPU011,T0004,0.00,1.86,0.00,98.14,
CPU010,T0004,0.00,1.85,0.00,98.15,
CPU09,T0004,0.00,2.14,0.00,97.86,
CPU08,T0004,0.00,46.08,0.00,53.92,
CPU07,T0004,0.00,2.02,0.00,97.98,
CPU06,T0004,0.00,2.10,0.00,97.90,
CPU05,T0004,0.00,2.31,0.00,97.69,
CPU04,T0004,0.00,42.64,0.00,57.36,
CPU03,T0004,0.48,0.80,0.00,98.72,
CPU02,T0004,0.41,0.73,0.00,98.86,
CPU01,T0004,8.01,9.98,0.00,82.00,
CPU00,T0004,48.62,48.30,0.01,3.08,
DISKBUSY,T0004,0.00,0.00,0.00,
DISKREAD,T0004,14.03,15.18,0.00,
DISKWRITE,T0004,7.23,58.70,0.00,
DISKXFER,T0004,0.92,6.41,0.00,
DISKSERV,T0004,0.00,0.00,0.00,
DISKWAIT,T0004,0.00,0.00,0.00,
MEMREAL,T0004,9437184.00,11029.00,15.46,48.73,51.15,48.09,
MEMVIRT,T0004,2097152.00,99.40,0.60,0.63,2.17,0.00,0.00,2.27,2215.98,0.19,
PROC,T0004,8.61,0.20,4892.76,14460.98,534.12,156.49,12.15,11.47,38.60,2.00,123.00,
LAN,T0004,111.94,0.00,0.13,9.76,0.34,0.21,44.87,0.07,0.69,40.28,4.03,2.37,0.00,0.00,0.00,
IP,T0004,9.79,3.91,2.37,40.28,9.79,0.07,0.69,44.87,1.91,0.26,0.17,9.21,1.90,0.01,0.13,111.94,
TCPUDP,T0004,44.41,43.71,10.00,7.64,
FILE,T0004,0.96,3263.42,0.00,767462.50,22281.95,
JFSFILE,T0004,15.20,71.03,77.01,74.14,3.90,44.39,
JFSINODE,T0004,3.03,9.38,19.58,4.37,0.02,2.26,
LPAR,T0004,0.18,3.00,12.00,64.00,2.00,128.00,48.93,0.28,0.28,1.00,
ZZZZ,T0005,00:28:45,29-Sep-2019,,
CPU_ALL,T0005,2.55,2.65,0.00,94.80,12.00,
CPU011,T0005,0.00,1.96,0.00,98.04,
CPU010,T0005,0.00,1.98,0.00,98.02,
CPU09,T0005,0.00,2.08,0.00,97.92,
CPU08,T0005,0.00,45.99,0.00,54.01,
CPU07,T0005,0.00,2.07,0.00,97.93,
CPU06,T0005,0.00,2.14,0.00,97.86,
CPU05,T0005,0.00,2.47,0.00,97.53,
CPU04,T0005,0.00,42.99,0.00,57.01,
CPU03,T0005,0.63,0.76,0.00,98.61,
CPU02,T0005,0.31,0.85,0.00,98.84,
CPU01,T0005,8.93,10.77,0.09,80.21,
CPU00,T0005,47.81,49.07,0.00,3.11,
DISKBUSY,T0005,0.00,0.00,0.00,
DISKREAD,T0005,7.02,7.04,0.00,
DISKWRITE,T0005,6.45,52.10,0.00,
DISKXFER,T0005,0.80,5.76,0.00,
DISKSERV,T0005,0.00,0.00,0.00,
DISKWAIT,T0005,0.00,0.00,0.00,
MEMREAL,T0005,9437184.00,10150.20,15.46,48.74,51.15,48.09,
MEMVIRT,T0005,2097152.00,99.40,0.60,0.33,1.54,0.00,0.01,1.55,2241.33,0.00,
PROC,T0005,8.12,0.00,4882.73,15075.10,540.86,95.01,12.14,11.45,33.00,2.00,123.20,
LAN,T0005,110.30,0.01,0.13,9.10,0.36,0.20,44.21,0.05,0.68,39.08,3.87,2.36,0.00,0.00,0.00,
IP,T0005,9.76,3.76,2.36,39.08,9.76,0.05,0.68,44.20,1.94,0.28,0.17,8.57,1.94,0.00,0.13,110.30,
TCPUDP,T0005,43.76,42.54,9.98,7.82,
FILE,T0005,0.90,3426.42,0.00,869989.12,19589.73,
JFSFILE,T0005,15.20,71.03,77.01,74.14,3.90,44.39,
JFSINODE,T0005,3.03,9.38,19.58,4.37,0.02,2.26,
LPAR,T0005,0.18,3.00,12.00,64.00,2.00,128.00,47.46,0.28,0.28,1.00,
ZZZZ,T0006,00:33:45,29-Sep-2019,,
CPU_ALL,T0006,2.57,2.59,0.00,94.84,12.00,
CPU011,T0006,0.00,2.01,0.00,97.99,
CPU010,T0006,0.00,1.98,0.00,98.02,
CPU09,T0006,0.00,2.19,0.00,97.81,
CPU08,T0006,0.00,47.19,0.00,52.81,
CPU07,T0006,0.00,1.96,0.00,98.04,
CPU06,T0006,0.00,2.07,0.00,97.93,
CPU05,T0006,0.00,2.18,0.00,97.82,
CPU04,T0006,0.00,45.64,0.00,54.36,
CPU03,T0006,0.81,1.20,0.15,97.84,
CPU02,T0006,1.22,0.99,0.00,97.79,
CPU01,T0006,7.51,8.35,0.09,84.06,
CPU00,T0006,48.56,48.38,0.00,3.05,
DISKBUSY,T0006,0.00,0.00,0.00,
DISKREAD,T0006,7.02,7.12,0.00,
DISKWRITE,T0006,6.72,53.43,0.00,
DISKXFER,T0006,0.84,5.70,0.00,
DISKSERV,T0006,0.00,0.00,0.00,
DISKWAIT,T0006,0.00,0.00,0.00,
MEMREAL,T0006,9437184.00,10831.40,15.46,48.73,51.15,48.09,
MEMVIRT,T0006,2097152.00,99.40,0.60,0.01,1.75,0.00,0.01,1.75,2199.35,0.00,
PROC,T0006,7.71,0.00,4865.94,14123.40,509.69,192.38,12.17,11.47,35.60,2.00,123.00,
LAN,T0006,110.20,0.00,0.12,9.14,0.36,0.75,44.56,0.06,0.58,39.84,4.10,12.15,0.00,0.00,0.00,
IP,T0006,9.89,3.98,12.15,39.84,9.89,0.06,0.58,44.56,2.08,0.28,0.58,8.59,2.08,0.01,0.12,110.20,
TCPUDP,T0006,44.61,43.22,9.60,7.71,
FILE,T0006,0.83,3130.28,0.00,686433.88,20543.76,
JFSFILE,T0006,15.20,71.03,77.01,74.15,3.90,44.40,
JFSINODE,T0006,3.03,9.38,19.58,4.37,0.02,2.26,
LPAR,T0006,0.18,3.00,12.00,64.00,2.00,128.00,39.46,0.28,0.28,1.00,
ZZZZ,T0007,00:38:45,29-Sep-2019,,
CPU_ALL,T0007,2.72,2.69,0.00,94.59,12.00,
CPU011,T0007,0.00,1.48,0.00,98.52,
CPU010,T0007,0.00,1.49,0.00,98.51,
CPU09,T0007,0.00,1.68,0.00,98.32,
CPU08,T0007,14.75,41.48,0.00,43.77,
CPU07,T0007,0.00,1.87,0.00,98.13,
CPU06,T0007,0.00,2.00,0.00,98.00,
CPU05,T0007,0.00,2.19,0.00,97.81,
CPU04,T0007,3.86,45.72,0.00,50.42,
CPU03,T0007,0.96,0.81,0.00,98.24,
CPU02,T0007,1.15,0.97,0.00,97.88,
CPU01,T0007,9.00,10.70,0.00,80.29,
CPU00,T0007,48.73,47.99,0.01,3.27,
DISKBUSY,T0007,0.00,0.00,0.00,
DISKREAD,T0007,7.02,7.04,0.00,
DISKWRITE,T0007,7.55,62.10,0.00,
DISKXFER,T0007,0.89,6.77,0.00,
DISKSERV,T0007,0.00,0.00,0.00,
DISKWAIT,T0007,0.00,0.00,0.00,
MEMREAL,T0007,9437184.00,11246.20,15.46,48.74,51.14,48.08,
MEMVIRT,T0007,2097152.00,99.40,0.60,0.02,2.24,0.00,0.00,2.12,2285.99,0.93,
PROC,T0007,11.53,0.20,5037.79,15366.29,561.04,115.94,12.15,11.47,45.20,2.00,122.60,
LAN,T0007,111.33,0.00,0.12,9.90,0.33,0.28,46.48,0.03,0.58,41.38,3.70,3.92,0.00,0.00,0.00,
IP,T0007,10.52,3.58,3.92,41.38,10.52,0.03,0.58,46.48,2.08,0.26,0.23,9.34,2.08,0.00,0.12,111.33,
TCPUDP,T0007,46.33,45.52,10.46,7.76,
FILE,T0007,1.06,3384.99,0.00,935340.62,22242.56,
JFSFILE,T0007,15.20,71.03,77.01,73.96,3.90,44.40,
JFSINODE,T0007,3.03,9.38,19.58,4.34,0.02,2.26,
LPAR,T0007,0.19,3.00,12.00,64.00,2.00,128.00,39.53,0.30,0.30,1.00,
ZZZZ,T0008,00:43:45,29-Sep-2019,,
CPU_ALL,T0008,2.56,2.70,0.00,94.74,12.00,
CPU011,T0008,0.00,1.86,0.00,98.14,
CPU010,T0008,0.00,1.86,0.00,98.14,
CPU09,T0008,0.00,1.99,0.00,98.01,
CPU08,T0008,0.00,45.94,0.00,54.06,
CPU07,T0008,0.00,1.98,0.00,98.02,
CPU06,T0008,0.00,2.07,0.00,97.93,
CPU05,T0008,0.00,2.39,0.00,97.61,
CPU04,T0008,0.00,42.60,0.00,57.40,
CPU03,T0008,1.07,1.02,0.00,97.90,
CPU02,T0008,1.37,1.18,0.00,97.45,
CPU01,T0008,6.10,9.89,0.00,84.01,
CPU00,T0008,47.69,49.08,0.01,3.23,
DISKBUSY,T0008,0.00,0.00,0.00,
DISKREAD,T0008,7.02,7.26,0.00,
DISKWRITE,T0008,8.61,50.44,0.00,
DISKXFER,T0008,0.97,5.54,0.00,
DISKSERV,T0008,0.00,0.00,0.00,
DISKWAIT,T0008,0.00,0.00,0.00,
MEMREAL,T0008,9437184.00,11931.80,15.46,48.73,51.14,48.08,
MEMVIRT,T0008,2097152.00,99.40,0.60,0.03,1.63,0.00,0.00,1.65,2206.42,0.00,
PROC,T0008,11.03,0.00,5200.17,15380.62,539.86,95.30,12.14,11.45,37.20,2.00,123.00,
LAN,T0008,109.73,0.00,0.13,8.60,0.36,0.29,43.40,0.06,0.67,38.78,4.11,3.78,0.00,0.00,0.00,
IP,T0008,9.90,4.00,3.78,38.78,9.90,0.06,0.67,43.40,1.89,0.28,0.23,8.07,1.89,0.00,0.13,109.73,
TCPUDP,T0008,43.52,42.38,9.57,7.70,
FILE,T0008,0.81,3436.17,0.00,806152.31,19650.62,
JFSFILE,T0008,15.20,71.03,77.01,73.96,3.90,44.41,
JFSINODE,T0008,3.03,9.38,19.58,4.34,0.02,2.26,
LPAR,T0008,0.19,3.00,12.00,64.00,2.00,128.00,39.40,0.29,0.29,1.00,
ZZZZ,T0009,00:48:45,29-Sep-2019,,
CPU_ALL,T0009,2.67,2.64,0.00,94.68,12.00,
CPU011,T0009,0.00,1.81,0.00,98.19,
CPU010,T0009,0.00,1.97,0.00,98.03,
CPU09,T0009,0.00,2.09,0.00,97.91,
CPU08,T0009,0.00,46.70,0.00,53.30,
CPU07,T0009,0.00,2.09,0.00,97.91,
CPU06,T0009,0.00,2.34,0.00,97.66,
CPU05,T0009,0.00,2.26,0.00,97.74,
CPU04,T0009,0.00,43.00,0.00,57.00,
CPU03,T0009,0.82,1.10,0.00,98.08,
CPU02,T0009,0.69,1.22,0.00,98.10,
CPU01,T0009,9.32,11.39,0.08,79.20,
CPU00,T0009,49.06,47.54,0.01,3.40,
DISKBUSY,T0009,0.00,0.00,0.00,
DISKREAD,T0009,14.03,14.14,0.00,
DISKWRITE,T0009,8.00,54.55,0.00,
DISKXFER,T0009,0.93,5.96,0.00,
DISKSERV,T0009,0.00,0.00,0.00,
DISKWAIT,T0009,0.00,0.00,0.00,
MEMREAL,T0009,9437184.00,11018.80,15.46,48.74,51.14,48.08,
MEMVIRT,T0009,2097152.00,99.40,0.60,0.34,1.83,0.00,0.00,1.87,2265.86,0.00,
PROC,T0009,7.82,0.00,5214.02,14973.14,527.57,178.47,12.16,11.47,45.20,2.00,123.20,
LAN,T0009,110.54,0.01,0.14,9.44,0.37,0.41,45.41,0.05,0.82,40.61,3.98,5.88,0.00,0.00,0.00,
IP,T0009,10.51,3.86,5.88,40.61,10.51,0.05,0.82,45.40,2.13,0.29,0.33,8.88,2.13,0.00,0.14,110.53,
TCPUDP,T0009,45.64,44.76,10.04,7.99,
FILE,T0009,0.93,3244.27,0.00,789692.25,21498.87,
JFSFILE,T0009,15.20,71.03,77.01,73.96,3.90,44.41,
JFSINODE,T0009,3.03,9.38,19.58,4.35,0.02,2.26,
LPAR,T0009,0.19,3.00,12.00,64.00,2.00,128.00,41.43,0.29,0.29,1.00,
ZZZZ,T0010,00:53:45,29-Sep-2019,,
CPU_ALL,T0010,2.55,2.63,0.00,94.81,12.00,
CPU011,T0010,0.00,1.76,0.00,98.24,
CPU010,T0010,0.00,1.86,0.00,98.14,
CPU09,T0010,0.00,2.06,0.00,97.94,
CPU08,T0010,0.00,46.91,0.00,53.09,
CPU07,T0010,0.00,2.17,0.00,97.83,
CPU06,T0010,0.00,2.20,0.00,97.80,
CPU05,T0010,0.00,2.36,0.00,97.64,
CPU04,T0010,0.00,42.55,0.00,57.45,
CPU03,T0010,1.02,0.65,0.00,98.34,
CPU02,T0010,0.28,0.71,0.00,99.01,
CPU01,T0010,6.80,8.88,0.08,84.24,
CPU00,T0010,48.03,48.88,0.01,3.08,
DISKBUSY,T0010,0.00,0.00,0.00,
DISKREAD,T0010,7.02,7.10,0.00,
DISKWRITE,T0010,8.83,59.21,0.00,
DISKXFER,T0010,0.98,6.39,0.00,
DISKSERV,T0010,0.00,0.00,0.00,
DISKWAIT,T0010,0.00,0.00,0.00,
MEMREAL,T0010,9437184.00,11682.60,15.46,48.73,51.14,48.08,
MEMVIRT,T0010,2097152.00,99.40,0.60,0.01,2.08,0.00,0.00,2.06,2199.27,0.00,
PROC,T0010,8.04,0.00,5171.55,14997.50,531.17,129.85,12.16,11.46,36.00,2.00,123.00,
LAN,T0010,109.98,0.00,0.13,8.74,0.37,0.41,44.44,0.05,0.67,39.27,4.14,6.03,0.00,0.00,0.00,
IP,T0010,10.14,4.02,6.03,39.27,10.14,0.05,0.67,44.44,2.05,0.28,0.33,8.20,2.05,0.00,0.13,109.97,
TCPUDP,T0010,44.54,42.97,10.01,7.79,
FILE,T0010,0.95,3323.45,0.00,781311.50,20903.63,
JFSFILE,T0010,15.20,71.03,77.01,73.97,3.90,44.41,
JFSINODE,T0010,3.03,9.38,19.58,4.34,0.02,2.26,
LPAR,T0010,0.18,3.00,12.00,64.00,2.00,128.00,44.69,0.29,0.29,1.00,
ZZZZ,T0011,00:58:45,29-Sep-2019,,
CPU_ALL,T0011,2.57,2.67,0.00,94.76,12.00,
CPU011,T0011,0.00,1.88,0.00,98.12,
CPU010,T0011,0.00,2.03,0.00,97.97,
CPU09,T0011,0.00,1.97,0.00,98.03,
CPU08,T0011,0.00,46.72,0.00,53.28,
CPU07,T0011,0.00,1.96,0.00,98.04,
CPU06,T0011,0.00,2.05,0.00,97.95,
CPU05,T0011,0.00,2.32,0.00,97.68,
CPU04,T0011,0.00,42.11,0.00,57.89,
CPU03,T0011,1.29,1.23,0.00,97.47,
CPU02,T0011,1.35,1.29,0.00,97.36,
CPU01,T0011,8.95,8.71,0.01,82.32,
CPU00,T0011,47.38,49.36,0.00,3.26,
DISKBUSY,T0011,0.00,0.00,0.00,
DISKREAD,T0011,14.03,14.40,0.00,
DISKWRITE,T0011,8.56,52.43,0.00,
DISKXFER,T0011,0.98,5.90,0.00,
DISKSERV,T0011,0.00,0.00,0.00,
DISKWAIT,T0011,0.00,0.00,0.00,
MEMREAL,T0011,9437184.00,10783.40,15.46,48.74,51.14,48.08,
MEMVIRT,T0011,2097152.00,99.39,0.61,0.05,1.70,0.00,0.00,1.74,2255.84,0.00,
PROC,T0011,8.85,0.00,5181.36,15563.14,554.01,96.62,12.16,11.47,35.00,2.00,123.40,
LAN,T0011,109.18,0.00,0.13,8.68,0.35,0.28,43.91,0.05,0.64,38.82,3.81,3.67,0.00,0.00,0.00,
IP,T0011,10.19,3.70,3.67,38.82,10.19,0.05,0.64,43.91,1.97,0.27,0.23,8.15,1.97,0.01,0.13,109.18,
TCPUDP,T0011,44.20,42.47,10.07,7.80,
FILE,T0011,0.91,3386.67,0.00,913094.62,19834.36,
JFSFILE,T0011,15.20,71.03,77.01,73.97,3.90,44.42,
JFSINODE,T0011,3.03,9.38,19.58,4.34,0.02,2.26,
LPAR,T0011,0.18,3.00,12.00,64.00,2.00,128.00,42.21,0.29,0.29,1.00,
ZZZZ,T0012,01:03:45,29-Sep-2019,,
CPU_ALL,T0012,2.57,2.65,0.00,94.78,12.00,
CPU011,T0012,0.00,1.99,0.00,98.01,
CPU010,T0012,0.00,2.06,0.00,97.94,
CPU09,T0012,0.00,2.20,0.00,97.80,
CPU08,T0012,0.00,47.12,0.00,52.88,
CPU07,T0012,0.00,2.08,0.00,97.92,
CPU06,T0012,0.00,2.20,0.00,97.80,
CPU05,T0012,0.00,2.31,0.00,97.69,
CPU04,T0012,0.00,43.11,0.00,56.89,
CPU03,T0012,0.81,1.39,0.00,97.80,
CPU02,T0012,1.45,1.31,0.00,97.25,
CPU01,T0012,7.59,8.40,0.01,84.00,
CPU00,T0012,47.91,48.92,0.00,3.16,
DISKBUSY,T0012,0.00,0.00,0.00,
DISKREAD,T0012,7.02,7.02,0.00,
DISKWRITE,T0012,8.11,52.40,0.00,
DISKXFER,T0012,0.95,5.72,0.00,
DISKSERV,T0012,0.00,0.00,0.00,
DISKWAIT,T0012,0.00,0.00,0.00,
MEMREAL,T0012,9437184.00,12047.40,15.46,48.73,51.14,48.08,
MEMVIRT,T0012,2097152.00,99.39,0.61,0.33,1.64,0.00,0.00,1.66,2206.98,0.00,
PROC,T0012,9.50,0.00,5083.39,14931.88,527.06,149.12,12.15,11.46,40.80,2.00,122.60,
LAN,T0012,110.83,0.01,0.13,9.52,0.36,0.21,44.38,0.08,0.65,39.70,4.23,2.55,0.00,0.00,0.00,
IP,T0012,10.06,4.11,2.55,39.70,10.06,0.08,0.65,44.38,2.06,0.28,0.18,8.97,2.05,0.01,0.13,110.83,
TCPUDP,T0012,44.94,43.45,9.66,7.75,
FILE,T0012,0.84,3307.66,0.00,739680.50,21420.92,
JFSFILE,T0012,15.21,71.03,77.01,73.97,3.90,44.42,
JFSINODE,T0012,3.03,9.38,19.58,4.35,0.02,2.26,
LPAR,T0012,0.18,3.00,12.00,64.00,2.00,128.00,40.53,0.29,0.29,1.00,
ZZZZ,T0013,01:08:45,29-Sep-2019,,
CPU_ALL,T0013,2.96,2.78,0.02,94.24,12.00,
CPU011,T0013,0.00,1.73,0.00,98.27,
CPU010,T0013,0.00,1.71,0.00,98.29,
CPU09,T0013,0.00,1.89,0.00,98.11,
CPU08,T0013,9.00,46.86,0.06,44.09,
CPU07,T0013,0.00,1.83,0.00,98.17,
CPU06,T0013,0.00,1.90,0.00,98.10,
CPU05,T0013,0.79,2.82,0.00,96.40,
CPU04,T0013,9.67,43.71,0.05,46.57,
CPU03,T0013,0.67,0.88,0.12,98.34,
CPU02,T0013,0.97,1.34,0.05,97.64,
CPU01,T0013,11.33,9.20,0.00,79.47,
CPU00,T0013,49.78,47.08,0.02,3.13,
DISKBUSY,T0013,0.00,0.20,0.00,
DISKREAD,T0013,505.16,762.78,0.00,
DISKWRITE,T0013,6.56,95.14,0.00,
DISKXFER,T0013,3.17,14.44,0.00,
DISKSERV,T0013,0.00,0.00,0.00,
DISKWAIT,T0013,0.00,0.00,0.00,
MEMREAL,T0013,9437184.00,11204.80,15.46,48.74,51.14,48.08,
MEMVIRT,T0013,2097152.00,99.39,0.61,1.20,2.61,0.00,0.00,3.32,3265.88,1.01,
PROC,T0013,8.90,0.00,4998.50,15504.08,615.71,227.67,16.55,15.97,38.20,2.20,123.20,
LAN,T0013,111.97,0.01,0.13,9.85,0.34,0.19,47.91,0.05,0.65,39.24,3.76,2.14,0.00,0.00,0.00,
IP,T0013,11.15,3.64,2.14,39.24,11.15,0.05,0.65,47.91,1.96,0.26,0.16,9.31,1.96,0.00,0.13,111.97,
TCPUDP,T0013,45.41,43.76,13.82,7.98,
FILE,T0013,2.30,3371.08,0.00,1524636.75,26501.55,
JFSFILE,T0013,15.21,71.03,77.01,73.98,3.90,44.43,
JFSINODE,T0013,3.03,9.39,19.58,4.35,0.02,2.26,
LPAR,T0013,0.20,3.00,12.00,64.00,2.00,128.00,40.85,0.31,0.31,1.00,
ZZZZ,T0014,01:13:45,29-Sep-2019,,
CPU_ALL,T0014,2.52,2.59,0.00,94.89,12.00,
CPU011,T0014,0.00,1.87,0.00,98.13,
CPU010,T0014,0.00,1.90,0.00,98.10,
CPU09,T0014,0.00,2.01,0.00,97.99,
CPU08,T0014,0.00,46.35,0.00,53.65,
CPU07,T0014,0.00,1.96,0.00,98.04,
CPU06,T0014,0.00,2.06,0.00,97.94,
CPU05,T0014,0.00,2.36,0.00,97.64,
CPU04,T0014,0.00,42.92,0.00,57.08,
CPU03,T0014,0.38,0.65,0.00,98.97,
CPU02,T0014,1.89,2.78,0.00,95.33,
CPU01,T0014,8.13,8.71,0.00,83.16,
CPU00,T0014,47.96,48.82,0.01,3.22,
DISKBUSY,T0014,0.00,0.00,0.00,
DISKREAD,T0014,7.02,7.68,0.00,
DISKWRITE,T0014,6.85,52.47,0.00,
DISKXFER,T0014,0.85,6.02,0.00,
DISKSERV,T0014,0.00,0.00,0.00,
DISKWAIT,T0014,0.00,0.00,0.00,
MEMREAL,T0014,9437184.00,12044.00,15.46,48.73,51.14,48.08,
MEMVIRT,T0014,2097152.00,99.40,0.60,0.08,1.80,0.00,0.00,1.87,2192.11,0.00,
PROC,T0014,8.70,0.00,4865.11,14358.86,524.62,144.73,12.16,11.46,40.20,2.00,122.40,
LAN,T0014,112.18,0.01,0.13,9.58,0.35,0.24,45.34,0.08,0.74,40.48,4.06,2.93,0.00,0.00,0.00,
IP,T0014,10.16,3.95,2.93,40.48,10.16,0.08,0.74,45.34,2.19,0.27,0.20,9.03,2.19,0.01,0.13,112.18,
TCPUDP,T0014,45.91,44.40,9.77,7.53,
FILE,T0014,0.93,3267.42,0.00,744424.44,20825.31,
JFSFILE,T0014,15.21,71.03,77.01,73.98,3.90,44.43,
JFSINODE,T0014,3.03,9.39,19.58,4.35,0.02,2.26,
LPAR,T0014,0.18,3.00,12.00,64.00,2.00,128.00,41.17,0.28,0.28,1.00,
ZZZZ,T0015,01:18:45,29-Sep-2019,,
CPU_ALL,T0015,1.99,2.53,0.00,95.47,12.00,
CPU011,T0015,0.00,1.93,0.00,98.07,
CPU010,T0015,0.00,1.88,0.00,98.12,
CPU09,T0015,0.00,2.15,0.00,97.85,
CPU08,T0015,0.00,47.26,0.00,52.74,
CPU07,T0015,0.00,1.90,0.00,98.10,
CPU06,T0015,0.00,2.04,0.00,97.96,
CPU05,T0015,0.00,2.10,0.00,97.90,
CPU04,T0015,0.00,44.14,0.00,55.86,
CPU03,T0015,0.26,0.89,0.00,98.85,
CPU02,T0015,2.20,1.67,0.00,96.13,
CPU01,T0015,7.23,7.66,0.02,85.09,
CPU00,T0015,42.29,54.19,0.01,3.51,
DISKBUSY,T0015,0.00,0.00,0.00,
DISKREAD,T0015,14.03,14.11,0.00,
DISKWRITE,T0015,6.48,68.69,0.00,
DISKXFER,T0015,0.83,7.74,0.00,
DISKSERV,T0015,0.00,0.00,0.00,
DISKWAIT,T0015,0.00,0.00,0.00,
MEMREAL,T0015,9437184.00,11040.80,15.46,48.74,51.14,48.08,
MEMVIRT,T0015,2097152.00,99.39,0.61,1.09,2.54,0.00,0.00,2.61,2250.42,0.00,
PROC,T0015,11.08,0.00,4952.56,12631.73,482.17,345.78,12.17,11.48,31.20,1.80,123.40,
LAN,T0015,110.08,0.00,0.13,8.64,0.33,0.38,42.54,0.05,0.71,37.04,3.70,5.39,0.00,0.00,0.00,
IP,T0015,9.35,3.59,5.39,37.04,9.35,0.05,0.71,42.54,1.75,0.25,0.30,8.13,1.75,0.01,0.13,110.08,
TCPUDP,T0015,41.44,39.75,10.58,7.75,
FILE,T0015,1.12,2958.13,0.00,633439.25,23783.83,
JFSFILE,T0015,15.21,71.03,77.01,73.98,3.90,44.43,
JFSINODE,T0015,3.03,9.39,19.58,4.35,0.02,2.26,
LPAR,T0015,0.16,3.00,12.00,64.00,2.00,128.00,42.17,0.25,0.25,1.00,
ZZZZ,T0016,01:23:45,29-Sep-2019,,
CPU_ALL,T0016,2.21,2.53,0.00,95.26,12.00,
CPU011,T0016,0.00,1.71,0.00,98.29,
CPU010,T0016,0.00,1.68,0.00,98.32,
CPU09,T0016,0.00,1.99,0.00,98.01,
CPU08,T0016,0.00,45.78,0.00,54.22,
CPU07,T0016,0.00,1.99,0.00,98.01,
CPU06,T0016,0.00,2.07,0.00,97.93,
CPU05,T0016,0.00,2.28,0.00,97.72,
CPU04,T0016,0.00,42.42,0.00,57.58,
CPU03,T0016,0.74,1.25,0.00,98.00,
CPU02,T0016,1.59,1.83,0.00,96.58,
CPU01,T0016,6.03,8.33,0.01,85.62,
CPU00,T0016,45.22,51.53,0.01,3.24,
DISKBUSY,T0016,0.00,0.00,0.00,
DISKREAD,T0016,7.02,7.04,0.00,
DISKWRITE,T0016,6.75,74.70,0.00,
DISKXFER,T0016,0.83,8.08,0.00,
DISKSERV,T0016,0.00,0.00,0.00,
DISKWAIT,T0016,0.00,0.00,0.00,
MEMREAL,T0016,9437184.00,11701.20,15.46,48.73,51.14,48.08,
MEMVIRT,T0016,2097152.00,99.39,0.61,0.33,3.10,0.00,0.00,3.11,2206.32,0.00,
PROC,T0016,12.75,0.00,4910.04,13104.71,491.89,487.27,12.14,11.45,37.60,1.80,123.00,
LAN,T0016,110.53,0.01,0.15,9.37,0.35,0.26,44.82,0.08,0.86,39.52,4.05,3.21,0.00,0.00,0.00,
IP,T0016,9.98,3.93,3.21,39.52,9.98,0.08,0.86,44.82,2.04,0.27,0.22,8.83,2.04,0.01,0.15,110.53,
TCPUDP,T0016,44.74,43.13,10.20,7.60,
FILE,T0016,1.11,2968.50,0.00,597908.81,26680.09,
JFSFILE,T0016,15.21,71.03,77.01,73.98,3.90,44.44,
JFSINODE,T0016,3.03,9.39,19.58,4.35,0.02,2.26,
LPAR,T0016,0.17,3.00,12.00,64.00,2.00,128.00,43.78,0.26,0.26,1.00,
ZZZZ,T0017,01:28:45,29-Sep-2019,,
CPU_ALL,T0017,2.53,2.58,0.00,94.88,12.00,
CPU011,T0017,0.00,1.99,0.00,98.01,
CPU010,T0017,0.00,1.97,0.00,98.03,
CPU09,T0017,0.00,2.11,0.00,97.89,
CPU08,T0017,0.00,46.13,0.00,53.87,
CPU07,T0017,0.00,1.98,0.00,98.02,
CPU06,T0017,0.00,2.04,0.00,97.96,
CPU05,T0017,0.00,2.36,0.00,97.64,
CPU04,T0017,0.00,41.80,0.00,58.20,
CPU03,T0017,0.81,0.86,0.00,98.34,
CPU02,T0017,1.02,1.22,0.00,97.76,
CPU01,T0017,8.82,11.97,0.01,79.20,
CPU00,T0017,48.47,48.30,0.01,3.23,
DISKBUSY,T0017,0.00,0.00,0.00,
DISKREAD,T0017,14.03,15.26,0.00,
DISKWRITE,T0017,7.01,57.07,0.00,
DISKXFER,T0017,0.90,6.58,0.00,
DISKSERV,T0017,0.00,0.00,0.00,
DISKWAIT,T0017,0.00,0.00,0.00,
MEMREAL,T0017,9437184.00,10792.60,15.46,48.74,51.14,48.08,
MEMVIRT,T0017,2097152.00,99.40,0.60,0.17,2.03,0.00,0.00,2.15,2270.51,0.00,
PROC,T0017,9.17,0.00,4853.91,14522.89,530.81,149.73,12.15,11.47,36.80,2.00,123.20,
LAN,T0017,110.35,0.00,0.14,9.15,0.36,0.21,44.09,0.05,0.75,38.93,3.87,2.34,0.00,0.00,0.00,
IP,T0017,9.99,3.75,2.34,38.93,9.99,0.05,0.75,44.09,1.98,0.28,0.17,8.62,1.98,0.00,0.14,110.35,
TCPUDP,T0017,43.90,42.58,10.33,7.84,
FILE,T0017,1.04,3288.37,0.00,817439.38,20897.70,
JFSFILE,T0017,15.21,71.03,77.01,73.99,3.90,44.44,
JFSINODE,T0017,3.03,9.39,19.58,4.35,0.02,2.26,
LPAR,T0017,0.18,3.00,12.00,64.00,2.00,128.00,43.82,0.28,0.28,1.00,
ZZZZ,T0018,01:33:45,29-Sep-2019,,
CPU_ALL,T0018,2.70,2.77,0.00,94.53,12.00,
CPU011,T0018,0.00,1.64,0.00,98.36,
CPU010,T0018,0.00,1.63,0.00,98.37,
CPU09,T0018,0.00,1.85,0.00,98.15,
CPU08,T0018,11.03,44.86,0.00,44.10,
CPU07,T0018,0.00,1.90,0.00,98.10,
CPU06,T0018,0.00,1.84,0.00,98.16,
CPU05,T0018,1.30,2.44,0.00,96.26,
CPU04,T0018,9.22,43.39,0.02,47.36,
CPU03,T0018,0.71,0.69,0.00,98.60,
CPU02,T0018,0.59,1.07,0.00,98.34,
CPU01,T0018,7.86,12.22,0.02,79.90,
CPU00,T0018,48.58,48.25,0.01,3.17,
DISKBUSY,T0018,0.00,0.00,0.00,
DISKREAD,T0018,21.05,40.81,0.00,
DISKWRITE,T0018,7.33,73.12,0.00,
DISKXFER,T0018,0.93,7.18,0.00,
DISKSERV,T0018,0.00,0.00,0.00,
DISKWAIT,T0018,0.00,0.00,0.00,
MEMREAL,T0018,9437184.00,17411.40,15.46,48.73,51.08,48.03,
MEMVIRT,T0018,2097152.00,99.40,0.60,0.72,3.49,0.00,0.00,4.20,2874.56,25.34,
PROC,T0018,8.73,0.00,5042.65,15401.46,587.80,212.44,16.60,14.51,39.60,2.00,123.00,
LAN,T0018,110.21,0.01,0.13,9.42,0.36,0.28,44.68,0.07,0.63,39.35,4.16,3.78,0.00,0.00,0.00,
IP,T0018,10.03,4.04,3.78,39.35,10.03,0.07,0.63,44.68,1.95,0.28,0.23,8.88,1.95,0.01,0.13,110.21,
TCPUDP,T0018,44.83,43.09,10.06,7.68,
FILE,T0018,1.00,3272.16,0.00,913406.44,43492.54,
JFSFILE,T0018,15.21,71.03,77.01,73.99,3.90,44.45,
JFSINODE,T0018,3.03,9.39,19.58,4.35,0.02,2.26,
LPAR,T0018,0.19,3.00,12.00,64.00,2.00,128.00,44.25,0.30,0.30,1.00,
ZZZZ,T0019,01:38:45,29-Sep-2019,,
CPU_ALL,T0019,2.69,2.66,0.00,94.65,12.00,
CPU011,T0019,0.00,1.76,0.00,98.24,
CPU010,T0019,0.00,1.68,0.00,98.32,
CPU09,T0019,0.00,1.93,0.00,98.07,
CPU08,T0019,4.41,47.73,0.00,47.86,
CPU07,T0019,0.00,2.02,0.00,97.98,
CPU06,T0019,0.00,2.01,0.00,97.99,
CPU05,T0019,0.00,2.32,0.00,97.68,
CPU04,T0019,9.03,39.88,0.00,51.08,
CPU03,T0019,0.82,1.00,0.00,98.18,
CPU02,T0019,1.09,0.88,0.00,98.04,
CPU01,T0019,11.07,10.06,0.00,78.87,
CPU00,T0019,48.43,48.08,0.01,3.49,
DISKBUSY,T0019,0.00,0.00,0.00,
DISKREAD,T0019,14.03,14.11,0.00,
DISKWRITE,T0019,8.16,64.91,0.00,
DISKXFER,T0019,0.94,7.07,0.00,
DISKSERV,T0019,0.00,0.00,0.00,
DISKWAIT,T0019,0.00,0.00,0.00,
MEMREAL,T0019,9437184.00,17948.20,15.46,48.74,51.07,48.01,
MEMVIRT,T0019,2097152.00,99.40,0.60,0.66,2.22,0.00,0.00,2.28,2314.88,0.00,
PROC,T0019,10.62,0.00,5197.67,15465.80,557.97,125.63,12.17,11.49,42.00,2.00,123.40,
LAN,T0019,111.05,0.00,0.14,9.74,0.33,0.27,45.51,0.03,0.73,40.32,3.75,3.48,0.00,0.00,0.00,
IP,T0019,10.65,3.63,3.48,40.32,10.65,0.03,0.73,45.51,2.24,0.26,0.22,9.18,2.24,0.00,0.14,111.05,
TCPUDP,T0019,45.98,44.40,10.36,7.73,
FILE,T0019,1.06,3381.06,0.00,922893.88,22744.00,
JFSFILE,T0019,15.21,71.03,77.01,74.00,3.90,44.45,
JFSINODE,T0019,3.03,9.39,19.58,4.35,0.02,2.26,
LPAR,T0019,0.19,3.00,12.00,64.00,2.00,128.00,45.29,0.29,0.29,1.00,
ZZZZ,T0020,01:43:45,29-Sep-2019,,
CPU_ALL,T0020,2.51,2.66,0.00,94.83,12.00,
CPU011,T0020,0.00,1.86,0.00,98.14,
CPU010,T0020,0.00,1.86,0.00,98.14,
CPU09,T0020,0.00,1.99,0.00,98.01,
CPU08,T0020,0.00,45.49,0.00,54.51,
CPU07,T0020,0.00,1.99,0.00,98.01,
CPU06,T0020,0.00,2.05,0.00,97.95,
CPU05,T0020,0.00,2.50,0.00,97.50,
CPU04,T0020,0.00,41.72,0.00,58.28,
CPU03,T0020,0.61,1.34,0.00,98.06,
CPU02,T0020,0.67,2.62,0.00,96.71,
CPU01,T0020,7.59,7.75,0.01,84.65,
CPU00,T0020,47.41,49.33,0.00,3.26,
DISKBUSY,T0020,0.00,0.00,0.00,
DISKREAD,T0020,7.02,7.07,0.00,
DISKWRITE,T0020,8.69,49.24,0.00,
DISKXFER,T0020,0.96,5.45,0.00,
DISKSERV,T0020,0.00,0.00,0.00,
DISKWAIT,T0020,0.00,0.00,0.00,
MEMREAL,T0020,9437184.00,18975.40,15.46,48.73,51.07,48.02,
MEMVIRT,T0020,2097152.00,99.40,0.60,0.33,1.64,0.00,0.00,1.65,2214.99,0.00,
PROC,T0020,7.88,0.00,5198.89,15391.46,547.48,95.51,12.13,11.44,39.60,2.00,122.60,
LAN,T0020,109.90,0.01,0.13,8.93,0.37,0.19,43.52,0.07,0.66,38.80,4.14,2.12,0.00,0.00,0.00,
IP,T0020,9.96,4.03,2.12,38.80,9.96,0.07,0.66,43.52,1.92,0.28,0.16,8.40,1.92,0.01,0.13,109.90,
TCPUDP,T0020,44.00,42.47,9.66,7.68,
FILE,T0020,0.82,3406.50,0.00,829970.44,19831.43,
JFSFILE,T0020,15.21,71.03,77.01,74.00,3.90,44.46,
JFSINODE,T0020,3.03,9.39,19.58,4.35,0.02,2.26,
LPAR,T0020,0.18,3.00,12.00,64.00,2.00,128.00,45.15,0.28,0.28,1.00,
ZZZZ,T0021,01:48:45,29-Sep-2019,,
CPU_ALL,T0021,2.62,2.63,0.00,94.75,12.00,
CPU011,T0021,0.00,2.30,0.00,97.70,
CPU010,T0021,0.00,1.79,0.00,98.21,
CPU09,T0021,0.00,2.18,0.00,97.82,
CPU08,T0021,0.00,45.87,0.00,54.13,
CPU07,T0021,0.00,2.26,0.00,97.74,
CPU06,T0021,0.00,2.08,0.00,97.92,
CPU05,T0021,0.00,2.35,0.00,97.65,
CPU04,T0021,0.00,42.09,0.00,57.91,
CPU03,T0021,1.08,0.95,0.00,97.97,
CPU02,T0021,0.81,1.35,0.00,97.84,
CPU01,T0021,8.62,10.17,0.00,81.20,
CPU00,T0021,48.59,48.07,0.01,3.33,
DISKBUSY,T0021,0.00,0.00,0.00,
DISKREAD,T0021,14.03,14.30,0.00,
DISKWRITE,T0021,8.56,54.63,0.00,
DISKXFER,T0021,0.99,6.08,0.00,
DISKSERV,T0021,0.00,0.00,0.00,
DISKWAIT,T0021,0.00,0.00,0.00,
MEMREAL,T0021,9437184.00,18301.40,15.46,48.74,51.07,48.02,
MEMVIRT,T0021,2097152.00,99.40,0.60,0.06,2.10,0.00,0.00,1.91,2280.09,0.00,
PROC,T0021,7.58,0.00,5193.06,15036.44,529.57,164.76,12.25,11.56,40.20,2.00,123.20,
LAN,T0021,112.19,0.00,0.13,9.95,0.37,0.20,45.85,0.03,0.67,41.28,3.99,2.23,0.00,0.00,0.00,
IP,T0021,10.56,3.88,2.23,41.28,10.56,0.03,0.67,45.85,2.21,0.29,0.17,9.39,2.21,0.00,0.13,112.19,
TCPUDP,T0021,46.53,45.51,10.03,7.97,
FILE,T0021,0.96,3285.53,0.00,797097.06,22665.69,
JFSFILE,T0021,15.21,71.03,77.01,74.00,3.90,44.46,
JFSINODE,T0021,3.03,9.39,19.58,4.35,0.02,2.26,
LPAR,T0021,0.18,3.00,12.00,64.00,2.00,128.00,48.07,0.29,0.29,1.00,
ZZZZ,T0022,01:53:45,29-Sep-2019,,
CPU_ALL,T0022,2.55,2.63,0.00,94.82,12.00,
CPU011,T0022,0.00,1.83,0.00,98.17,
CPU010,T0022,0.00,1.78,0.00,98.22,
CPU09,T0022,0.00,2.30,0.00,97.70,
CPU08,T0022,0.00,45.46,0.00,54.54,
CPU07,T0022,0.00,2.32,0.00,97.68,
CPU06,T0022,0.00,2.09,0.00,97.91,
CPU05,T0022,0.00,2.60,0.00,97.40,
CPU04,T0022,0.00,41.84,0.00,58.16,
CPU03,T0022,0.55,1.25,0.00,98.20,
CPU02,T0022,0.45,1.02,0.00,98.53,
CPU01,T0022,7.18,8.64,0.00,84.17,
CPU00,T0022,48.03,48.74,0.01,3.23,
DISKBUSY,T0022,0.00,0.00,0.00,
DISKREAD,T0022,7.44,7.07,0.00,
DISKWRITE,T0022,9.07,60.33,0.00,
DISKXFER,T0022,0.98,6.56,0.00,
DISKSERV,T0022,0.00,0.00,0.00,
DISKWAIT,T0022,0.00,0.00,0.00,
MEMREAL,T0022,9437184.00,19061.00,15.46,48.73,51.07,48.02,
MEMVIRT,T0022,2097152.00,99.40,0.60,0.06,2.06,0.00,0.00,2.11,2202.34,0.00,
PROC,T0022,8.87,0.00,5213.73,14858.63,525.43,138.20,12.18,11.48,35.20,2.00,123.00,
LAN,T0022,109.66,0.00,0.12,8.78,0.37,0.23,44.09,0.07,0.53,38.88,4.14,2.89,0.00,0.00,0.00,
IP,T0022,10.11,4.02,2.89,38.88,10.11,0.07,0.53,44.09,1.87,0.28,0.19,8.25,1.87,0.01,0.12,109.66,
TCPUDP,T0022,44.43,42.63,9.96,7.77,
FILE,T0022,0.94,3299.41,0.00,753800.62,20537.27,
JFSFILE,T0022,15.21,71.03,77.01,74.01,3.90,44.46,
JFSINODE,T0022,3.03,9.39,19.58,4.35,0.02,2.26,
LPAR,T0022,0.18,3.00,12.00,64.00,2.00,128.00,50.26,0.29,0.29,1.00,
ZZZZ,T0023,01:58:46,29-Sep-2019,,
CPU_ALL,T0023,2.57,2.67,0.00,94.76,12.00,
CPU011,T0023,0.00,2.14,0.00,97.86,
CPU010,T0023,0.00,1.89,0.00,98.11,
CPU09,T0023,0.00,2.09,0.00,97.91,
CPU08,T0023,0.00,46.00,0.00,54.00,
CPU07,T0023,0.00,1.97,0.00,98.03,
CPU06,T0023,0.00,2.04,0.00,97.96,
CPU05,T0023,0.00,2.51,0.00,97.49,
CPU04,T0023,0.00,42.74,0.00,57.26,
CPU03,T0023,0.61,0.59,0.00,98.80,
CPU02,T0023,0.46,0.67,0.00,98.87,
CPU01,T0023,10.30,9.88,0.00,79.82,
CPU00,T0023,47.33,49.25,0.01,3.42,
DISKBUSY,T0023,0.00,0.00,0.00,
DISKREAD,T0023,14.03,14.06,0.00,
DISKWRITE,T0023,9.12,51.23,0.00,
DISKXFER,T0023,0.98,5.77,0.00,
DISKSERV,T0023,0.00,0.00,0.00,
DISKWAIT,T0023,0.00,0.00,0.00,
MEMREAL,T0023,9437184.00,18138.80,15.46,48.73,51.07,48.02,
MEMVIRT,T0023,2097152.00,99.40,0.60,0.00,1.80,0.00,0.00,1.79,2260.60,0.00,
PROC,T0023,10.18,0.20,5216.10,15735.63,560.24,106.08,12.16,11.47,40.20,2.00,123.40,
LAN,T0023,109.83,0.00,0.14,8.77,0.34,0.41,44.22,0.04,0.72,39.31,3.75,6.03,0.00,0.00,0.00,
IP,T0023,10.57,3.63,6.03,39.31,10.57,0.04,0.72,44.21,2.08,0.26,0.33,8.23,2.08,0.00,0.14,109.83,
TCPUDP,T0023,44.95,43.39,10.01,7.65,
FILE,T0023,0.92,3383.39,0.00,936251.44,20419.55,
JFSFILE,T0023,15.21,71.03,77.01,74.01,3.90,44.47,
JFSINODE,T0023,3.03,9.39,19.58,4.35,0.02,2.26,
LPAR,T0023,0.18,3.00,12.00,64.00,2.00,128.00,47.52,0.29,0.29,1.00,
ZZZZ,T0024,02:03:46,29-Sep-2019,,
CPU_ALL,T0024,2.68,2.72,0.00,94.61,12.00,
CPU011,T0024,0.00,1.88,0.00,98.12,
CPU010,T0024,0.00,1.69,0.00,98.31,
CPU09,T0024,0.00,2.06,0.00,97.94,
CPU08,T0024,0.00,49.28,0.00,50.72,
CPU07,T0024,0.00,1.88,0.00,98.12,
CPU06,T0024,0.00,1.90,0.00,98.10,
CPU05,T0024,0.00,1.96,0.00,98.04,
CPU04,T0024,0.00,46.06,0.00,53.94,
CPU03,T0024,0.81,1.20,0.00,97.99,
CPU02,T0024,0.31,0.96,0.00,98.73,
CPU01,T0024,8.93,10.68,0.01,80.39,
CPU00,T0024,48.41,48.16,0.01,3.42,
DISKBUSY,T0024,0.00,0.00,0.00,
DISKREAD,T0024,7.10,11.17,0.00,
DISKWRITE,T0024,9.23,52.54,0.00,
DISKXFER,T0024,1.03,6.13,0.00,
DISKSERV,T0024,0.00,0.00,0.00,
DISKWAIT,T0024,0.00,0.00,0.00,
MEMREAL,T0024,9437184.00,18590.40,15.46,48.73,51.08,48.02,
MEMVIRT,T0024,2097152.00,99.39,0.61,3.85,1.79,0.01,0.00,2.52,2227.25,0.00,
PROC,T0024,10.33,0.00,5265.14,15317.52,543.55,147.77,12.16,11.47,41.60,2.00,123.00,
LAN,T0024,122.17,0.01,0.19,19.51,0.37,0.31,88.46,0.06,0.77,83.96,4.28,4.07,0.00,0.00,0.00,
IP,T0024,10.45,4.16,4.07,83.96,10.45,0.06,0.77,88.46,2.23,0.29,0.26,18.36,2.23,0.01,0.19,122.17,
TCPUDP,T0024,89.21,88.15,9.87,7.85,
FILE,T0024,0.86,3370.13,0.00,751807.81,21667.10,
JFSFILE,T0024,15.22,71.03,77.01,74.01,3.90,44.43,
JFSINODE,T0024,3.03,9.39,19.58,4.35,0.02,2.26,
LPAR,T0024,0.19,3.00,12.00,64.00,2.00,128.00,43.52,0.30,0.30,1.00,
ZZZZ,T0025,02:08:46,29-Sep-2019,,
CPU_ALL,T0025,2.77,2.61,0.00,94.62,12.00,
CPU011,T0025,0.00,1.79,0.00,98.21,
CPU010,T0025,0.00,1.74,0.00,98.26,
CPU09,T0025,0.00,2.08,0.00,97.92,
CPU08,T0025,2.89,47.52,0.00,49.59,
CPU07,T0025,0.00,1.85,0.00,98.15,
CPU06,T0025,0.00,1.93,0.00,98.07,
CPU05,T0025,0.00,2.18,0.00,97.82,
CPU04,T0025,4.37,44.66,0.00,50.97,
CPU03,T0025,2.02,1.30,0.00,96.67,
CPU02,T0025,0.72,0.96,0.09,98.23,
CPU01,T0025,9.42,9.07,0.02,81.49,
CPU00,T0025,49.77,46.93,0.01,3.29,
DISKBUSY,T0025,0.00,0.00,0.00,
DISKREAD,T0025,14.03,14.03,0.00,
DISKWRITE,T0025,8.53,65.01,0.00,
DISKXFER,T0025,0.98,7.05,0.00,
DISKSERV,T0025,0.00,0.00,0.00,
DISKWAIT,T0025,0.00,0.00,0.00,
MEMREAL,T0025,9437184.00,17566.00,15.46,48.73,51.08,48.03,
MEMVIRT,T0025,2097152.00,99.39,0.61,0.33,2.41,0.00,0.00,2.31,2306.77,0.00,
PROC,T0025,7.12,0.00,5205.09,14596.11,522.32,207.81,12.16,11.49,36.40,2.00,122.60,
LAN,T0025,110.68,0.00,0.13,9.58,0.35,0.28,44.60,0.03,0.70,39.15,3.83,3.68,0.00,0.00,0.00,
IP,T0025,10.25,3.71,3.68,39.15,10.25,0.03,0.70,44.60,1.95,0.27,0.23,9.05,1.95,0.00,0.13,110.68,
TCPUDP,T0025,44.51,43.05,10.30,7.73,
FILE,T0025,1.06,3174.39,0.00,779715.19,22431.96,
JFSFILE,T0025,15.22,71.03,77.01,74.02,3.90,44.43,
JFSINODE,T0025,3.03,9.39,19.58,4.35,0.02,2.26,
LPAR,T0025,0.19,3.00,12.00,64.00,2.00,128.00,45.53,0.30,0.30,1.00,
ZZZZ,T0026,02:13:46,29-Sep-2019,,
CPU_ALL,T0026,2.63,2.61,0.00,94.76,12.00,
CPU011,T0026,0.00,1.69,0.00,98.31,
CPU010,T0026,0.00,1.69,0.00,98.31,
CPU09,T0026,0.00,1.80,0.00,98.20,
CPU08,T0026,0.00,47.22,0.00,52.78,
CPU07,T0026,0.00,1.80,0.00,98.20,
CPU06,T0026,0.00,1.82,0.00,98.18,
CPU05,T0026,0.00,2.09,0.00,97.91,
CPU04,T0026,0.00,43.73,0.00,56.27,
CPU03,T0026,1.71,1.42,0.00,96.87,
CPU02,T0026,0.61,0.87,0.00,98.51,
CPU01,T0026,6.28,10.14,0.00,83.57,
CPU00,T0026,49.14,47.61,0.01,3.25,
DISKBUSY,T0026,0.00,0.00,0.00,
DISKREAD,T0026,7.04,10.48,0.00,
DISKWRITE,T0026,11.84,53.42,0.00,
DISKXFER,T0026,1.28,6.28,0.00,
DISKSERV,T0026,0.00,0.00,0.00,
DISKWAIT,T0026,0.00,0.00,0.00,
MEMREAL,T0026,9437184.00,18068.80,15.46,48.73,51.08,48.03,
MEMVIRT,T0026,2097152.00,99.40,0.60,0.70,2.18,0.00,0.00,2.85,2221.03,0.00,
PROC,T0026,11.42,0.00,5207.20,14805.63,526.56,151.19,12.18,11.47,43.80,2.00,123.00,
LAN,T0026,115.90,0.01,0.14,12.88,0.35,0.19,59.67,0.07,0.73,54.60,4.03,2.10,0.00,0.00,0.00,
IP,T0026,10.25,3.92,2.10,54.60,10.25,0.07,0.73,59.67,2.08,0.26,0.16,12.13,2.07,0.00,0.14,115.90,
TCPUDP,T0026,59.47,58.46,10.16,7.62,
FILE,T0026,1.01,3279.55,0.00,748982.00,24680.96,
JFSFILE,T0026,15.22,71.03,77.01,74.01,3.90,44.44,
JFSINODE,T0026,3.03,9.39,19.58,4.35,0.02,2.26,
LPAR,T0026,0.18,3.00,12.00,64.00,2.00,128.00,49.89,0.29,0.29,1.00,
ZZZZ,T0027,02:18:46,29-Sep-2019,,
CPU_ALL,T0027,2.62,2.59,0.00,94.79,12.00,
CPU011,T0027,0.00,1.76,0.00,98.24,
CPU010,T0027,0.00,1.77,0.00,98.23,
CPU09,T0027,0.00,1.96,0.00,98.04,
CPU08,T0027,0.00,47.06,0.00,52.94,
CPU07,T0027,0.00,1.96,0.00,98.04,
CPU06,T0027,0.00,2.01,0.00,97.99,
CPU05,T0027,0.00,2.07,0.00,97.93,
CPU04,T0027,0.00,43.64,0.00,56.36,
CPU03,T0027,1.00,1.32,0.00,97.68,
CPU02,T0027,0.64,1.27,0.00,98.09,
CPU01,T0027,8.53,10.40,0.01,81.06,
CPU00,T0027,49.20,47.57,0.01,3.22,
DISKBUSY,T0027,0.00,0.00,0.00,
DISKREAD,T0027,7.02,7.12,0.00,
DISKWRITE,T0027,8.19,55.38,0.00,
DISKXFER,T0027,0.94,6.11,0.00,
DISKSERV,T0027,0.00,0.00,0.00,
DISKWAIT,T0027,0.00,0.00,0.00,
MEMREAL,T0027,9437184.00,17145.40,15.46,48.73,51.08,48.03,
MEMVIRT,T0027,2097152.00,99.40,0.60,0.01,1.90,0.00,0.00,1.89,2252.51,0.00,
PROC,T0027,10.49,0.00,5066.84,14708.94,525.36,183.39,12.15,11.45,39.20,2.00,123.20,
LAN,T0027,111.35,0.00,0.14,10.43,0.34,0.35,50.04,0.03,0.75,45.14,3.74,4.82,0.00,0.00,0.00,
IP,T0027,9.94,3.63,4.82,45.14,9.94,0.03,0.75,50.04,1.94,0.26,0.28,9.81,1.94,0.00,0.14,111.35,
TCPUDP,T0027,49.64,48.64,9.91,7.65,
FILE,T0027,0.92,3205.98,0.00,776304.12,20337.13,
JFSFILE,T0027,15.22,71.03,77.01,74.02,3.90,44.44,
JFSINODE,T0027,3.03,9.39,19.58,4.35,0.02,2.26,
LPAR,T0027,0.18,3.00,12.00,64.00,2.00,128.00,43.38,0.29,0.29,1.00,
ZZZZ,T0028,02:23:46,29-Sep-2019,,
CPU_ALL,T0028,3.19,3.10,0.02,93.69,12.00,
CPU011,T0028,0.00,0.41,0.00,99.59,
CPU010,T0028,0.00,0.42,0.00,99.58,
CPU09,T0028,0.00,0.48,0.00,99.52,
CPU08,T0028,0.00,57.47,0.00,42.53,
CPU07,T0028,0.00,0.44,0.00,99.56,
CPU06,T0028,0.00,0.47,0.00,99.53,
CPU05,T0028,0.00,0.54,0.00,99.46,
CPU04,T0028,0.00,57.00,0.00,43.00,
CPU03,T0028,0.94,2.44,0.00,96.62,
CPU02,T0028,0.92,2.27,0.00,96.81,
CPU01,T0028,7.35,11.07,0.03,81.55,
CPU00,T0028,49.93,45.14,0.02,4.91,
DISKBUSY,T0028,0.00,0.00,0.00,
DISKREAD,T0028,7.02,7.07,0.00,
DISKWRITE,T0028,38.88,56.95,0.00,
DISKXFER,T0028,4.39,6.23,0.00,
DISKSERV,T0028,0.00,0.00,0.00,
DISKWAIT,T0028,0.00,0.00,0.00,
MEMREAL,T0028,9437184.00,18661.20,15.46,48.72,51.09,48.03,
MEMVIRT,T0028,2097152.00,99.40,0.60,0.01,5.29,0.00,0.00,5.18,2217.81,0.00,
PROC,T0028,7.94,0.20,6097.28,16166.05,549.80,130.38,12.14,11.44,39.40,2.80,122.40,
LAN,T0028,255.47,0.00,0.12,148.35,0.34,0.21,664.56,0.05,0.60,655.24,4.01,2.56,0.00,0.00,0.00,
IP,T0028,10.06,3.89,2.56,655.24,10.06,0.05,0.60,664.56,2.08,0.26,0.18,139.39,2.08,0.00,0.12,255.47,
TCPUDP,T0028,663.94,658.93,10.57,7.64,
FILE,T0028,1.22,3344.79,0.00,817334.06,22568.01,
JFSFILE,T0028,15.22,71.03,77.01,74.02,3.90,44.44,
JFSINODE,T0028,3.03,9.39,19.58,4.35,0.02,2.26,
LPAR,T0028,0.23,3.00,12.00,64.00,2.00,128.00,44.94,0.36,0.36,1.00,
ZZZZ,T0029,02:28:46,29-Sep-2019,,
CPU_ALL,T0029,3.06,3.02,0.01,93.91,12.00,
CPU011,T0029,0.00,0.64,0.00,99.36,
CPU010,T0029,0.00,0.62,0.00,99.38,
CPU09,T0029,0.00,0.67,0.00,99.33,
CPU08,T0029,0.00,55.24,0.00,44.76,
CPU07,T0029,0.00,0.63,0.00,99.37,
CPU06,T0029,0.00,0.67,0.00,99.33,
CPU05,T0029,0.00,0.82,0.00,99.18,
CPU04,T0029,0.00,54.44,0.00,45.56,
CPU03,T0029,0.90,2.13,0.00,96.98,
CPU02,T0029,0.98,2.12,0.07,96.83,
CPU01,T0029,8.52,10.81,0.02,80.65,
CPU00,T0029,49.14,46.26,0.02,4.58,
DISKBUSY,T0029,0.00,0.00,0.00,
DISKREAD,T0029,7.02,7.04,0.00,
