CPU_ALL,CPU Total ,User%,Sys%,Wait%,Idle%,CPUs,
CPU011,CPU Total ,User%,Sys%,Wait%,Idle%,
CPU010,CPU Total ,User%,Sys%,Wait%,Idle%,
CPU09,CPU Total ,User%,Sys%,Wait%,Idle%,
CPU08,CPU Total ,User%,Sys%,Wait%,Idle%,
CPU07,CPU Total ,User%,Sys%,Wait%,Idle%,
CPU06,CPU Total ,User%,Sys%,Wait%,Idle%,
CPU05,CPU Total ,User%,Sys%,Wait%,Idle%,
CPU04,CPU Total ,User%,Sys%,Wait%,Idle%,
CPU03,CPU Total ,User%,Sys%,Wait%,Idle%,
CPU02,CPU Total ,User%,Sys%,Wait%,Idle%,
CPU01,CPU Total ,User%,Sys%,Wait%,Idle%,
CPU00,CPU Total ,User%,Sys%,Wait%,Idle%,
DISKBUSY,Disk %Busy ,hdisk1,hdisk99,hdisk0,
DISKREAD,Disk Read 512 bytes per sec ,hdisk1,hdisk99,hdisk0,
DISKWRITE,Disk Write 512 bytes per sec ,hdisk1,hdisk99,hdisk0,
DISKXFER,Disk transfers per second ,hdisk1,hdisk99,hdisk0,
DISKSERV,Disk Avg service time/transfer ,hdisk1,hdisk99,hdisk0,
DISKWAIT,Average wait queue time for read/write transfers,hdisk1,hdisk99,hdisk0,
MEMREAL,Real Memory Statistics,Size 4k pages,free frames 4k,%pinned,%comp,%noncomp,%client,
MEMVIRT,PgSp / Virtual Memory Statistics,PageSpace,%free,%used,pagein,pageout,pgspgin,pgspgout,sio,totfaults,steal,
PROC,Processes ,Runnable,Swap-in,pswitch,syscall,read,write,fork,exec,loadavg,utilavg,numprocs,
LAN,LAN Interfaces Statistics,ent0/kbytesout,ent2/kbytesout,ent1/kbytesout,ent0/kbytesin,ent2/kbytesin,ent1/kbytesin,ent0/framesout,ent2/framesout,ent1/framesout,ent0/framesin,ent2/framesin,ent1/framesin,ent0/recvdrops,ent2/recvdrops,ent1/recvdrops,
IP,IP Statistics for network interface,lo0/ipacket,en2/ipacket,en1/ipacket,en0/ipacket,lo0/opacket,en2/opacket,en1/opacket,en0/opacket,lo0/ioctet_kb,en2/ioctet_kb,en1/ioctet_kb,en0/ioctet_kb,lo0/ooctet_kb,en2/ooctet_kb,en1/ooctet_kb,en0/ooctet_kb,
TCPUDP,IP Protocol statistics,TCPSendTot,TCPRcvTot,UDPSnddgrm,UDPRcvdgrm,
FILE,File I/O ,iget,namei,dirblk,readch,writech,
JFSFILE,JFS Filespace %Used,/,/home,/usr,/var,/tmp,/opt,
JFSINODE,JFS Inode %Used,/,/home,/usr,/var,/tmp,opt,
LPAR,LPAR Stats,PhysicalCPU,VirtualCPUs,LogicalCPUs,poolCPUS,entitled,weight,poolIdle,UsedAllCPU%,UsedPoolCPU%,SharedCPU,
ZZZZ,T0001,00:06:26,16-Sep-2019,,
CPU_ALL,T0001,2.71,2.63,0.00,94.66,12.00,
CPU011,T0001,0.00,1.74,0.00,98.26,
CPU010,T0001,0.00,1.71,0.00,98.29,
CPU09,T0001,0.00,1.91,0.00,98.09,
CPU08,T0001,0.00,47.50,0.00,52.50,
CPU07,T0001,0.00,1.94,0.00,98.06,
CPU06,T0001,0.00,1.91,0.00,98.09,
CPU05,T0001,0.00,2.02,0.00,97.98,
CPU04,T0001,0.00,45.27,0.00,54.73,
CPU03,T0001,0.24,0.60,0.00,99.16,
CPU02,T0001,0.37,1.00,0.00,98.63,
CPU01,T0001,8.56,11.42,0.00,80.02,
CPU00,T0001,49.79,47.06,0.01,3.14,
DISKBUSY,T0001,0.00,0.00,0.00,
DISKREAD,T0001,7.02,7.04,0.00,
DISKWRITE,T0001,9.47,56.71,0.00,
DISKXFER,T0001,1.01,6.20,0.00,
DISKSERV,T0001,0.00,0.00,0.00,
DISKWAIT,T0001,0.00,0.00,0.00,
MEMREAL,T0001,9437184.00,28496.40,15.42,50.54,49.16,46.31,
MEMVIRT,T0001,2097152.00,99.38,0.62,0.33,2.18,0.00,0.01,2.15,2241.60,0.00,
PROC,T0001,8.66,0.00,4848.89,14300.33,530.15,206.01,12.15,11.46,33.40,2.00,127.80,
LAN,T0001,143.36,0.01,0.12,10.16,0.36,0.19,49.89,0.06,0.63,44.71,4.14,2.19,0.00,0.00,0.00,
IP,T0001,10.28,4.03,2.19,44.71,10.28,0.06,0.63,49.89,2.19,0.27,0.16,9.55,2.19,0.00,0.12,143.36,
TCPUDP,T0001,49.71,48.68,10.23,7.68,
FILE,T0001,1.03,3347.22,0.00,726969.94,25692.36,
JFSFILE,T0001,15.19,70.53,77.01,73.77,3.89,44.24,
JFSINODE,T0001,3.03,9.12,19.58,4.32,0.03,2.25,
LPAR,T0001,0.19,3.00,12.00,64.00,2.00,128.00,51.62,0.29,0.29,1.00,
ZZZZ,T0002,00:11:26,16-Sep-2019,,
CPU_ALL,T0002,3.80,2.88,0.00,93.32,12.00,
CPU011,T0002,0.00,1.71,0.00,98.29,
CPU010,T0002,0.00,1.69,0.00,98.31,
CPU09,T0002,0.12,2.30,0.00,97.58,
CPU08,T0002,11.90,42.63,0.00,45.47,
CPU07,T0002,0.00,1.95,0.00,98.05,
CPU06,T0002,0.00,1.96,0.00,98.04,
CPU05,T0002,3.56,2.66,0.00,93.78,
CPU04,T0002,15.18,38.79,0.00,46.03,
CPU03,T0002,1.85,1.49,0.00,96.66,
CPU02,T0002,0.82,1.38,0.00,97.79,
CPU01,T0002,10.20,9.33,0.00,80.47,
CPU00,T0002,51.80,44.86,0.01,3.33,
DISKBUSY,T0002,0.00,0.20,0.00,
DISKREAD,T0002,14.03,3506.45,0.00,
DISKWRITE,T0002,6.67,58.66,0.00,
DISKXFER,T0002,0.83,12.98,0.00,
DISKSERV,T0002,0.00,0.00,0.00,
DISKWAIT,T0002,0.00,0.00,0.00,
MEMREAL,T0002,9437184.00,24858.40,15.42,50.53,49.21,46.36,
MEMVIRT,T0002,2097152.00,99.38,0.62,438.29,1.99,0.00,0.00,438.66,2252.22,367.52,
PROC,T0002,9.75,0.20,5169.97,15573.57,764.40,513.93,12.20,11.51,41.60,2.80,127.40,
LAN,T0002,1908.54,0.01,0.14,28.23,0.34,0.21,106.28,0.07,0.73,301.89,4.07,2.29,0.00,0.00,0.00,
IP,T0002,9.59,3.95,2.29,301.89,9.59,0.07,0.73,106.28,1.84,0.26,0.17,24.11,1.84,0.01,0.14,1908.54,
TCPUDP,T0002,105.59,304.87,10.21,7.72,
FILE,T0002,0.97,3374.64,0.00,4344482.00,3623158.00,
JFSFILE,T0002,15.19,70.53,77.01,73.77,3.89,44.25,
JFSINODE,T0002,3.03,9.12,19.58,4.32,0.03,2.25,
LPAR,T0002,0.23,3.00,12.00,64.00,2.00,128.00,55.38,0.37,0.37,1.00,
ZZZZ,T0003,00:16:26,16-Sep-2019,,
CPU_ALL,T0003,18.81,5.07,0.00,76.11,12.00,
CPU011,T0003,0.00,0.58,0.00,99.42,
CPU010,T0003,0.00,0.53,0.00,99.47,
CPU09,T0003,0.00,0.57,0.00,99.43,
CPU08,T0003,0.00,51.88,0.00,48.12,
CPU07,T0003,0.16,1.91,0.00,97.93,
CPU06,T0003,0.06,1.97,0.00,97.98,
CPU05,T0003,7.80,3.80,0.01,88.39,
CPU04,T0003,66.23,20.53,0.00,13.24,
CPU03,T0003,0.38,1.85,0.00,97.78,
CPU02,T0003,0.27,2.02,0.00,97.71,
CPU01,T0003,13.00,7.83,0.00,79.16,
CPU00,T0003,68.08,28.35,0.00,3.56,
DISKBUSY,T0003,0.00,0.60,0.00,
DISKREAD,T0003,7.02,4479.29,0.00,
DISKWRITE,T0003,8.56,53.88,0.00,
DISKXFER,T0003,0.95,194.90,0.00,
DISKSERV,T0003,0.00,0.00,0.00,
DISKWAIT,T0003,0.00,0.00,0.00,
MEMREAL,T0003,9437184.00,9313.20,15.42,50.55,49.35,46.73,
MEMVIRT,T0003,2097152.00,99.38,0.62,560.77,1.66,0.00,0.00,560.82,2257.00,570.41,
PROC,T0003,7.33,0.20,8464.27,30369.92,3970.66,4693.45,12.15,11.45,61.80,8.20,128.60,
LAN,T0003,25700.86,0.00,0.12,260.70,0.34,0.75,855.72,0.05,0.61,3775.01,3.88,12.15,0.00,0.00,0.00,
IP,T0003,10.57,3.76,12.15,3775.01,10.57,0.05,0.61,855.71,2.24,0.26,0.59,209.08,2.24,0.01,0.12,11721.17,
TCPUDP,T0003,856.51,3779.46,9.78,7.39,
FILE,T0003,0.89,3592.79,0.00,10061807.00,9253281.00,
JFSFILE,T0003,15.19,70.53,77.01,73.77,3.89,44.25,
JFSINODE,T0003,3.03,9.12,19.58,4.31,0.03,2.26,
LPAR,T0003,0.84,3.00,12.00,64.00,2.00,128.00,54.30,1.31,1.31,1.00,
ZZZZ,T0004,00:21:26,16-Sep-2019,,
CPU_ALL,T0004,4.70,12.92,1.30,81.08,12.00,
CPU011,T0004,1.11,8.74,0.90,89.25,
CPU010,T0004,0.97,10.42,2.46,86.15,
CPU09,T0004,6.20,28.99,2.85,61.96,
CPU08,T0004,9.05,59.84,1.18,29.93,
CPU07,T0004,3.22,17.07,1.50,78.21,
CPU06,T0004,3.20,17.57,1.42,77.80,
CPU05,T0004,9.27,35.93,2.75,52.06,
CPU04,T0004,12.29,58.92,1.31,27.48,
CPU03,T0004,4.26,17.79,1.11,76.84,
CPU02,T0004,4.61,17.78,1.13,76.49,
CPU01,T0004,13.63,37.70,2.02,46.65,
CPU00,T0004,36.40,57.77,0.86,4.96,
DISKBUSY,T0004,0.00,0.00,0.00,
DISKREAD,T0004,7.02,7.02,0.00,
DISKWRITE,T0004,8.83,120.99,0.00,
DISKXFER,T0004,0.91,10.23,0.00,
DISKSERV,T0004,0.00,0.00,0.00,
DISKWAIT,T0004,0.00,0.00,0.00,
MEMREAL,T0004,9437184.00,20630.00,15.42,50.53,49.25,46.77,
MEMVIRT,T0004,2097152.00,99.38,0.62,10007.91,3157.77,0.00,0.00,966.56,2512.62,1343.04,
PROC,T0004,9.00,1.39,13129.20,21212.77,787.73,856.40,12.14,11.44,92.40,7.80,127.00,
LAN,T0004,11843.97,0.01,0.12,11703.56,0.42,0.75,2248.88,0.07,0.59,2742.80,4.56,12.12,0.00,0.00,0.00,
IP,T0004,9.74,4.45,12.12,2742.80,9.74,0.07,0.59,2248.80,1.81,0.33,0.59,9287.47,1.81,0.01,0.12,5876.25,
TCPUDP,T0004,2147.61,2746.32,110.98,8.07,
FILE,T0004,1.30,4821.44,0.00,12147358.00,11493774.00,
JFSFILE,T0004,15.19,70.53,77.01,73.77,3.89,44.25,
JFSINODE,T0004,3.03,9.12,19.58,4.32,0.03,2.26,
LPAR,T0004,0.54,3.00,12.00,64.00,2.00,128.00,53.16,0.85,0.85,1.00,
ZZZZ,T0005,00:26:26,16-Sep-2019,,
CPU_ALL,T0005,2.67,2.72,0.00,94.60,12.00,
CPU011,T0005,0.00,1.71,0.00,98.29,
CPU010,T0005,0.00,1.66,0.00,98.34,
CPU09,T0005,0.00,1.89,0.00,98.11,
CPU08,T0005,0.00,47.05,0.00,52.95,
CPU07,T0005,0.00,1.85,0.00,98.15,
CPU06,T0005,0.00,1.93,0.00,98.07,
CPU05,T0005,0.00,2.12,0.00,97.88,
CPU04,T0005,0.00,44.03,0.00,55.97,
CPU03,T0005,1.69,1.33,0.00,96.97,
CPU02,T0005,0.73,1.29,0.00,97.98,
CPU01,T0005,9.96,11.15,0.00,78.89,
CPU00,T0005,48.09,48.48,0.01,3.42,
DISKBUSY,T0005,0.00,0.00,0.00,
DISKREAD,T0005,14.03,14.03,0.00,
DISKWRITE,T0005,9.81,52.18,0.00,
DISKXFER,T0005,1.02,5.84,0.00,
DISKSERV,T0005,0.00,0.00,0.00,
DISKWAIT,T0005,0.00,0.00,0.00,
MEMREAL,T0005,9437184.00,36756.80,15.42,50.54,49.07,46.66,
MEMVIRT,T0005,2097152.00,99.38,0.62,1.41,1.79,0.00,0.00,1.87,2240.98,0.00,
PROC,T0005,9.24,0.00,5186.13,15750.97,564.23,100.36,12.16,11.49,37.20,2.00,127.20,
LAN,T0005,142.40,0.01,0.13,10.71,0.34,0.53,51.87,0.09,0.70,46.90,3.84,8.13,0.00,0.00,0.00,
IP,T0005,11.04,3.73,8.13,46.90,11.04,0.09,0.70,51.87,2.22,0.26,0.42,10.07,2.22,0.01,0.13,142.40,
TCPUDP,T0005,52.89,51.79,9.81,7.40,
FILE,T0005,0.91,3658.87,0.00,864035.94,23746.25,
JFSFILE,T0005,15.19,70.53,77.01,73.77,3.89,44.26,
JFSINODE,T0005,3.03,9.12,19.58,4.32,0.03,2.26,
LPAR,T0005,0.19,3.00,12.00,64.00,2.00,128.00,54.44,0.30,0.30,1.00,
ZZZZ,T0006,00:31:26,16-Sep-2019,,
CPU_ALL,T0006,2.78,2.71,0.00,94.51,12.00,
CPU011,T0006,0.00,1.67,0.00,98.33,
CPU010,T0006,0.00,1.65,0.00,98.35,
CPU09,T0006,0.00,1.74,0.00,98.26,
CPU08,T0006,6.81,46.62,0.00,46.57,
CPU07,T0006,0.00,1.62,0.00,98.38,
CPU06,T0006,0.00,1.68,0.00,98.32,
CPU05,T0006,0.00,1.96,0.00,98.04,
CPU04,T0006,5.89,45.24,0.00,48.86,
CPU03,T0006,2.37,1.75,0.00,95.88,
CPU02,T0006,0.53,2.41,0.00,97.06,
CPU01,T0006,9.81,8.92,0.01,81.26,
CPU00,T0006,48.94,47.67,0.00,3.38,
DISKBUSY,T0006,0.00,0.00,0.00,
DISKREAD,T0006,7.02,7.02,0.00,
DISKWRITE,T0006,8.08,46.70,0.00,
DISKXFER,T0006,0.84,5.19,0.00,
DISKSERV,T0006,0.00,0.00,0.00,
DISKWAIT,T0006,0.00,0.00,0.00,
MEMREAL,T0006,9437184.00,37370.20,15.42,50.53,49.08,46.67,
MEMVIRT,T0006,2097152.00,99.38,0.62,1.31,1.61,0.00,0.01,1.71,2275.53,0.00,
PROC,T0006,9.05,0.00,5175.40,15991.45,569.92,105.08,12.19,11.50,45.20,2.00,126.40,
LAN,T0006,142.20,0.01,0.14,11.13,0.35,0.50,51.31,0.09,0.76,46.67,4.11,7.59,0.00,0.00,0.00,
IP,T0006,10.62,3.99,7.59,46.67,10.62,0.09,0.76,51.31,2.18,0.27,0.40,10.49,2.18,0.01,0.14,142.20,
TCPUDP,T0006,51.75,50.55,9.95,7.81,
FILE,T0006,0.85,3593.97,0.00,932205.81,22622.41,
JFSFILE,T0006,15.19,70.53,77.01,73.77,3.89,44.26,
JFSINODE,T0006,3.03,9.12,19.58,4.32,0.03,2.26,
LPAR,T0006,0.19,3.00,12.00,64.00,2.00,128.00,53.43,0.30,0.30,1.00,
ZZZZ,T0007,00:36:26,16-Sep-2019,,
CPU_ALL,T0007,2.72,2.63,0.01,94.64,12.00,
CPU011,T0007,0.00,1.80,0.00,98.20,
CPU010,T0007,0.00,1.84,0.00,98.16,
CPU09,T0007,0.00,1.97,0.00,98.03,
CPU08,T0007,0.00,47.01,0.00,52.99,
CPU07,T0007,0.00,1.77,0.00,98.23,
CPU06,T0007,0.00,1.85,0.00,98.15,
CPU05,T0007,0.00,1.94,0.00,98.06,
CPU04,T0007,0.00,45.87,0.00,54.13,
CPU03,T0007,0.93,1.29,0.00,97.79,
CPU02,T0007,0.98,2.00,0.02,96.99,
CPU01,T0007,7.82,10.31,0.07,81.80,
CPU00,T0007,49.80,46.89,0.01,3.30,
DISKBUSY,T0007,0.00,0.00,0.00,
DISKREAD,T0007,7.02,7.04,0.00,
DISKWRITE,T0007,10.03,62.40,0.00,
DISKXFER,T0007,1.02,6.54,0.00,
DISKSERV,T0007,0.00,0.00,0.00,
DISKWAIT,T0007,0.00,0.00,0.00,
MEMREAL,T0007,9437184.00,36114.00,15.42,50.54,49.08,46.67,
MEMVIRT,T0007,2097152.00,99.38,0.62,2.83,2.53,0.00,0.00,2.58,2232.52,0.00,
PROC,T0007,9.96,0.00,5185.63,14647.27,522.25,205.15,12.14,11.45,38.00,2.00,127.40,
LAN,T0007,145.46,0.01,0.14,12.11,0.33,0.28,51.06,0.09,0.77,46.55,3.87,3.56,0.00,0.00,0.00,
IP,T0007,10.27,3.76,3.56,46.55,10.27,0.09,0.77,51.06,1.94,0.25,0.23,11.48,1.93,0.01,0.14,145.43,
TCPUDP,T0007,50.66,50.63,10.13,7.45,
FILE,T0007,1.04,3346.67,0.00,716126.44,27022.03,
JFSFILE,T0007,15.19,70.53,77.01,73.78,3.89,44.27,
JFSINODE,T0007,3.03,9.12,19.58,4.32,0.03,2.26,
LPAR,T0007,0.19,3.00,12.00,64.00,2.00,128.00,53.38,0.29,0.29,1.00,
ZZZZ,T0008,00:41:26,16-Sep-2019,,
CPU_ALL,T0008,2.65,2.72,0.00,94.64,12.00,
CPU011,T0008,0.00,1.73,0.00,98.27,
CPU010,T0008,0.00,1.72,0.00,98.28,
CPU09,T0008,0.00,1.99,0.00,98.01,
CPU08,T0008,0.00,47.33,0.00,52.67,
CPU07,T0008,0.00,1.90,0.00,98.10,
CPU06,T0008,0.00,1.98,0.00,98.02,
CPU05,T0008,0.00,2.14,0.00,97.86,
CPU04,T0008,0.00,43.82,0.00,56.18,
CPU03,T0008,0.95,1.44,0.00,97.61,
CPU02,T0008,0.75,1.55,0.00,97.70,
CPU01,T0008,7.69,9.27,0.02,83.03,
CPU00,T0008,48.30,48.63,0.01,3.06,
DISKBUSY,T0008,0.00,0.00,0.00,
DISKREAD,T0008,14.03,14.11,0.00,
DISKWRITE,T0008,8.48,52.54,0.00,
DISKXFER,T0008,0.98,5.85,0.00,
DISKSERV,T0008,0.00,0.00,0.00,
DISKWAIT,T0008,0.00,0.00,0.00,
MEMREAL,T0008,9437184.00,36712.60,15.42,50.53,49.08,46.67,
MEMVIRT,T0008,2097152.00,99.38,0.62,0.01,1.75,0.00,0.00,1.75,2246.86,0.00,
PROC,T0008,9.04,0.00,5139.94,15653.96,550.23,96.61,12.14,11.45,45.00,2.00,127.00,
LAN,T0008,143.85,0.01,0.13,10.06,0.35,0.48,51.56,0.08,0.71,46.88,4.04,7.22,0.00,0.00,0.00,
IP,T0008,10.56,3.92,7.22,46.88,10.56,0.08,0.71,51.55,2.24,0.27,0.38,9.42,2.24,0.01,0.13,143.85,
TCPUDP,T0008,51.98,51.26,9.53,7.50,
FILE,T0008,0.84,3650.41,0.00,842780.00,24215.60,
JFSFILE,T0008,15.19,70.53,77.01,73.78,3.89,44.27,
JFSINODE,T0008,3.03,9.12,19.58,4.32,0.03,2.26,
LPAR,T0008,0.19,3.00,12.00,64.00,2.00,128.00,54.88,0.29,0.29,1.00,
ZZZZ,T0009,00:46:26,16-Sep-2019,,
CPU_ALL,T0009,2.65,2.72,0.01,94.62,12.00,
CPU011,T0009,0.00,1.83,0.00,98.17,
CPU010,T0009,0.00,1.82,0.00,98.18,
CPU09,T0009,0.00,1.91,0.00,98.09,
CPU08,T0009,0.00,47.28,0.00,52.72,
CPU07,T0009,0.00,1.88,0.00,98.12,
CPU06,T0009,0.00,1.98,0.00,98.02,
CPU05,T0009,0.00,2.29,0.00,97.71,
CPU04,T0009,0.00,44.10,0.00,55.90,
CPU03,T0009,0.38,0.63,0.00,98.99,
CPU02,T0009,0.54,1.04,0.09,98.32,
CPU01,T0009,8.71,9.41,0.05,81.84,
CPU00,T0009,48.12,48.87,0.01,3.00,
DISKBUSY,T0009,0.00,0.00,0.00,
DISKREAD,T0009,7.02,7.84,0.00,
DISKWRITE,T0009,9.52,53.13,0.00,
DISKXFER,T0009,1.02,5.82,0.00,
DISKSERV,T0009,0.00,0.00,0.00,
DISKWAIT,T0009,0.00,0.00,0.00,
MEMREAL,T0009,9437184.00,35779.80,15.42,50.54,49.08,46.67,
MEMVIRT,T0009,2097152.00,99.38,0.62,1.51,1.72,0.00,0.00,1.90,2240.52,0.00,
PROC,T0009,9.69,0.20,5067.18,15563.31,561.87,96.91,12.15,11.47,37.40,2.00,127.20,
LAN,T0009,141.43,0.01,0.13,10.11,0.35,0.19,50.50,0.09,0.69,45.43,4.03,2.08,0.00,0.00,0.00,
IP,T0009,9.68,3.91,2.08,45.43,9.68,0.09,0.69,50.50,1.76,0.27,0.16,9.49,1.76,0.01,0.13,141.43,
TCPUDP,T0009,49.73,48.94,9.82,7.56,
FILE,T0009,0.89,3620.96,0.00,872293.31,21125.37,
JFSFILE,T0009,15.19,70.53,77.01,73.78,3.89,44.27,
JFSINODE,T0009,3.03,9.12,19.58,4.32,0.03,2.26,
LPAR,T0009,0.19,3.00,12.00,64.00,2.00,128.00,54.34,0.29,0.29,1.00,
ZZZZ,T0010,00:51:26,16-Sep-2019,,
CPU_ALL,T0010,2.66,2.60,0.00,94.74,12.00,
CPU011,T0010,0.00,1.84,0.00,98.16,
CPU010,T0010,0.00,2.08,0.00,97.92,
CPU09,T0010,0.00,2.00,0.00,98.00,
CPU08,T0010,0.00,46.75,0.00,53.25,
CPU07,T0010,0.00,1.96,0.00,98.04,
CPU06,T0010,0.00,2.04,0.00,97.96,
CPU05,T0010,0.00,2.12,0.00,97.88,
CPU04,T0010,0.00,43.99,0.00,56.01,
CPU03,T0010,0.33,1.32,0.00,98.35,
CPU02,T0010,1.24,0.88,0.00,97.88,
CPU01,T0010,8.37,9.49,0.00,82.14,
CPU00,T0010,49.38,47.57,0.01,3.04,
DISKBUSY,T0010,0.00,0.00,0.00,
DISKREAD,T0010,7.02,7.02,0.00,
DISKWRITE,T0010,6.91,59.00,0.00,
DISKXFER,T0010,0.85,6.43,0.00,
DISKSERV,T0010,0.00,0.00,0.00,
DISKWAIT,T0010,0.00,0.00,0.00,
MEMREAL,T0010,9437184.00,36404.40,15.42,50.53,49.09,46.68,
MEMVIRT,T0010,2097152.00,99.38,0.62,0.68,2.50,0.00,0.00,2.30,2235.61,0.00,
PROC,T0010,8.13,0.20,4860.16,14533.40,524.51,212.46,12.16,11.46,41.20,2.00,126.40,
LAN,T0010,143.75,0.01,0.14,11.60,0.35,0.22,52.43,0.09,0.82,48.12,4.07,2.46,0.00,0.00,0.00,
IP,T0010,10.18,3.95,2.46,48.12,10.18,0.09,0.82,52.43,2.24,0.26,0.18,10.94,2.24,0.01,0.14,143.75,
TCPUDP,T0010,51.99,51.81,9.99,7.62,
FILE,T0010,0.98,3345.47,0.00,712786.38,24923.24,
JFSFILE,T0010,15.19,70.53,77.01,73.79,3.89,44.28,
JFSINODE,T0010,3.03,9.12,19.58,4.32,0.03,2.26,
LPAR,T0010,0.18,3.00,12.00,64.00,2.00,128.00,54.98,0.29,0.29,1.00,
ZZZZ,T0011,00:56:26,16-Sep-2019,,
CPU_ALL,T0011,2.55,2.67,0.00,94.77,12.00,
CPU011,T0011,0.00,1.81,0.00,98.19,
CPU010,T0011,0.00,2.03,0.00,97.97,
CPU09,T0011,0.00,2.29,0.00,97.71,
CPU08,T0011,0.00,46.54,0.00,53.46,
CPU07,T0011,0.00,2.02,0.00,97.98,
CPU06,T0011,0.00,2.50,0.00,97.50,
CPU05,T0011,0.00,2.27,0.00,97.73,
CPU04,T0011,0.00,43.16,0.00,56.84,
CPU03,T0011,0.06,1.00,0.00,98.95,
CPU02,T0011,0.43,1.25,0.00,98.32,
CPU01,T0011,8.09,10.42,0.01,81.49,
CPU00,T0011,47.96,49.00,0.01,3.04,
DISKBUSY,T0011,0.00,0.00,0.00,
DISKREAD,T0011,14.03,14.03,0.00,
DISKWRITE,T0011,6.24,54.75,0.00,
DISKXFER,T0011,0.82,5.87,0.00,
DISKSERV,T0011,0.00,0.00,0.00,
DISKWAIT,T0011,0.00,0.00,0.00,
MEMREAL,T0011,9437184.00,35573.60,15.42,50.54,49.09,46.68,
MEMVIRT,T0011,2097152.00,99.38,0.62,0.65,1.41,0.00,0.00,1.46,2253.16,0.00,
PROC,T0011,9.77,0.00,4843.24,15299.92,561.94,94.58,12.19,11.51,42.00,2.00,127.20,
LAN,T0011,140.42,0.01,0.13,9.48,0.34,0.20,49.26,0.09,0.66,44.21,3.88,2.23,0.00,0.00,0.00,
IP,T0011,9.88,3.76,2.23,44.21,9.88,0.09,0.66,49.26,1.91,0.26,0.17,8.87,1.91,0.01,0.13,140.42,
TCPUDP,T0011,48.72,47.63,10.06,7.73,
FILE,T0011,0.89,3602.19,0.00,893835.81,19818.78,
JFSFILE,T0011,15.19,70.53,77.01,73.79,3.89,44.28,
JFSINODE,T0011,3.03,9.12,19.58,4.32,0.03,2.26,
LPAR,T0011,0.18,3.00,12.00,64.00,2.00,128.00,54.93,0.29,0.29,1.00,
ZZZZ,T0012,01:01:26,16-Sep-2019,,
CPU_ALL,T0012,2.66,2.69,0.00,94.64,12.00,
CPU011,T0012,0.00,1.93,0.00,98.07,
CPU010,T0012,0.00,1.82,0.00,98.18,
CPU09,T0012,0.00,1.79,0.00,98.21,
CPU08,T0012,3.40,48.83,0.01,47.75,
CPU07,T0012,0.00,1.63,0.00,98.37,
CPU06,T0012,0.00,1.67,0.00,98.33,
CPU05,T0012,0.00,1.99,0.00,98.01,
CPU04,T0012,10.78,41.19,0.00,48.04,
CPU03,T0012,0.72,1.20,0.00,98.08,
CPU02,T0012,1.40,1.56,0.00,97.04,
CPU01,T0012,9.31,7.82,0.00,82.88,
CPU00,T0012,48.04,48.99,0.01,2.96,
DISKBUSY,T0012,0.00,0.00,0.00,
DISKREAD,T0012,7.02,7.02,0.00,
DISKWRITE,T0012,6.40,52.29,0.00,
DISKXFER,T0012,0.78,5.74,0.00,
DISKSERV,T0012,0.00,0.00,0.00,
DISKWAIT,T0012,0.00,0.00,0.00,
MEMREAL,T0012,9437184.00,36386.60,15.42,50.53,49.09,46.68,
MEMVIRT,T0012,2097152.00,99.38,0.62,0.65,1.67,0.00,0.00,1.70,2276.35,0.00,
PROC,T0012,7.58,0.00,4848.20,15422.85,548.08,94.49,12.16,11.47,35.40,2.20,127.00,
LAN,T0012,140.44,0.01,0.11,9.66,0.35,0.66,49.23,0.08,0.54,44.39,4.15,10.63,0.00,0.00,0.00,
IP,T0012,9.59,4.03,10.63,44.39,9.59,0.08,0.54,49.23,1.90,0.27,0.52,9.05,1.90,0.01,0.11,140.45,
TCPUDP,T0012,49.00,47.89,9.58,7.45,
FILE,T0012,0.85,3654.11,0.00,863004.69,20863.08,
JFSFILE,T0012,15.20,70.53,77.01,73.79,3.89,44.29,
JFSINODE,T0012,3.03,9.12,19.58,4.32,0.03,2.26,
LPAR,T0012,0.19,3.00,12.00,64.00,2.00,128.00,53.35,0.29,0.29,1.00,
ZZZZ,T0013,01:06:26,16-Sep-2019,,
CPU_ALL,T0013,2.89,2.82,0.02,94.28,12.00,
CPU011,T0013,0.00,1.76,0.00,98.24,
CPU010,T0013,0.00,1.79,0.00,98.21,
CPU09,T0013,0.00,1.95,0.00,98.05,
CPU08,T0013,9.62,47.23,0.05,43.09,
CPU07,T0013,0.00,1.80,0.00,98.20,
CPU06,T0013,0.00,1.89,0.00,98.11,
CPU05,T0013,0.00,1.86,0.00,98.14,
CPU04,T0013,9.99,45.22,0.04,44.75,
CPU03,T0013,0.56,0.78,0.00,98.66,
CPU02,T0013,0.74,1.10,0.00,98.16,
CPU01,T0013,10.94,12.81,0.06,76.18,
CPU00,T0013,49.52,47.31,0.02,3.16,
DISKBUSY,T0013,0.00,0.00,0.00,
DISKREAD,T0013,498.14,753.62,0.00,
DISKWRITE,T0013,6.19,88.84,0.00,
DISKXFER,T0013,3.10,13.38,0.00,
DISKSERV,T0013,0.00,0.00,0.00,
DISKWAIT,T0013,0.00,0.00,0.00,
MEMREAL,T0013,9437184.00,35393.80,15.42,50.54,49.09,46.68,
MEMVIRT,T0013,2097152.00,99.38,0.62,0.40,2.31,0.00,0.00,2.69,3175.38,0.00,
PROC,T0013,8.82,0.00,5019.91,15659.41,632.93,226.70,16.54,15.94,46.40,2.20,127.20,
LAN,T0013,141.70,0.01,0.13,10.22,0.35,0.79,54.63,0.07,0.65,46.14,3.97,12.76,0.00,0.00,0.00,
IP,T0013,11.65,3.85,12.76,46.14,11.65,0.07,0.65,54.63,2.23,0.27,0.62,9.59,2.23,0.01,0.13,141.70,
TCPUDP,T0013,52.52,51.23,13.61,7.89,
FILE,T0013,2.27,3556.83,0.00,1475874.62,27218.79,
JFSFILE,T0013,15.20,70.53,77.01,73.80,3.89,44.29,
JFSINODE,T0013,3.03,9.13,19.58,4.32,0.03,2.26,
LPAR,T0013,0.20,3.00,12.00,64.00,2.00,128.00,52.51,0.31,0.31,1.00,
ZZZZ,T0014,01:11:26,16-Sep-2019,,
CPU_ALL,T0014,2.82,2.64,0.09,94.45,12.00,
CPU011,T0014,0.00,1.68,0.00,98.32,
CPU010,T0014,0.00,1.68,0.00,98.32,
CPU09,T0014,0.00,1.87,0.00,98.13,
CPU08,T0014,0.00,49.70,0.00,50.30,
CPU07,T0014,0.00,1.79,0.00,98.21,
CPU06,T0014,0.00,2.21,0.00,97.79,
CPU05,T0014,0.00,2.03,0.00,97.97,
CPU04,T0014,0.00,46.52,0.00,53.48,
CPU03,T0014,1.19,0.93,0.00,97.88,
CPU02,T0014,1.33,1.35,0.04,97.29,
CPU01,T0014,8.79,10.04,0.18,80.99,
CPU00,T0014,50.42,46.44,0.14,3.00,
DISKBUSY,T0014,0.00,1.00,0.00,
DISKREAD,T0014,14.03,181.35,0.00,
DISKWRITE,T0014,8.59,62.49,0.00,
DISKXFER,T0014,0.99,25.42,0.00,
DISKSERV,T0014,0.00,0.00,0.00,
DISKWAIT,T0014,0.00,0.00,0.00,
MEMREAL,T0014,9437184.00,34715.40,15.42,50.53,49.10,46.69,
MEMVIRT,T0014,2097152.00,99.38,0.62,23.73,2.33,0.00,0.00,23.27,2294.65,0.00,
PROC,T0014,8.76,0.20,5210.35,14670.63,519.92,201.17,12.17,11.48,37.20,2.00,127.00,
LAN,T0014,143.04,0.01,0.13,11.24,0.34,0.44,48.47,0.09,0.64,43.58,4.02,6.57,0.00,0.00,0.00,
IP,T0014,9.52,3.91,6.57,43.58,9.52,0.09,0.64,48.47,1.73,0.26,0.35,10.64,1.73,0.01,0.13,143.04,
TCPUDP,T0014,48.15,46.73,9.79,7.41,
FILE,T0014,0.97,3354.52,0.00,722308.56,24349.46,
JFSFILE,T0014,15.20,70.53,77.01,73.80,3.89,44.30,
JFSINODE,T0014,3.03,9.13,19.58,4.32,0.03,2.26,
LPAR,T0014,0.19,3.00,12.00,64.00,2.00,128.00,52.61,0.30,0.30,1.00,
ZZZZ,T0015,01:16:27,16-Sep-2019,,
CPU_ALL,T0015,2.67,2.73,0.00,94.59,12.00,
CPU011,T0015,0.00,1.84,0.00,98.16,
CPU010,T0015,0.00,1.82,0.00,98.18,
CPU09,T0015,0.00,1.94,0.00,98.06,
CPU08,T0015,0.00,47.64,0.00,52.36,
CPU07,T0015,0.00,1.87,0.00,98.13,
CPU06,T0015,0.00,1.96,0.00,98.04,
CPU05,T0015,0.00,2.23,0.00,97.77,
CPU04,T0015,0.00,45.10,0.00,54.90,
CPU03,T0015,0.54,1.01,0.00,98.45,
CPU02,T0015,0.46,1.75,0.00,97.79,
CPU01,T0015,7.13,8.30,0.00,84.56,
CPU00,T0015,48.47,48.54,0.01,2.98,
DISKBUSY,T0015,0.00,0.00,0.00,
DISKREAD,T0015,7.02,7.02,0.00,
DISKWRITE,T0015,8.45,54.37,0.00,
DISKXFER,T0015,0.94,5.85,0.00,
DISKSERV,T0015,0.00,0.00,0.00,
DISKWAIT,T0015,0.00,0.00,0.00,
MEMREAL,T0015,9437184.00,28734.40,15.42,50.54,49.16,46.75,
MEMVIRT,T0015,2097152.00,99.38,0.62,1.00,1.78,0.00,0.00,1.74,2235.09,0.00,
PROC,T0015,12.40,0.00,5166.08,15777.34,568.69,106.75,12.15,11.45,47.20,2.00,127.40,
LAN,T0015,143.40,0.01,0.13,12.38,0.34,0.34,52.13,0.09,0.66,47.64,3.89,4.68,0.00,0.00,0.00,
IP,T0015,11.06,3.78,4.68,47.64,11.06,0.09,0.66,52.13,2.47,0.26,0.27,11.73,2.47,0.01,0.13,143.40,
TCPUDP,T0015,52.88,52.12,10.25,7.84,
FILE,T0015,0.90,3562.27,0.00,899937.94,23532.51,
JFSFILE,T0015,15.20,70.53,77.01,73.80,3.89,44.30,
JFSINODE,T0015,3.03,9.13,19.58,4.32,0.03,2.26,
LPAR,T0015,0.19,3.00,12.00,64.00,2.00,128.00,52.93,0.30,0.30,1.00,
ZZZZ,T0016,01:21:27,16-Sep-2019,,
CPU_ALL,T0016,2.71,2.64,0.00,94.65,12.00,
CPU011,T0016,0.00,1.91,0.00,98.09,
CPU010,T0016,0.00,1.90,0.00,98.10,
CPU09,T0016,0.00,2.09,0.00,97.91,
CPU08,T0016,0.00,47.75,0.00,52.25,
CPU07,T0016,0.00,1.95,0.00,98.05,
CPU06,T0016,0.00,2.13,0.00,97.87,
CPU05,T0016,0.00,2.16,0.00,97.84,
CPU04,T0016,0.00,45.76,0.00,54.24,
CPU03,T0016,0.55,1.06,0.02,98.37,
CPU02,T0016,0.66,1.28,0.00,98.07,
CPU01,T0016,10.64,9.22,0.00,80.13,
CPU00,T0016,49.16,47.62,0.01,3.21,
DISKBUSY,T0016,0.00,0.00,0.00,
DISKREAD,T0016,7.02,7.02,0.00,
DISKWRITE,T0016,8.72,57.81,0.00,
DISKXFER,T0016,0.97,6.12,0.00,
DISKSERV,T0016,0.00,0.00,0.00,
DISKWAIT,T0016,0.00,0.00,0.00,
MEMREAL,T0016,9437184.00,29901.80,15.42,50.53,49.15,46.74,
MEMVIRT,T0016,2097152.00,99.38,0.62,0.98,2.30,0.00,0.00,2.36,2223.83,0.00,
PROC,T0016,10.06,0.00,5182.30,14683.20,520.70,202.01,12.14,11.43,34.40,2.00,127.20,
LAN,T0016,142.43,0.01,0.14,9.12,0.42,0.37,47.77,0.07,0.74,42.65,4.57,5.30,0.00,0.00,0.00,
IP,T0016,9.59,4.45,5.30,42.65,9.59,0.07,0.74,47.77,1.76,0.33,0.30,8.54,1.76,0.01,0.14,142.43,
TCPUDP,T0016,47.52,46.08,9.82,7.99,
FILE,T0016,0.97,3325.23,0.00,711199.12,23155.32,
JFSFILE,T0016,15.20,70.53,77.01,73.80,3.89,44.30,
JFSINODE,T0016,3.03,9.13,19.58,4.32,0.03,2.26,
LPAR,T0016,0.19,3.00,12.00,64.00,2.00,128.00,51.47,0.29,0.29,1.00,
ZZZZ,T0017,01:26:27,16-Sep-2019,,
CPU_ALL,T0017,2.64,2.74,0.00,94.61,12.00,
CPU011,T0017,0.00,1.76,0.00,98.24,
CPU010,T0017,0.00,1.73,0.00,98.27,
CPU09,T0017,0.00,2.02,0.00,97.98,
CPU08,T0017,0.00,46.87,0.00,53.13,
CPU07,T0017,0.00,1.98,0.00,98.02,
CPU06,T0017,0.00,2.08,0.00,97.92,
CPU05,T0017,0.00,2.25,0.00,97.75,
CPU04,T0017,0.00,43.80,0.00,56.20,
CPU03,T0017,0.88,1.12,0.00,98.00,
CPU02,T0017,1.46,2.06,0.00,96.48,
CPU01,T0017,7.92,7.94,0.00,84.13,
CPU00,T0017,47.69,49.27,0.01,3.04,
DISKBUSY,T0017,0.00,0.00,0.00,
DISKREAD,T0017,14.03,14.03,0.00,
DISKWRITE,T0017,8.19,54.63,0.00,
DISKXFER,T0017,0.94,5.95,0.00,
DISKSERV,T0017,0.00,0.00,0.00,
DISKWAIT,T0017,0.00,0.00,0.00,
MEMREAL,T0017,9437184.00,30263.60,15.42,50.54,49.14,46.73,
MEMVIRT,T0017,2097152.00,99.38,0.62,0.75,1.63,0.00,0.00,1.67,2247.00,0.00,
PROC,T0017,8.03,0.00,5183.79,15749.62,560.51,98.86,12.16,11.49,41.40,2.00,126.80,
LAN,T0017,140.98,0.01,0.14,9.78,0.34,0.42,49.42,0.08,0.74,44.15,3.90,6.16,0.00,0.00,0.00,
IP,T0017,10.44,3.79,6.16,44.15,10.44,0.08,0.74,49.42,2.05,0.26,0.34,9.17,2.05,0.01,0.14,140.99,
TCPUDP,T0017,49.85,48.33,9.97,7.54,
FILE,T0017,0.90,3667.47,0.00,859414.31,21733.71,
JFSFILE,T0017,15.20,70.53,77.01,73.81,3.89,44.31,
JFSINODE,T0017,3.03,9.13,19.58,4.32,0.03,2.26,
LPAR,T0017,0.19,3.00,12.00,64.00,2.00,128.00,54.28,0.30,0.30,1.00,
ZZZZ,T0018,01:31:27,16-Sep-2019,,
CPU_ALL,T0018,2.96,2.95,0.00,94.09,12.00,
CPU011,T0018,0.00,1.34,0.00,98.66,
CPU010,T0018,0.00,1.33,0.00,98.67,
CPU09,T0018,0.00,1.41,0.00,98.59,
CPU08,T0018,19.37,43.87,0.01,36.75,
CPU07,T0018,0.00,1.26,0.00,98.74,
CPU06,T0018,0.00,1.31,0.00,98.69,
CPU05,T0018,0.00,1.60,0.00,98.40,
CPU04,T0018,27.00,37.01,0.01,35.97,
CPU03,T0018,0.64,1.25,0.00,98.11,
CPU02,T0018,2.72,2.07,0.00,95.22,
CPU01,T0018,10.38,11.89,0.02,77.72,
CPU00,T0018,48.43,48.11,0.01,3.45,
DISKBUSY,T0018,0.00,0.00,0.00,
DISKREAD,T0018,21.05,38.87,0.00,
DISKWRITE,T0018,8.40,71.80,0.00,
DISKXFER,T0018,0.99,6.98,0.00,
DISKSERV,T0018,0.00,0.00,0.00,
DISKWAIT,T0018,0.00,0.00,0.00,
MEMREAL,T0018,9437184.00,30975.00,15.42,50.53,49.14,46.73,
MEMVIRT,T0018,2097152.00,99.38,0.62,1.53,3.67,0.00,0.00,4.18,2951.09,0.00,
PROC,T0018,8.94,0.20,5207.04,16700.22,633.68,125.42,16.63,14.54,47.00,2.20,127.00,
LAN,T0018,142.58,0.01,0.13,10.78,0.35,0.29,50.15,0.07,0.72,45.34,4.09,3.89,0.00,0.00,0.00,
IP,T0018,10.39,3.97,3.89,45.34,10.39,0.07,0.72,50.15,2.13,0.27,0.24,10.16,2.13,0.01,0.13,142.57,
TCPUDP,T0018,50.54,49.35,9.96,7.46,
FILE,T0018,1.01,3742.22,0.00,1086996.12,46226.90,
JFSFILE,T0018,15.20,70.53,77.01,73.81,3.89,44.31,
JFSINODE,T0018,3.03,9.13,19.58,4.32,0.03,2.26,
LPAR,T0018,0.21,3.00,12.00,64.00,2.00,128.00,53.82,0.32,0.32,1.00,
ZZZZ,T0019,01:36:27,16-Sep-2019,,
CPU_ALL,T0019,2.63,2.63,0.00,94.73,12.00,
CPU011,T0019,0.00,1.82,0.00,98.18,
CPU010,T0019,0.00,1.84,0.00,98.16,
CPU09,T0019,0.00,2.02,0.00,97.98,
CPU08,T0019,0.00,46.03,0.00,53.97,
CPU07,T0019,0.00,2.05,0.00,97.95,
CPU06,T0019,0.00,2.13,0.00,97.87,
CPU05,T0019,0.00,2.26,0.00,97.74,
CPU04,T0019,0.00,42.64,0.00,57.36,
CPU03,T0019,0.47,1.02,0.00,98.51,
CPU02,T0019,1.50,1.65,0.00,96.85,
CPU01,T0019,7.27,7.48,0.00,85.25,
CPU00,T0019,48.72,48.33,0.01,2.94,
DISKBUSY,T0019,0.00,0.00,0.00,
DISKREAD,T0019,7.02,7.02,0.00,
DISKWRITE,T0019,6.29,63.01,0.00,
DISKXFER,T0019,0.78,6.55,0.00,
DISKSERV,T0019,0.00,0.00,0.00,
DISKWAIT,T0019,0.00,0.00,0.00,
MEMREAL,T0019,9437184.00,30150.20,15.42,50.54,49.14,46.73,
MEMVIRT,T0019,2097152.00,99.38,0.62,0.33,2.10,0.00,0.00,2.11,2222.95,0.00,
PROC,T0019,7.21,0.00,4853.40,14337.09,523.31,210.75,12.14,11.45,35.80,2.00,127.20,
LAN,T0019,140.37,0.01,0.15,8.83,0.34,0.33,47.67,0.06,0.84,42.16,3.89,4.52,0.00,0.00,0.00,
IP,T0019,9.55,3.77,4.52,42.16,9.55,0.06,0.84,47.66,1.82,0.25,0.27,8.25,1.82,0.00,0.15,140.37,
TCPUDP,T0019,46.89,45.29,10.30,7.66,
FILE,T0019,1.04,3337.34,0.00,720445.50,22370.29,
JFSFILE,T0019,15.20,70.53,77.01,73.81,3.89,44.32,
JFSINODE,T0019,3.03,9.13,19.58,4.32,0.03,2.26,
LPAR,T0019,0.19,3.00,12.00,64.00,2.00,128.00,53.72,0.29,0.29,1.00,
ZZZZ,T0020,01:41:27,16-Sep-2019,,
CPU_ALL,T0020,2.59,2.70,0.00,94.71,12.00,
CPU011,T0020,0.00,1.76,0.00,98.24,
CPU010,T0020,0.00,1.75,0.00,98.25,
CPU09,T0020,0.00,2.04,0.00,97.96,
CPU08,T0020,0.00,46.33,0.00,53.67,
CPU07,T0020,0.00,1.96,0.00,98.04,
CPU06,T0020,0.00,2.06,0.00,97.94,
CPU05,T0020,0.00,2.23,0.00,97.77,
CPU04,T0020,0.00,43.26,0.00,56.74,
CPU03,T0020,0.38,1.47,0.00,98.15,
CPU02,T0020,0.67,0.97,0.00,98.36,
CPU01,T0020,8.41,7.15,0.01,84.44,
CPU00,T0020,47.50,49.58,0.01,2.91,
DISKBUSY,T0020,0.00,0.00,0.00,
DISKREAD,T0020,14.03,14.06,0.00,
DISKWRITE,T0020,6.48,59.63,0.00,
DISKXFER,T0020,0.83,6.46,0.00,
DISKSERV,T0020,0.00,0.00,0.00,
DISKWAIT,T0020,0.00,0.00,0.00,
MEMREAL,T0020,9437184.00,30907.80,15.42,50.53,49.14,46.73,
MEMVIRT,T0020,2097152.00,99.38,0.62,0.33,1.99,0.00,0.00,2.00,2225.22,0.00,
PROC,T0020,9.31,0.00,4847.38,15490.41,559.67,190.06,12.06,11.38,40.00,2.00,127.00,
LAN,T0020,141.12,0.01,0.13,10.18,0.35,0.21,49.38,0.08,0.68,44.51,4.06,2.37,0.00,0.00,0.00,
IP,T0020,10.02,3.95,2.37,44.51,10.02,0.08,0.68,49.37,2.14,0.27,0.17,9.58,2.14,0.01,0.13,141.11,
TCPUDP,T0020,49.40,48.10,9.93,7.69,
FILE,T0020,0.90,3561.60,0.00,882022.62,22298.81,
JFSFILE,T0020,15.20,70.53,77.01,73.81,3.89,44.32,
JFSINODE,T0020,3.03,9.13,19.58,4.32,0.03,2.26,
LPAR,T0020,0.19,3.00,12.00,64.00,2.00,128.00,55.29,0.29,0.29,1.00,
ZZZZ,T0021,01:46:27,16-Sep-2019,,
CPU_ALL,T0021,2.56,2.72,0.00,94.72,12.00,
CPU011,T0021,0.00,1.86,0.00,98.14,
CPU010,T0021,0.00,1.85,0.00,98.15,
CPU09,T0021,0.00,1.98,0.00,98.02,
CPU08,T0021,0.00,46.45,0.00,53.55,
CPU07,T0021,0.00,1.91,0.00,98.09,
CPU06,T0021,0.00,2.03,0.00,97.97,
CPU05,T0021,0.00,2.30,0.00,97.70,
CPU04,T0021,0.00,43.34,0.00,56.66,
CPU03,T0021,0.24,0.64,0.00,99.11,
CPU02,T0021,0.71,1.12,0.00,98.18,
CPU01,T0021,8.00,7.78,0.07,84.15,
CPU00,T0021,47.16,49.98,0.00,2.86,
DISKBUSY,T0021,0.00,0.00,0.00,
DISKREAD,T0021,7.02,7.02,0.00,
DISKWRITE,T0021,6.61,54.22,0.00,
DISKXFER,T0021,0.82,5.85,0.00,
DISKSERV,T0021,0.00,0.00,0.00,
DISKWAIT,T0021,0.00,0.00,0.00,
MEMREAL,T0021,9437184.00,30264.40,15.42,50.54,49.14,46.73,
MEMVIRT,T0021,2097152.00,99.38,0.62,0.33,1.49,0.00,0.00,1.50,2241.38,0.00,
PROC,T0021,7.15,0.00,4850.57,15341.74,554.61,96.08,12.15,11.47,37.80,2.00,126.00,
LAN,T0021,140.25,0.01,0.13,8.89,0.35,0.25,47.82,0.06,0.64,42.70,4.04,3.16,0.00,0.00,0.00,
IP,T0021,9.76,3.92,3.16,42.70,9.76,0.06,0.64,47.82,1.93,0.27,0.21,8.31,1.93,0.01,0.13,140.26,
TCPUDP,T0021,47.79,46.33,9.75,7.51,
FILE,T0021,0.88,3666.04,0.00,841990.62,20379.11,
JFSFILE,T0021,15.20,70.53,77.01,73.81,3.89,44.32,
JFSINODE,T0021,3.03,9.13,19.58,4.32,0.03,2.26,
LPAR,T0021,0.19,3.00,12.00,64.00,2.00,128.00,54.63,0.29,0.29,1.00,
ZZZZ,T0022,01:51:27,16-Sep-2019,,
CPU_ALL,T0022,2.65,2.61,0.00,94.74,12.00,
CPU011,T0022,0.00,1.85,0.00,98.15,
CPU010,T0022,0.00,1.84,0.00,98.16,
CPU09,T0022,0.00,1.98,0.00,98.02,
CPU08,T0022,0.00,46.17,0.00,53.83,
CPU07,T0022,0.00,1.99,0.00,98.01,
CPU06,T0022,0.00,2.09,0.00,97.91,
CPU05,T0022,0.00,2.18,0.00,97.82,
CPU04,T0022,0.00,43.00,0.00,57.00,
CPU03,T0022,0.89,1.20,0.05,97.87,
CPU02,T0022,0.58,1.34,0.00,98.08,
CPU01,T0022,9.03,8.83,0.01,82.13,
CPU00,T0022,49.06,47.90,0.01,3.04,
DISKBUSY,T0022,0.00,0.00,0.00,
DISKREAD,T0022,7.02,7.02,0.00,
DISKWRITE,T0022,6.43,57.12,0.00,
DISKXFER,T0022,0.80,6.17,0.00,
DISKSERV,T0022,0.00,0.00,0.00,
DISKWAIT,T0022,0.00,0.00,0.00,
MEMREAL,T0022,9437184.00,31832.80,15.42,50.53,49.13,46.72,
MEMVIRT,T0022,2097152.00,99.38,0.62,0.33,2.13,0.00,0.00,2.14,2229.71,0.00,
PROC,T0022,8.15,0.00,4856.69,14335.50,523.06,202.34,12.16,11.46,38.60,2.00,127.00,
LAN,T0022,141.20,0.01,0.13,9.60,0.35,0.23,49.46,0.07,0.65,44.33,4.09,2.77,0.00,0.00,0.00,
IP,T0022,9.81,3.97,2.77,44.33,9.81,0.07,0.65,49.46,2.00,0.27,0.19,8.99,2.00,0.01,0.13,141.20,
TCPUDP,T0022,49.44,47.90,9.81,7.57,
FILE,T0022,0.97,3343.07,0.00,713315.94,22704.13,
JFSFILE,T0022,15.20,70.53,77.01,73.63,3.89,44.33,
JFSINODE,T0022,3.03,9.13,19.58,4.29,0.03,2.26,
LPAR,T0022,0.18,3.00,12.00,64.00,2.00,128.00,55.22,0.29,0.29,1.00,
ZZZZ,T0023,01:56:27,16-Sep-2019,,
CPU_ALL,T0023,2.60,2.70,0.00,94.70,12.00,
CPU011,T0023,0.00,1.76,0.00,98.24,
CPU010,T0023,0.00,1.75,0.00,98.25,
CPU09,T0023,0.00,1.99,0.00,98.01,
CPU08,T0023,0.00,46.60,0.00,53.40,
CPU07,T0023,0.00,1.94,0.00,98.06,
CPU06,T0023,0.00,2.06,0.00,97.94,
CPU05,T0023,0.00,2.23,0.00,97.77,
CPU04,T0023,0.00,43.50,0.00,56.50,
CPU03,T0023,2.16,2.41,0.00,95.43,
CPU02,T0023,2.20,2.96,0.00,94.85,
CPU01,T0023,6.98,8.67,0.22,84.13,
CPU00,T0023,47.89,48.87,0.01,3.23,
DISKBUSY,T0023,0.00,0.00,0.00,
DISKREAD,T0023,14.03,14.45,0.00,
DISKWRITE,T0023,6.59,65.48,0.00,
DISKXFER,T0023,0.85,6.44,0.00,
DISKSERV,T0023,0.00,0.00,0.00,
DISKWAIT,T0023,0.00,0.00,0.00,
MEMREAL,T0023,9437184.00,30759.40,15.42,50.54,49.14,46.73,
MEMVIRT,T0023,2097152.00,99.38,0.62,1.44,2.37,0.00,0.00,2.59,2271.24,0.00,
PROC,T0023,7.96,0.00,4854.16,15586.23,562.34,105.83,12.26,11.61,41.80,2.00,127.60,
LAN,T0023,141.87,0.01,1.66,10.27,0.34,0.45,48.86,0.08,1.93,43.92,3.87,4.69,0.00,0.00,0.00,
IP,T0023,10.37,3.76,4.69,43.92,10.36,0.08,1.93,48.86,2.01,0.26,0.39,9.67,2.01,0.01,1.66,141.86,
TCPUDP,T0023,48.73,47.48,11.66,9.08,
FILE,T0023,0.96,3618.28,0.00,892427.44,25291.96,
JFSFILE,T0023,15.21,70.53,77.01,73.63,3.89,44.33,
JFSINODE,T0023,3.03,9.13,19.58,4.29,0.03,2.26,
LPAR,T0023,0.19,3.00,12.00,64.00,2.00,128.00,55.34,0.29,0.29,1.00,
ZZZZ,T0024,02:01:27,16-Sep-2019,,
CPU_ALL,T0024,2.75,2.73,0.00,94.51,12.00,
CPU011,T0024,0.00,1.77,0.00,98.23,
CPU010,T0024,0.00,1.78,0.00,98.22,
CPU09,T0024,0.00,1.86,0.00,98.14,
CPU08,T0024,3.47,49.35,0.00,47.18,
CPU07,T0024,0.00,1.42,0.00,98.58,
CPU06,T0024,0.00,1.48,0.00,98.52,
CPU05,T0024,0.00,1.80,0.00,98.20,
CPU04,T0024,17.14,37.25,0.00,45.61,
CPU03,T0024,0.47,1.06,0.00,98.47,
CPU02,T0024,0.94,2.93,0.00,96.14,
CPU01,T0024,9.06,7.18,0.01,83.75,
CPU00,T0024,48.45,48.55,0.01,2.99,
DISKBUSY,T0024,0.00,0.00,0.00,
DISKREAD,T0024,7.02,7.02,0.00,
DISKWRITE,T0024,6.99,53.81,0.00,
DISKXFER,T0024,0.86,5.96,0.00,
DISKSERV,T0024,0.00,0.00,0.00,
DISKWAIT,T0024,0.00,0.00,0.00,
MEMREAL,T0024,9437184.00,31867.80,15.42,50.53,49.13,46.72,
MEMVIRT,T0024,2097152.00,99.38,0.62,2.39,1.73,0.00,0.00,1.90,2282.27,0.00,
PROC,T0024,9.64,0.00,4933.83,15587.98,562.44,95.50,12.16,11.47,45.00,2.00,127.00,
LAN,T0024,143.12,0.01,0.19,12.55,0.35,0.27,50.56,0.08,0.77,45.60,4.11,3.40,0.00,0.00,0.00,
IP,T0024,9.92,3.99,3.40,45.60,9.92,0.08,0.77,50.56,2.04,0.27,0.23,11.93,2.04,0.01,0.19,143.12,
TCPUDP,T0024,50.47,49.04,10.05,7.80,
FILE,T0024,0.86,3644.53,0.00,905546.75,23602.66,
JFSFILE,T0024,15.21,70.53,77.01,73.63,3.89,44.31,
JFSINODE,T0024,3.03,9.13,19.58,4.29,0.03,2.26,
LPAR,T0024,0.19,3.00,12.00,64.00,2.00,128.00,54.54,0.30,0.30,1.00,
ZZZZ,T0025,02:06:27,16-Sep-2019,,
CPU_ALL,T0025,2.80,2.69,0.01,94.50,12.00,
CPU011,T0025,0.00,1.84,0.00,98.16,
CPU010,T0025,0.00,1.83,0.00,98.17,
CPU09,T0025,0.00,1.99,0.00,98.01,
CPU08,T0025,0.00,47.19,0.00,52.81,
CPU07,T0025,0.00,1.97,0.00,98.03,
CPU06,T0025,0.00,2.04,0.00,97.96,
CPU05,T0025,0.00,2.14,0.00,97.86,
CPU04,T0025,0.00,43.98,0.00,56.02,
CPU03,T0025,0.54,1.08,0.00,98.38,
CPU02,T0025,1.12,2.43,0.00,96.45,
CPU01,T0025,7.19,6.72,0.11,85.98,
CPU00,T0025,49.80,47.24,0.01,2.95,
DISKBUSY,T0025,0.00,0.00,0.00,
DISKREAD,T0025,7.02,7.02,0.00,
DISKWRITE,T0025,8.99,61.59,0.00,
DISKXFER,T0025,0.98,6.39,0.00,
DISKSERV,T0025,0.00,0.00,0.00,
DISKWAIT,T0025,0.00,0.00,0.00,
MEMREAL,T0025,9437184.00,31235.80,15.42,50.54,49.13,46.72,
MEMVIRT,T0025,2097152.00,99.38,0.62,1.31,2.22,0.00,0.00,2.31,2232.91,0.00,
PROC,T0025,9.99,0.00,5182.69,14769.46,535.00,206.86,12.12,11.43,44.60,2.00,126.60,
LAN,T0025,145.93,0.00,0.13,10.58,0.36,0.28,50.96,0.06,0.68,45.57,4.15,3.55,0.00,0.00,0.00,
IP,T0025,10.37,4.03,3.55,45.57,10.37,0.06,0.68,50.96,2.09,0.28,0.23,9.96,2.09,0.01,0.13,145.93,
TCPUDP,T0025,50.96,49.80,10.06,7.61,
FILE,T0025,1.03,3371.90,0.00,732665.06,28527.71,
JFSFILE,T0025,15.21,70.53,77.01,73.64,3.89,44.30,
JFSINODE,T0025,3.03,9.13,19.58,4.30,0.03,2.26,
LPAR,T0025,0.19,3.00,12.00,64.00,2.00,128.00,53.74,0.30,0.30,1.00,
ZZZZ,T0026,02:11:27,16-Sep-2019,,
CPU_ALL,T0026,2.83,2.74,0.00,94.43,12.00,
CPU011,T0026,0.00,1.49,0.00,98.51,
CPU010,T0026,0.00,1.46,0.00,98.54,
CPU09,T0026,0.00,1.68,0.00,98.32,
CPU08,T0026,0.00,48.92,0.00,51.08,
CPU07,T0026,0.00,1.67,0.00,98.33,
CPU06,T0026,0.00,1.67,0.00,98.33,
CPU05,T0026,0.00,1.86,0.00,98.14,
CPU04,T0026,0.00,46.50,0.00,53.50,
CPU03,T0026,0.64,1.97,0.00,97.39,
CPU02,T0026,1.24,1.86,0.00,96.90,
CPU01,T0026,6.01,5.39,0.00,88.59,
CPU00,T0026,49.60,47.34,0.01,3.05,
DISKBUSY,T0026,0.00,0.00,0.00,
DISKREAD,T0026,14.25,14.17,0.00,
DISKWRITE,T0026,12.45,58.56,0.00,
DISKXFER,T0026,1.45,6.42,0.00,
DISKSERV,T0026,0.00,0.00,0.00,
DISKWAIT,T0026,0.00,0.00,0.00,
MEMREAL,T0026,9437184.00,31836.60,15.42,50.53,49.13,46.72,
MEMVIRT,T0026,2097152.00,99.38,0.62,1.12,2.49,0.00,0.00,2.59,2240.70,0.00,
PROC,T0026,9.35,0.00,5321.47,14907.76,524.41,203.91,12.19,11.50,40.00,2.20,127.00,
LAN,T0026,159.27,0.01,0.13,26.99,0.35,0.25,124.23,0.08,0.67,118.76,4.09,3.23,0.00,0.00,0.00,
IP,T0026,9.92,3.97,3.23,118.76,9.92,0.08,0.67,124.23,1.93,0.26,0.21,25.36,1.93,0.01,0.13,159.27,
TCPUDP,T0026,123.57,122.32,10.05,7.57,
FILE,T0026,1.01,3375.91,0.00,725279.50,26005.03,
JFSFILE,T0026,15.21,70.54,77.01,73.64,3.89,44.30,
JFSINODE,T0026,3.03,9.13,19.58,4.30,0.03,2.26,
LPAR,T0026,0.20,3.00,12.00,64.00,2.00,128.00,54.95,0.31,0.31,1.00,
ZZZZ,T0027,02:16:27,16-Sep-2019,,
CPU_ALL,T0027,3.38,3.29,0.01,93.32,12.00,
CPU011,T0027,0.00,0.35,0.00,99.65,
CPU010,T0027,0.00,0.35,0.00,99.65,
CPU09,T0027,0.00,0.36,0.00,99.64,
CPU08,T0027,0.00,57.42,0.00,42.58,
CPU07,T0027,0.00,0.32,0.00,99.68,
CPU06,T0027,0.00,0.35,0.00,99.65,
CPU05,T0027,0.00,0.40,0.00,99.60,
CPU04,T0027,0.00,57.05,0.00,42.95,
CPU03,T0027,0.37,2.27,0.00,97.36,
CPU02,T0027,0.39,3.40,0.00,96.21,
CPU01,T0027,8.53,8.78,0.01,82.67,
CPU00,T0027,49.62,45.53,0.02,4.82,
DISKBUSY,T0027,0.00,0.00,0.00,
DISKREAD,T0027,8.99,7.02,0.00,
DISKWRITE,T0027,43.54,55.67,0.00,
DISKXFER,T0027,5.03,5.89,0.00,
DISKSERV,T0027,0.00,0.00,0.00,
DISKWAIT,T0027,0.00,0.00,0.00,
MEMREAL,T0027,9437184.00,30829.60,15.42,50.54,49.14,46.73,
MEMVIRT,T0027,2097152.00,99.38,0.62,0.25,5.46,0.00,0.00,5.53,2224.13,0.00,
PROC,T0027,10.38,0.00,6453.99,16998.24,556.56,103.85,12.14,11.45,47.80,3.00,127.20,
LAN,T0027,293.82,0.01,0.14,155.50,0.34,0.20,699.08,0.07,0.71,689.61,3.89,2.27,0.00,0.00,0.00,
IP,T0027,10.69,3.77,2.27,689.61,10.69,0.07,0.71,699.08,2.17,0.26,0.17,146.07,2.17,0.01,0.14,293.81,
TCPUDP,T0027,699.17,694.02,10.33,7.39,
FILE,T0027,1.17,3647.98,0.00,853860.31,23851.91,
JFSFILE,T0027,15.21,70.54,77.01,73.64,3.89,44.30,
JFSINODE,T0027,3.03,9.13,19.58,4.29,0.03,2.26,
LPAR,T0027,0.24,3.00,12.00,64.00,2.00,128.00,54.55,0.38,0.38,1.00,
ZZZZ,T0028,02:21:27,16-Sep-2019,,
CPU_ALL,T0028,3.46,3.19,0.01,93.33,12.00,
CPU011,T0028,0.00,0.45,0.00,99.55,
CPU010,T0028,0.00,0.44,0.00,99.56,
CPU09,T0028,0.00,0.52,0.00,99.48,
CPU08,T0028,0.00,56.91,0.00,43.09,
CPU07,T0028,0.00,0.48,0.00,99.52,
CPU06,T0028,0.00,0.48,0.00,99.52,
CPU05,T0028,0.00,0.47,0.00,99.53,
CPU04,T0028,0.00,56.47,0.00,43.53,
CPU03,T0028,0.48,2.44,0.00,97.09,
CPU02,T0028,1.02,3.28,0.00,95.70,
CPU01,T0028,8.65,8.65,0.01,82.70,
CPU00,T0028,50.90,44.26,0.02,4.81,
DISKBUSY,T0028,0.00,0.00,0.00,
DISKREAD,T0028,8.94,7.02,0.00,
DISKWRITE,T0028,41.28,58.94,0.00,
DISKXFER,T0028,4.78,6.34,0.00,
DISKSERV,T0028,0.00,0.00,0.00,
DISKWAIT,T0028,0.00,0.00,0.00,
MEMREAL,T0028,9437184.00,31269.00,15.42,50.53,49.14,46.73,
MEMVIRT,T0028,2097152.00,99.38,0.62,1.87,5.77,0.00,0.00,6.00,2229.97,0.00,
PROC,T0028,9.77,0.00,6434.63,16032.93,524.36,209.24,12.14,11.44,42.00,2.80,127.00,
LAN,T0028,289.78,0.01,0.13,169.58,0.42,0.21,668.48,0.07,0.64,662.57,4.61,2.51,0.00,0.00,0.00,
IP,T0028,9.74,4.49,2.51,662.57,9.74,0.07,0.64,668.48,1.88,0.33,0.18,160.53,1.88,0.01,0.13,289.78,
TCPUDP,T0028,667.30,665.92,10.64,8.22,
FILE,T0028,1.25,3347.41,0.00,717639.25,25386.56,
JFSFILE,T0028,15.21,70.54,77.01,73.65,3.89,44.31,
JFSINODE,T0028,3.03,9.13,19.58,4.30,0.03,2.26,
LPAR,T0028,0.24,3.00,12.00,64.00,2.00,128.00,54.98,0.38,0.38,1.00,
ZZZZ,T0029,02:26:27,16-Sep-2019,,
CPU_ALL,T0029,6.79,3.80,0.01,89.40,12.00,
CPU011,T0029,0.00,0.47,0.00,99.53,
CPU010,T0029,0.00,0.46,0.00,99.54,
CPU09,T0029,0.00,0.61,0.00,99.39,
CPU08,T0029,0.00,55.74,0.00,44.26,
CPU07,T0029,0.00,0.57,0.00,99.43,
CPU06,T0029,0.00,0.59,0.00,99.41,
CPU05,T0029,0.00,0.57,0.00,99.43,
CPU04,T0029,0.00,54.84,0.00,45.16,
CPU03,T0029,0.37,2.72,0.00,96.91,
CPU02,T0029,0.44,2.68,0.00,96.88,
CPU01,T0029,10.99,9.36,0.00,79.65,
CPU00,T0029,60.62,35.30,0.01,4.07,
