CPU_ALL,CPU Total ,User%,Sys%,Wait%,Idle%,CPUs,
CPU011,CPU Total ,User%,Sys%,Wait%,Idle%,
CPU010,CPU Total ,User%,Sys%,Wait%,Idle%,
CPU09,CPU Total ,User%,Sys%,Wait%,Idle%,
CPU08,CPU Total ,User%,Sys%,Wait%,Idle%,
CPU07,CPU Total ,User%,Sys%,Wait%,Idle%,
CPU06,CPU Total ,User%,Sys%,Wait%,Idle%,
CPU05,CPU Total ,User%,Sys%,Wait%,Idle%,
CPU04,CPU Total ,User%,Sys%,Wait%,Idle%,
CPU03,CPU Total ,User%,Sys%,Wait%,Idle%,
CPU02,CPU Total ,User%,Sys%,Wait%,Idle%,
CPU01,CPU Total ,User%,Sys%,Wait%,Idle%,
CPU00,CPU Total ,User%,Sys%,Wait%,Idle%,
DISKBUSY,Disk %Busy ,hdisk1,hdisk99,hdisk0,
DISKREAD,Disk Read 512 bytes per sec ,hdisk1,hdisk99,hdisk0,
DISKWRITE,Disk Write 512 bytes per sec ,hdisk1,hdisk99,hdisk0,
DISKXFER,Disk transfers per second ,hdisk1,hdisk99,hdisk0,
DISKSERV,Disk Avg service time/transfer ,hdisk1,hdisk99,hdisk0,
DISKWAIT,Average wait queue time for read/write transfers,hdisk1,hdisk99,hdisk0,
MEMREAL,Real Memory Statistics,Size 4k pages,free frames 4k,%pinned,%comp,%noncomp,%client,
MEMVIRT,PgSp / Virtual Memory Statistics,PageSpace,%free,%used,pagein,pageout,pgspgin,pgspgout,sio,totfaults,steal,
PROC,Processes ,Runnable,Swap-in,pswitch,syscall,read,write,fork,exec,loadavg,utilavg,numprocs,
LAN,LAN Interfaces Statistics,ent0/kbytesout,ent2/kbytesout,ent1/kbytesout,ent0/kbytesin,ent2/kbytesin,ent1/kbytesin,ent0/framesout,ent2/framesout,ent1/framesout,ent0/framesin,ent2/framesin,ent1/framesin,ent0/recvdrops,ent2/recvdrops,ent1/recvdrops,
IP,IP Statistics for network interface,lo0/ipacket,en2/ipacket,en1/ipacket,en0/ipacket,lo0/opacket,en2/opacket,en1/opacket,en0/opacket,lo0/ioctet_kb,en2/ioctet_kb,en1/ioctet_kb,en0/ioctet_kb,lo0/ooctet_kb,en2/ooctet_kb,en1/ooctet_kb,en0/ooctet_kb,
TCPUDP,IP Protocol statistics,TCPSendTot,TCPRcvTot,UDPSnddgrm,UDPRcvdgrm,
FILE,File I/O ,iget,namei,dirblk,readch,writech,
JFSFILE,JFS Filespace %Used,/,/home,/usr,/var,/tmp,/opt,
JFSINODE,JFS Inode %Used,/,/home,/usr,/var,/tmp,opt,
LPAR,LPAR Stats,PhysicalCPU,VirtualCPUs,LogicalCPUs,poolCPUS,entitled,weight,poolIdle,UsedAllCPU%,UsedPoolCPU%,SharedCPU,
ZZZZ,T0001,00:08:00,25-Sep-2019,,
CPU_ALL,T0001,10.11,5.04,0.01,84.85,12.00,
CPU011,T0001,0.00,0.27,0.00,99.73,
CPU010,T0001,0.00,0.27,0.00,99.73,
CPU09,T0001,0.04,0.30,0.00,99.66,
CPU08,T0001,4.19,56.73,0.00,39.08,
CPU07,T0001,0.00,0.36,0.00,99.64,
CPU06,T0001,0.00,0.38,0.00,99.62,
CPU05,T0001,0.00,0.42,0.00,99.58,
CPU04,T0001,8.67,55.00,0.00,36.33,
CPU03,T0001,0.41,3.40,0.05,96.14,
CPU02,T0001,0.74,3.05,0.00,96.21,
CPU01,T0001,13.54,10.34,0.02,76.10,
CPU00,T0001,67.01,28.53,0.00,4.45,
DISKBUSY,T0001,0.00,0.00,0.00,
DISKREAD,T0001,7.02,7.12,0.00,
DISKWRITE,T0001,16.40,72.37,0.00,
DISKXFER,T0001,1.42,7.35,0.00,
DISKSERV,T0001,0.00,0.00,0.00,
DISKWAIT,T0001,0.00,0.00,0.00,
MEMREAL,T0001,9437184.00,45264.20,15.44,47.60,51.92,49.99,
MEMVIRT,T0001,2097152.00,99.40,0.60,8.20,10.74,0.00,0.00,5.23,2297.62,0.00,
PROC,T0001,9.65,0.00,10013.72,20235.46,543.42,227.90,12.20,11.53,62.20,7.40,126.60,
LAN,T0001,1221.09,0.00,0.12,930.51,0.33,0.35,2853.94,0.04,0.58,2864.43,3.66,5.00,0.00,0.00,0.00,
IP,T0001,10.39,3.54,5.00,2864.43,10.39,0.04,0.58,2853.87,2.13,0.25,0.28,891.35,2.13,0.00,0.12,1221.07,
TCPUDP,T0001,2853.73,2868.49,10.60,7.79,
FILE,T0001,1.21,3055.36,0.00,783067.31,55892.03,
JFSFILE,T0001,15.19,70.95,77.01,73.88,3.90,44.22,
JFSINODE,T0001,3.03,9.34,19.58,4.33,0.03,2.25,
LPAR,T0001,0.55,3.00,12.00,64.00,2.00,128.00,45.61,0.86,0.86,1.00,
ZZZZ,T0002,00:13:01,25-Sep-2019,,
CPU_ALL,T0002,16.39,5.45,0.01,78.16,12.00,
CPU011,T0002,0.00,0.59,0.00,99.41,
CPU010,T0002,0.00,0.59,0.00,99.41,
CPU09,T0002,0.22,0.73,0.00,99.05,
CPU08,T0002,8.86,53.42,0.00,37.71,
CPU07,T0002,0.00,1.10,0.00,98.90,
CPU06,T0002,0.00,1.12,0.00,98.88,
CPU05,T0002,6.61,1.98,0.01,91.39,
CPU04,T0002,37.24,39.07,0.00,23.68,
CPU03,T0002,0.41,2.92,0.00,96.67,
CPU02,T0002,0.41,3.09,0.00,96.50,
CPU01,T0002,13.42,8.78,0.01,77.79,
CPU00,T0002,70.21,25.61,0.01,4.17,
DISKBUSY,T0002,0.00,0.00,0.00,
DISKREAD,T0002,14.03,14.06,0.00,
DISKWRITE,T0002,13.39,68.15,0.00,
DISKXFER,T0002,1.33,7.08,0.00,
DISKSERV,T0002,0.00,0.00,0.00,
DISKWAIT,T0002,0.00,0.00,0.00,
MEMREAL,T0002,9437184.00,44535.40,15.44,47.61,51.92,49.99,
MEMVIRT,T0002,2097152.00,99.40,0.60,19.84,21.62,0.00,0.01,7.51,2254.27,0.00,
PROC,T0002,9.49,0.00,10199.74,25587.14,2262.75,2514.37,12.16,11.47,66.80,9.00,128.00,
LAN,T0002,13776.63,0.00,0.12,841.17,0.34,0.64,2414.58,0.04,0.59,3850.30,3.91,10.03,0.00,0.00,0.00,
IP,T0002,10.17,3.79,10.03,3850.30,10.17,0.04,0.59,2414.55,1.99,0.26,0.50,788.53,1.99,0.00,0.12,9036.18,
TCPUDP,T0002,2413.05,3854.08,11.41,7.77,
FILE,T0002,1.34,3041.79,0.00,5495100.00,4805541.50,
JFSFILE,T0002,15.19,70.95,77.01,73.84,3.90,44.22,
JFSINODE,T0002,3.03,9.34,19.58,4.33,0.03,2.25,
LPAR,T0002,0.78,3.00,12.00,64.00,2.00,128.00,46.15,1.21,1.21,1.00,
ZZZZ,T0003,00:18:01,25-Sep-2019,,
CPU_ALL,T0003,12.64,3.99,0.00,83.36,12.00,
CPU011,T0003,0.00,1.22,0.00,98.78,
CPU010,T0003,0.00,1.24,0.00,98.76,
CPU09,T0003,0.00,1.38,0.00,98.62,
CPU08,T0003,0.00,49.94,0.00,50.06,
CPU07,T0003,0.00,2.04,0.00,97.96,
CPU06,T0003,0.00,2.14,0.00,97.86,
CPU05,T0003,6.63,3.34,0.00,90.03,
CPU04,T0003,32.95,32.38,0.00,34.67,
CPU03,T0003,0.63,1.61,0.00,97.76,
CPU02,T0003,0.14,1.31,0.00,98.55,
CPU01,T0003,9.72,9.03,0.00,81.25,
CPU00,T0003,61.24,35.47,0.00,3.29,
DISKBUSY,T0003,0.00,0.00,0.00,
DISKREAD,T0003,7.02,7.23,0.00,
DISKWRITE,T0003,7.73,53.76,0.00,
DISKXFER,T0003,0.91,5.82,0.00,
DISKSERV,T0003,0.00,0.00,0.00,
DISKWAIT,T0003,0.00,0.00,0.00,
MEMREAL,T0003,9437184.00,44904.20,15.44,47.61,51.92,49.99,
MEMVIRT,T0003,2097152.00,99.40,0.60,0.05,2.22,0.00,0.00,1.84,2253.01,0.00,
PROC,T0003,7.78,0.00,7122.03,23275.73,2463.36,2733.17,12.24,11.55,48.80,5.60,127.40,
LAN,T0003,14717.94,0.00,0.13,224.48,0.34,0.19,746.01,0.03,0.71,2355.69,3.69,2.10,0.00,0.00,0.00,
IP,T0003,9.77,3.57,2.10,2355.69,9.77,0.03,0.71,746.01,1.97,0.27,0.16,192.27,1.97,0.00,0.13,7728.52,
TCPUDP,T0003,745.14,2358.97,9.90,7.82,
FILE,T0003,0.87,3137.92,0.00,8916606.00,8186459.00,
JFSFILE,T0003,15.19,70.95,77.01,73.84,3.90,44.21,
JFSINODE,T0003,3.03,9.34,19.58,4.33,0.03,2.25,
LPAR,T0003,0.58,3.00,12.00,64.00,2.00,128.00,49.87,0.91,0.91,1.00,
ZZZZ,T0004,00:23:01,25-Sep-2019,,
CPU_ALL,T0004,2.55,2.53,0.00,94.92,12.00,
CPU011,T0004,0.00,1.88,0.00,98.12,
CPU010,T0004,0.00,1.86,0.00,98.14,
CPU09,T0004,0.00,2.06,0.00,97.94,
CPU08,T0004,0.00,45.55,0.00,54.45,
CPU07,T0004,0.00,2.08,0.00,97.92,
CPU06,T0004,0.00,2.16,0.00,97.84,
CPU05,T0004,0.00,2.37,0.00,97.63,
CPU04,T0004,0.00,41.63,0.00,58.37,
CPU03,T0004,1.08,1.30,0.00,97.62,
CPU02,T0004,0.62,1.66,0.00,97.72,
CPU01,T0004,7.56,8.25,0.00,84.18,
CPU00,T0004,49.01,47.90,0.01,3.08,
DISKBUSY,T0004,0.00,0.00,0.00,
DISKREAD,T0004,7.02,7.07,0.00,
DISKWRITE,T0004,6.21,61.35,0.00,
DISKXFER,T0004,0.78,6.58,0.00,
DISKSERV,T0004,0.00,0.00,0.00,
DISKWAIT,T0004,0.00,0.00,0.00,
MEMREAL,T0004,9437184.00,45287.40,15.44,47.60,51.92,49.99,
MEMVIRT,T0004,2097152.00,99.40,0.60,1.41,1.88,0.00,0.00,1.98,2227.25,0.00,
PROC,T0004,9.18,0.00,4803.71,14104.62,528.08,171.30,12.14,11.44,45.80,2.00,126.80,
LAN,T0004,101.84,0.00,0.14,9.92,0.36,0.19,42.92,0.05,0.73,37.95,4.04,2.04,0.00,0.00,0.00,
IP,T0004,9.75,3.92,2.04,37.95,9.75,0.05,0.73,42.92,1.88,0.28,0.16,9.40,1.88,0.01,0.14,101.84,
TCPUDP,T0004,41.69,41.38,10.20,7.91,
FILE,T0004,1.01,3022.22,0.00,776774.44,21744.28,
JFSFILE,T0004,15.19,70.95,77.01,73.85,3.90,44.18,
JFSINODE,T0004,3.03,9.34,19.58,4.33,0.03,2.25,
LPAR,T0004,0.18,3.00,12.00,64.00,2.00,128.00,52.32,0.28,0.28,1.00,
ZZZZ,T0005,00:28:01,25-Sep-2019,,
CPU_ALL,T0005,2.50,2.57,0.00,94.92,12.00,
CPU011,T0005,0.00,1.86,0.00,98.14,
CPU010,T0005,0.00,1.86,0.00,98.14,
CPU09,T0005,0.00,2.07,0.00,97.93,
CPU08,T0005,0.00,44.16,0.00,55.84,
CPU07,T0005,0.00,1.97,0.00,98.03,
CPU06,T0005,0.00,2.09,0.00,97.91,
CPU05,T0005,0.00,2.29,0.00,97.71,
CPU04,T0005,0.00,41.14,0.00,58.86,
CPU03,T0005,0.82,1.14,0.00,98.04,
CPU02,T0005,0.83,0.88,0.00,98.29,
CPU01,T0005,8.55,10.37,0.01,81.07,
CPU00,T0005,48.02,48.70,0.00,3.28,
DISKBUSY,T0005,0.00,0.00,0.00,
DISKREAD,T0005,7.02,7.02,0.00,
DISKWRITE,T0005,6.59,48.55,0.00,
DISKXFER,T0005,0.81,5.34,0.00,
DISKSERV,T0005,0.00,0.00,0.00,
DISKWAIT,T0005,0.00,0.00,0.00,
MEMREAL,T0005,9437184.00,45250.00,15.44,47.60,51.92,49.99,
MEMVIRT,T0005,2097152.00,99.40,0.60,0.00,1.50,0.00,0.00,1.47,2235.42,0.00,
PROC,T0005,10.46,0.00,4796.44,14855.35,547.34,95.49,12.18,11.49,40.20,2.00,126.40,
LAN,T0005,99.72,0.00,0.13,9.01,0.34,0.19,42.85,0.03,0.66,38.25,3.65,2.15,0.00,0.00,0.00,
IP,T0005,9.94,3.53,2.15,38.25,9.94,0.03,0.66,42.85,2.04,0.26,0.16,8.49,2.04,0.00,0.13,99.71,
TCPUDP,T0005,42.35,41.92,9.62,7.76,
FILE,T0005,0.82,3238.00,0.00,845696.44,19209.77,
JFSFILE,T0005,15.19,70.95,77.01,73.84,3.90,44.19,
JFSINODE,T0005,3.03,9.34,19.58,4.33,0.03,2.25,
LPAR,T0005,0.18,3.00,12.00,64.00,2.00,128.00,53.62,0.28,0.28,1.00,
ZZZZ,T0006,00:33:01,25-Sep-2019,,
CPU_ALL,T0006,2.50,2.56,0.00,94.94,12.00,
CPU011,T0006,0.00,1.94,0.00,98.06,
CPU010,T0006,0.00,1.95,0.00,98.05,
CPU09,T0006,0.00,2.10,0.00,97.90,
CPU08,T0006,0.00,45.40,0.00,54.60,
CPU07,T0006,0.00,1.92,0.00,98.08,
CPU06,T0006,0.00,2.00,0.00,98.00,
CPU05,T0006,0.00,2.23,0.00,97.77,
CPU04,T0006,0.00,43.68,0.00,56.32,
CPU03,T0006,0.48,0.66,0.00,98.86,
CPU02,T0006,0.35,0.63,0.00,99.03,
CPU01,T0006,8.01,10.20,0.03,81.76,
CPU00,T0006,48.34,48.52,0.00,3.14,
DISKBUSY,T0006,0.00,0.00,0.00,
DISKREAD,T0006,14.03,14.03,0.00,
DISKWRITE,T0006,6.21,55.26,0.00,
DISKXFER,T0006,0.82,6.06,0.00,
DISKSERV,T0006,0.00,0.00,0.00,
DISKWAIT,T0006,0.00,0.00,0.00,
MEMREAL,T0006,9437184.00,45022.40,15.44,47.60,51.92,49.99,
MEMVIRT,T0006,2097152.00,99.40,0.60,1.41,1.64,0.00,0.01,1.74,2242.62,0.00,
PROC,T0006,10.58,0.00,4773.13,14888.89,540.06,118.07,12.15,11.46,44.60,2.00,127.00,
LAN,T0006,102.00,0.00,0.13,9.82,0.34,0.30,42.54,0.05,0.72,37.55,3.84,4.10,0.00,0.00,0.00,
IP,T0006,9.77,3.73,4.10,37.55,9.77,0.05,0.72,42.53,2.00,0.26,0.25,9.31,2.00,0.01,0.13,102.00,
TCPUDP,T0006,41.45,40.98,10.06,7.67,
FILE,T0006,0.93,3142.02,0.00,848281.31,21202.74,
JFSFILE,T0006,15.19,70.95,77.01,73.85,3.90,44.19,
JFSINODE,T0006,3.03,9.34,19.58,4.33,0.03,2.25,
LPAR,T0006,0.18,3.00,12.00,64.00,2.00,128.00,49.28,0.28,0.28,1.00,
ZZZZ,T0007,00:38:01,25-Sep-2019,,
CPU_ALL,T0007,2.64,2.49,0.00,94.86,12.00,
CPU011,T0007,0.00,1.65,0.00,98.35,
CPU010,T0007,0.00,1.61,0.00,98.39,
CPU09,T0007,0.00,1.79,0.00,98.21,
CPU08,T0007,4.32,46.82,0.00,48.86,
CPU07,T0007,0.00,1.59,0.00,98.41,
CPU06,T0007,0.00,1.65,0.00,98.35,
CPU05,T0007,0.00,1.81,0.00,98.19,
CPU04,T0007,17.65,38.26,0.00,44.09,
CPU03,T0007,0.42,0.78,0.00,98.80,
CPU02,T0007,0.45,0.99,0.00,98.55,
CPU01,T0007,9.07,9.06,0.03,81.84,
CPU00,T0007,49.60,47.32,0.01,3.07,
DISKBUSY,T0007,0.00,0.00,0.00,
DISKREAD,T0007,7.01,7.04,0.00,
DISKWRITE,T0007,6.69,62.25,0.00,
DISKXFER,T0007,0.83,6.70,0.00,
DISKSERV,T0007,0.00,0.00,0.00,
DISKWAIT,T0007,0.00,0.00,0.00,
MEMREAL,T0007,9437184.00,45000.20,15.44,47.60,51.92,49.99,
MEMVIRT,T0007,2097152.00,99.40,0.60,0.66,2.09,0.00,0.00,2.13,2284.01,0.00,
PROC,T0007,9.29,0.00,4747.70,14038.20,530.42,187.78,12.15,11.46,34.20,2.00,126.00,
LAN,T0007,102.65,0.00,0.14,9.59,0.34,0.21,43.48,0.03,0.78,38.81,3.63,2.32,0.00,0.00,0.00,
IP,T0007,9.84,3.52,2.32,38.81,9.84,0.03,0.78,43.48,1.93,0.26,0.18,9.05,1.93,0.00,0.14,102.65,
TCPUDP,T0007,42.56,42.10,9.91,7.81,
FILE,T0007,0.97,2992.43,0.00,804731.12,22653.63,
JFSFILE,T0007,15.19,70.95,77.01,73.85,3.90,44.20,
JFSINODE,T0007,3.03,9.34,19.58,4.33,0.03,2.25,
LPAR,T0007,0.18,3.00,12.00,64.00,2.00,128.00,49.03,0.28,0.28,1.00,
ZZZZ,T0008,00:43:01,25-Sep-2019,,
CPU_ALL,T0008,2.47,2.62,0.02,94.88,12.00,
CPU011,T0008,0.00,1.70,0.00,98.30,
CPU010,T0008,0.00,1.68,0.00,98.32,
CPU09,T0008,0.00,1.89,0.00,98.11,
CPU08,T0008,0.00,47.92,0.00,52.08,
CPU07,T0008,0.00,1.73,0.00,98.27,
CPU06,T0008,0.00,1.84,0.00,98.16,
CPU05,T0008,0.00,2.01,0.00,97.99,
CPU04,T0008,0.00,45.34,0.00,54.66,
CPU03,T0008,0.69,0.91,0.00,98.40,
CPU02,T0008,0.87,1.38,0.00,97.74,
CPU01,T0008,8.24,9.12,0.07,82.57,
CPU00,T0008,47.22,49.60,0.02,3.16,
DISKBUSY,T0008,0.00,0.00,0.00,
DISKREAD,T0008,14.03,14.03,0.00,
DISKWRITE,T0008,6.56,50.67,0.00,
DISKXFER,T0008,0.85,5.61,0.00,
DISKSERV,T0008,0.00,0.00,0.00,
DISKWAIT,T0008,0.00,0.00,0.00,
MEMREAL,T0008,9437184.00,45163.40,15.44,47.60,51.92,49.99,
MEMVIRT,T0008,2097152.00,99.40,0.60,0.78,4.71,0.00,0.00,2.45,2240.66,0.00,
PROC,T0008,9.45,0.40,4759.63,14759.74,544.86,97.66,12.15,11.46,40.60,2.00,127.00,
LAN,T0008,118.07,0.00,0.13,26.47,0.33,0.19,61.35,0.04,0.69,57.65,3.79,2.07,0.00,0.00,0.00,
IP,T0008,9.94,3.67,2.07,57.65,9.94,0.04,0.69,61.35,2.00,0.25,0.16,25.69,2.00,0.00,0.13,118.07,
TCPUDP,T0008,60.57,61.31,9.91,7.60,
FILE,T0008,0.90,3233.75,0.00,849623.62,33157.03,
JFSFILE,T0008,15.19,70.95,77.01,73.85,3.90,44.20,
JFSINODE,T0008,3.03,9.34,19.58,4.33,0.03,2.25,
LPAR,T0008,0.18,3.00,12.00,64.00,2.00,128.00,49.60,0.28,0.28,1.00,
ZZZZ,T0009,00:48:01,25-Sep-2019,,
CPU_ALL,T0009,2.58,2.68,0.02,94.73,12.00,
CPU011,T0009,0.00,1.63,0.00,98.37,
CPU010,T0009,0.00,1.60,0.00,98.40,
CPU09,T0009,0.00,1.82,0.00,98.18,
CPU08,T0009,0.00,49.40,0.00,50.60,
CPU07,T0009,0.00,1.75,0.00,98.25,
CPU06,T0009,0.00,1.84,0.00,98.16,
CPU05,T0009,0.00,2.02,0.00,97.98,
CPU04,T0009,0.00,47.30,0.00,52.70,
CPU03,T0009,0.26,0.65,0.00,99.08,
CPU02,T0009,0.27,0.81,0.00,98.92,
CPU01,T0009,7.97,10.45,0.11,81.48,
CPU00,T0009,48.05,48.77,0.02,3.16,
DISKBUSY,T0009,0.00,0.00,0.00,
DISKREAD,T0009,7.02,7.04,0.00,
DISKWRITE,T0009,8.59,52.16,0.00,
DISKXFER,T0009,0.97,5.69,0.00,
DISKSERV,T0009,0.00,0.00,0.00,
DISKWAIT,T0009,0.00,0.00,0.00,
MEMREAL,T0009,9437184.00,45838.20,15.44,47.60,51.91,49.98,
MEMVIRT,T0009,2097152.00,99.40,0.60,2.24,5.91,0.00,0.00,3.00,2233.51,0.00,
PROC,T0009,11.54,0.20,4993.35,15233.50,561.12,108.90,12.18,11.49,35.00,2.00,127.00,
LAN,T0009,124.69,0.00,0.13,32.31,0.34,0.18,65.42,0.03,0.66,62.71,3.69,2.00,0.00,0.00,0.00,
IP,T0009,10.21,3.58,2.00,62.71,10.21,0.03,0.66,65.42,2.06,0.26,0.15,31.45,2.06,0.00,0.13,124.69,
TCPUDP,T0009,65.64,66.61,9.75,7.87,
FILE,T0009,0.85,3195.98,0.00,880839.88,40645.18,
JFSFILE,T0009,15.19,70.95,77.01,73.85,3.90,44.20,
JFSINODE,T0009,3.03,9.34,19.58,4.33,0.03,2.25,
LPAR,T0009,0.19,3.00,12.00,64.00,2.00,128.00,49.43,0.29,0.29,1.00,
ZZZZ,T0010,00:53:01,25-Sep-2019,,
CPU_ALL,T0010,2.65,2.55,0.01,94.79,12.00,
CPU011,T0010,0.00,1.75,0.00,98.25,
CPU010,T0010,0.00,1.72,0.00,98.28,
CPU09,T0010,0.00,1.92,0.00,98.08,
CPU08,T0010,0.00,48.73,0.00,51.27,
CPU07,T0010,0.00,1.88,0.00,98.12,
CPU06,T0010,0.00,1.96,0.00,98.04,
CPU05,T0010,0.00,2.22,0.00,97.78,
CPU04,T0010,0.00,45.05,0.00,54.95,
CPU03,T0010,0.29,0.54,0.00,99.16,
CPU02,T0010,0.33,0.45,0.00,99.22,
CPU01,T0010,9.39,10.94,0.10,79.57,
CPU00,T0010,49.80,46.86,0.01,3.34,
DISKBUSY,T0010,0.00,0.00,0.00,
DISKREAD,T0010,14.03,14.03,0.00,
DISKWRITE,T0010,8.32,63.89,0.00,
DISKXFER,T0010,0.98,6.83,0.00,
DISKSERV,T0010,0.00,0.00,0.00,
DISKWAIT,T0010,0.00,0.00,0.00,
MEMREAL,T0010,9437184.00,46123.80,15.44,47.60,51.91,49.98,
MEMVIRT,T0010,2097152.00,99.40,0.60,1.15,2.70,0.00,0.00,2.44,2235.09,0.00,
PROC,T0010,7.56,0.00,5085.75,14217.30,528.67,205.06,12.17,11.48,35.00,2.00,127.00,
LAN,T0010,106.62,0.00,0.13,12.82,0.34,0.49,45.87,0.04,0.65,41.17,3.82,7.36,0.00,0.00,0.00,
IP,T0010,10.37,3.71,7.36,41.17,10.37,0.04,0.65,45.87,2.11,0.26,0.39,12.26,2.11,0.00,0.13,106.61,
TCPUDP,T0010,46.01,45.20,10.35,7.72,
FILE,T0010,1.03,2931.61,0.00,774609.06,27062.33,
JFSFILE,T0010,15.19,70.95,77.01,73.86,3.90,44.21,
JFSINODE,T0010,3.03,9.34,19.58,4.33,0.03,2.25,
LPAR,T0010,0.18,3.00,12.00,64.00,2.00,128.00,49.51,0.29,0.29,1.00,
ZZZZ,T0011,00:58:01,25-Sep-2019,,
CPU_ALL,T0011,2.60,2.69,0.00,94.72,12.00,
CPU011,T0011,0.00,1.79,0.00,98.21,
CPU010,T0011,0.00,1.76,0.00,98.24,
CPU09,T0011,0.00,1.96,0.00,98.04,
CPU08,T0011,0.00,51.77,0.00,48.23,
CPU07,T0011,0.00,1.66,0.00,98.34,
CPU06,T0011,0.00,1.75,0.00,98.25,
CPU05,T0011,0.00,1.95,0.00,98.05,
CPU04,T0011,0.00,47.57,0.00,52.43,
CPU03,T0011,0.23,0.48,0.00,99.29,
CPU02,T0011,0.49,0.55,0.00,98.95,
CPU01,T0011,8.99,9.62,0.01,81.38,
CPU00,T0011,47.79,49.01,0.00,3.19,
DISKBUSY,T0011,0.00,0.00,0.00,
DISKREAD,T0011,7.02,7.02,0.00,
DISKWRITE,T0011,8.29,47.82,0.00,
DISKXFER,T0011,0.94,5.25,0.00,
DISKSERV,T0011,0.00,0.00,0.00,
DISKWAIT,T0011,0.00,0.00,0.00,
MEMREAL,T0011,9437184.00,46288.60,15.44,47.60,51.91,49.98,
MEMVIRT,T0011,2097152.00,99.40,0.60,0.00,1.63,0.00,0.00,1.62,2231.23,0.00,
PROC,T0011,9.82,0.00,5100.38,15134.59,535.44,93.94,12.14,11.45,44.40,2.00,126.40,
LAN,T0011,100.43,0.00,0.12,8.62,0.34,0.69,41.28,0.03,0.61,36.77,3.64,11.02,0.00,0.00,0.00,
IP,T0011,10.15,3.52,11.02,36.77,10.15,0.03,0.61,41.28,2.01,0.26,0.54,8.12,2.01,0.00,0.12,100.43,
TCPUDP,T0011,41.96,40.41,9.63,7.83,
FILE,T0011,0.82,3223.30,0.00,827255.94,19402.57,
JFSFILE,T0011,15.20,70.95,77.01,73.86,3.90,44.21,
JFSINODE,T0011,3.03,9.34,19.58,4.33,0.03,2.25,
LPAR,T0011,0.19,3.00,12.00,64.00,2.00,128.00,46.44,0.29,0.29,1.00,
ZZZZ,T0012,01:03:01,25-Sep-2019,,
CPU_ALL,T0012,6.05,4.15,0.00,89.79,12.00,
CPU011,T0012,0.00,0.84,0.00,99.16,
CPU010,T0012,0.00,0.82,0.00,99.18,
CPU09,T0012,0.00,0.91,0.00,99.09,
CPU08,T0012,0.00,56.13,0.00,43.87,
CPU07,T0012,0.00,0.84,0.00,99.16,
CPU06,T0012,0.00,0.86,0.00,99.14,
CPU05,T0012,0.00,0.97,0.00,99.03,
CPU04,T0012,0.00,55.28,0.00,44.72,
CPU03,T0012,0.38,2.24,0.00,97.38,
CPU02,T0012,1.30,2.95,0.01,95.74,
CPU01,T0012,11.17,13.02,0.01,75.80,
CPU00,T0012,56.43,39.26,0.01,4.30,
DISKBUSY,T0012,0.00,0.00,0.00,
DISKREAD,T0012,14.03,14.87,0.00,
DISKWRITE,T0012,13.25,57.78,0.00,
DISKXFER,T0012,1.32,6.26,0.00,
DISKSERV,T0012,0.00,0.00,0.00,
DISKWAIT,T0012,0.00,0.00,0.00,
MEMREAL,T0012,9437184.00,46068.00,15.44,47.60,51.91,49.98,
MEMVIRT,T0012,2097152.00,99.40,0.60,0.14,2.77,0.00,0.00,2.30,2248.48,0.00,
PROC,T0012,8.57,0.00,8359.91,18577.86,522.44,182.77,12.19,11.49,50.80,4.60,127.00,
LAN,T0012,798.60,0.00,0.13,579.32,0.35,0.54,1951.80,0.04,0.69,2003.31,3.98,8.27,0.00,0.00,0.00,
IP,T0012,10.00,3.86,8.27,2003.31,10.00,0.04,0.69,1951.74,1.94,0.27,0.43,551.93,1.94,0.00,0.13,438.09,
TCPUDP,T0012,1951.54,2006.93,10.36,7.81,
FILE,T0012,1.03,3135.41,0.00,759701.44,23029.84,
JFSFILE,T0012,15.20,70.95,77.01,73.86,3.90,44.22,
JFSINODE,T0012,3.03,9.34,19.58,4.33,0.03,2.25,
LPAR,T0012,0.37,3.00,12.00,64.00,2.00,128.00,43.02,0.58,0.58,1.00,
ZZZZ,T0013,01:08:01,25-Sep-2019,,
CPU_ALL,T0013,3.76,3.07,0.02,93.15,12.00,
CPU011,T0013,0.00,1.06,0.00,98.94,
CPU010,T0013,0.00,1.07,0.00,98.93,
CPU09,T0013,0.67,1.61,0.00,97.72,
CPU08,T0013,13.08,54.07,0.04,32.81,
CPU07,T0013,0.00,0.78,0.00,99.22,
CPU06,T0013,0.00,0.79,0.00,99.21,
CPU05,T0013,0.00,0.87,0.00,99.13,
CPU04,T0013,25.68,46.10,0.04,28.18,
CPU03,T0013,0.40,1.19,0.00,98.42,
CPU02,T0013,0.80,1.07,0.00,98.13,
CPU01,T0013,12.87,11.40,0.05,75.69,
CPU00,T0013,52.98,43.39,0.03,3.61,
DISKBUSY,T0013,0.00,0.00,0.00,
DISKREAD,T0013,498.12,753.57,0.00,
DISKWRITE,T0013,8.93,91.21,0.00,
DISKXFER,T0013,3.29,13.79,0.00,
DISKSERV,T0013,0.00,0.00,0.00,
DISKWAIT,T0013,0.00,0.00,0.00,
MEMREAL,T0013,9437184.00,45687.80,15.44,47.60,51.91,49.98,
MEMVIRT,T0013,2097152.00,99.40,0.60,0.45,2.93,0.00,0.00,2.95,3230.63,0.00,
PROC,T0013,11.41,0.00,5504.57,16528.50,651.92,155.57,16.57,15.98,50.40,2.80,127.00,
LAN,T0013,191.62,0.00,0.13,134.11,0.33,0.36,281.72,0.03,0.68,281.38,3.60,5.17,0.00,0.00,0.00,
IP,T0013,11.79,3.48,5.17,281.38,11.79,0.03,0.68,281.72,2.20,0.25,0.29,130.27,2.20,0.00,0.13,191.62,
TCPUDP,T0013,279.24,286.56,13.31,8.03,
FILE,T0013,2.21,3359.94,0.00,1613889.38,27853.82,
JFSFILE,T0013,15.20,70.95,77.01,73.87,3.90,44.22,
JFSINODE,T0013,3.03,9.34,19.58,4.33,0.03,2.25,
LPAR,T0013,0.24,3.00,12.00,64.00,2.00,128.00,45.19,0.38,0.38,1.00,
ZZZZ,T0014,01:13:01,25-Sep-2019,,
CPU_ALL,T0014,8.26,3.44,0.00,88.29,12.00,
CPU011,T0014,0.00,0.26,0.00,99.74,
CPU010,T0014,0.00,0.26,0.00,99.74,
CPU09,T0014,0.00,0.30,0.00,99.70,
CPU08,T0014,0.00,59.01,0.00,40.99,
CPU07,T0014,0.00,0.21,0.00,99.79,
CPU06,T0014,0.00,0.22,0.00,99.78,
CPU05,T0014,0.00,0.24,0.00,99.76,
CPU04,T0014,0.00,60.91,0.00,39.09,
CPU03,T0014,0.47,1.72,0.00,97.81,
CPU02,T0014,0.36,1.79,0.00,97.85,
CPU01,T0014,11.34,8.18,0.01,80.48,
CPU00,T0014,70.41,26.48,0.00,3.10,
DISKBUSY,T0014,0.00,0.00,0.00,
DISKREAD,T0014,14.03,14.35,0.00,
DISKWRITE,T0014,12.24,58.52,0.00,
DISKXFER,T0014,1.17,6.52,0.00,
DISKSERV,T0014,0.00,0.00,0.00,
DISKWAIT,T0014,0.00,0.00,0.00,
MEMREAL,T0014,9437184.00,45417.00,15.44,47.60,51.91,49.98,
MEMVIRT,T0014,2097152.00,99.40,0.60,0.07,2.99,0.00,0.01,2.26,2238.61,0.00,
PROC,T0014,8.54,0.00,6662.09,16003.13,511.87,209.66,12.15,11.46,54.40,5.20,127.00,
LAN,T0014,540.56,0.00,0.13,1154.78,0.34,0.21,1023.21,0.04,0.70,1058.07,3.84,2.40,0.00,0.00,0.00,
IP,T0014,9.76,3.72,2.40,1058.07,9.76,0.04,0.70,1023.20,1.93,0.26,0.18,1140.32,1.93,0.00,0.13,540.56,
TCPUDP,T0014,1022.02,1061.55,10.30,7.67,
FILE,T0014,1.05,2939.65,0.00,718531.81,23619.58,
JFSFILE,T0014,15.20,70.95,77.01,73.87,3.90,44.23,
JFSINODE,T0014,3.03,9.34,19.58,4.33,0.03,2.25,
LPAR,T0014,0.41,3.00,12.00,64.00,2.00,128.00,45.64,0.65,0.65,1.00,
ZZZZ,T0015,01:18:01,25-Sep-2019,,
CPU_ALL,T0015,3.81,2.92,0.01,93.26,12.00,
CPU011,T0015,0.00,0.95,0.00,99.05,
CPU010,T0015,0.00,0.81,0.00,99.19,
CPU09,T0015,0.00,0.89,0.00,99.11,
CPU08,T0015,0.00,57.01,0.00,42.99,
CPU07,T0015,0.00,0.82,0.00,99.18,
CPU06,T0015,0.00,0.83,0.00,99.17,
CPU05,T0015,0.00,0.95,0.00,99.05,
CPU04,T0015,0.00,56.41,0.00,43.59,
CPU03,T0015,0.78,1.32,0.00,97.90,
CPU02,T0015,0.63,1.28,0.00,98.09,
CPU01,T0015,9.43,8.64,0.04,81.89,
CPU00,T0015,54.71,41.95,0.01,3.33,
DISKBUSY,T0015,0.00,0.00,0.00,
DISKREAD,T0015,7.02,7.07,0.00,
DISKWRITE,T0015,8.80,50.09,0.00,
DISKXFER,T0015,1.00,5.47,0.00,
DISKSERV,T0015,0.00,0.00,0.00,
DISKWAIT,T0015,0.00,0.00,0.00,
MEMREAL,T0015,9437184.00,45233.80,15.44,47.60,51.92,49.98,
MEMVIRT,T0015,2097152.00,99.40,0.60,0.68,2.53,0.00,0.00,2.49,2246.58,0.00,
PROC,T0015,7.98,0.00,5327.79,15073.33,534.53,122.91,12.16,11.46,41.00,2.60,126.00,
LAN,T0015,208.92,0.00,0.13,236.51,0.34,0.28,331.16,0.04,0.67,332.94,3.69,3.65,0.00,0.00,0.00,
IP,T0015,10.04,3.58,3.65,332.94,10.04,0.04,0.67,331.16,2.11,0.27,0.23,231.95,2.11,0.00,0.13,208.92,
TCPUDP,T0015,330.38,336.49,9.83,7.87,
FILE,T0015,0.86,3129.65,0.00,811388.25,22450.09,
JFSFILE,T0015,15.20,70.95,77.01,73.87,3.90,44.23,
JFSINODE,T0015,3.03,9.34,19.58,4.33,0.03,2.25,
LPAR,T0015,0.24,3.00,12.00,64.00,2.00,128.00,46.63,0.37,0.37,1.00,
ZZZZ,T0016,01:23:01,25-Sep-2019,,
CPU_ALL,T0016,5.21,2.99,0.00,91.80,12.00,
CPU011,T0016,0.00,1.28,0.00,98.72,
CPU010,T0016,0.00,1.29,0.00,98.71,
CPU09,T0016,0.00,1.42,0.00,98.58,
CPU08,T0016,4.75,51.46,0.00,43.78,
CPU07,T0016,0.00,1.29,0.00,98.71,
CPU06,T0016,0.00,1.34,0.00,98.66,
CPU05,T0016,0.00,1.46,0.00,98.54,
CPU04,T0016,9.35,47.28,0.00,43.36,
CPU03,T0016,0.45,1.16,0.00,98.39,
CPU02,T0016,0.66,1.39,0.00,97.95,
CPU01,T0016,9.31,8.24,0.01,82.43,
CPU00,T0016,57.32,39.72,0.01,2.96,
DISKBUSY,T0016,0.00,0.00,0.00,
DISKREAD,T0016,14.03,14.03,0.00,
DISKWRITE,T0016,9.09,63.08,0.00,
DISKXFER,T0016,0.97,6.76,0.00,
DISKSERV,T0016,0.00,0.00,0.00,
DISKWAIT,T0016,0.00,0.00,0.00,
MEMREAL,T0016,9437184.00,45157.40,15.44,47.60,51.92,49.98,
MEMVIRT,T0016,2097152.00,99.40,0.60,0.03,2.63,0.00,0.00,2.10,2262.81,0.00,
PROC,T0016,11.67,0.00,5568.98,14924.87,532.08,180.49,12.24,11.54,44.00,3.20,126.40,
LAN,T0016,298.25,0.00,0.14,582.61,0.36,0.25,480.63,0.04,0.78,493.70,4.01,3.03,0.00,0.00,0.00,
IP,T0016,9.78,3.89,3.03,493.70,9.78,0.04,0.78,480.63,1.94,0.28,0.21,575.86,1.94,0.00,0.14,298.25,
TCPUDP,T0016,479.29,497.11,10.24,7.88,
FILE,T0016,1.05,3013.94,0.00,790814.69,23023.71,
JFSFILE,T0016,15.20,70.95,77.01,73.88,3.90,44.23,
JFSINODE,T0016,3.03,9.34,19.58,4.33,0.03,2.25,
LPAR,T0016,0.29,3.00,12.00,64.00,2.00,128.00,46.76,0.45,0.45,1.00,
ZZZZ,T0017,01:28:01,25-Sep-2019,,
CPU_ALL,T0017,2.56,2.67,0.01,94.76,12.00,
CPU011,T0017,0.00,1.68,0.00,98.32,
CPU010,T0017,0.00,1.65,0.00,98.35,
CPU09,T0017,0.00,1.83,0.00,98.17,
CPU08,T0017,0.00,51.15,0.00,48.85,
CPU07,T0017,0.00,1.66,0.00,98.34,
CPU06,T0017,0.00,1.73,0.00,98.27,
CPU05,T0017,0.00,1.92,0.00,98.08,
CPU04,T0017,0.00,48.23,0.00,51.77,
CPU03,T0017,0.61,0.69,0.00,98.69,
CPU02,T0017,0.54,2.92,0.00,96.54,
CPU01,T0017,8.03,8.65,0.06,83.27,
CPU00,T0017,47.83,49.05,0.01,3.11,
DISKBUSY,T0017,0.00,0.00,0.00,
DISKREAD,T0017,7.02,7.04,0.00,
DISKWRITE,T0017,6.56,50.27,0.00,
DISKXFER,T0017,0.81,5.57,0.00,
DISKSERV,T0017,0.00,0.00,0.00,
DISKWAIT,T0017,0.00,0.00,0.00,
MEMREAL,T0017,9437184.00,45142.00,15.44,47.61,51.92,49.98,
MEMVIRT,T0017,2097152.00,99.40,0.60,0.04,1.97,0.00,0.00,1.53,2232.11,0.00,
PROC,T0017,9.30,0.00,4768.19,14741.39,546.13,95.59,12.18,11.49,36.40,2.00,127.00,
LAN,T0017,102.34,0.00,0.14,11.00,0.34,0.19,43.95,0.03,0.76,39.44,3.62,2.08,0.00,0.00,0.00,
IP,T0017,9.83,3.50,2.08,39.44,9.83,0.03,0.76,43.95,1.93,0.26,0.16,10.46,1.93,0.00,0.14,102.34,
TCPUDP,T0017,43.00,42.97,9.73,7.75,
FILE,T0017,0.83,3222.69,0.00,841267.12,20925.85,
JFSFILE,T0017,15.20,70.95,77.01,73.88,3.90,44.24,
JFSINODE,T0017,3.03,9.34,19.58,4.33,0.03,2.25,
LPAR,T0017,0.18,3.00,12.00,64.00,2.00,128.00,48.79,0.29,0.29,1.00,
ZZZZ,T0018,01:33:01,25-Sep-2019,,
CPU_ALL,T0018,2.71,2.78,0.01,94.50,12.00,
CPU011,T0018,0.00,1.61,0.00,98.39,
CPU010,T0018,0.00,1.59,0.00,98.41,
CPU09,T0018,0.00,1.81,0.00,98.19,
CPU08,T0018,10.36,47.60,0.00,42.04,
CPU07,T0018,0.00,1.66,0.00,98.34,
CPU06,T0018,0.00,1.78,0.00,98.22,
CPU05,T0018,0.00,1.96,0.00,98.04,
CPU04,T0018,9.76,46.89,0.01,43.34,
CPU03,T0018,1.25,0.99,0.00,97.76,
CPU02,T0018,0.54,2.08,0.01,97.38,
CPU01,T0018,9.73,11.42,0.00,78.84,
CPU00,T0018,48.24,48.60,0.01,3.15,
DISKBUSY,T0018,0.00,0.00,0.00,
DISKREAD,T0018,28.06,46.81,0.00,
DISKWRITE,T0018,6.80,72.46,0.00,
DISKXFER,T0018,0.93,7.11,0.00,
DISKSERV,T0018,0.00,0.00,0.00,
DISKWAIT,T0018,0.00,0.00,0.00,
MEMREAL,T0018,9437184.00,44672.60,15.44,47.61,51.92,49.98,
MEMVIRT,T0018,2097152.00,99.40,0.60,4.05,4.05,0.00,0.00,4.30,2902.44,0.00,
PROC,T0018,10.75,0.00,4813.99,15829.45,624.05,134.37,16.58,14.50,40.40,2.00,128.00,
LAN,T0018,106.91,0.00,0.13,15.61,0.33,0.34,45.97,0.05,0.65,41.14,3.81,4.71,0.00,0.00,0.00,
IP,T0018,9.83,3.69,4.71,41.14,9.83,0.05,0.65,45.96,1.95,0.25,0.27,15.05,1.96,0.01,0.13,106.91,
TCPUDP,T0018,44.29,44.64,10.39,7.64,
FILE,T0018,1.10,3264.63,0.00,1064718.12,45712.14,
JFSFILE,T0018,15.20,70.95,77.01,73.87,3.91,44.24,
JFSINODE,T0018,3.03,9.34,19.58,4.33,0.03,2.25,
LPAR,T0018,0.19,3.00,12.00,64.00,2.00,128.00,52.12,0.30,0.30,1.00,
ZZZZ,T0019,01:38:01,25-Sep-2019,,
CPU_ALL,T0019,2.70,2.51,0.01,94.78,12.00,
CPU011,T0019,0.00,1.46,0.00,98.54,
CPU010,T0019,0.00,1.46,0.00,98.54,
CPU09,T0019,0.00,1.58,0.00,98.42,
CPU08,T0019,16.14,41.48,0.00,42.38,
CPU07,T0019,0.00,1.65,0.00,98.35,
CPU06,T0019,0.00,1.75,0.00,98.25,
CPU05,T0019,0.00,1.89,0.00,98.11,
CPU04,T0019,5.06,50.11,0.00,44.83,
CPU03,T0019,0.09,0.40,0.00,99.51,
CPU02,T0019,0.92,2.11,0.00,96.97,
CPU01,T0019,9.00,7.40,0.00,83.60,
CPU00,T0019,50.22,46.74,0.01,3.03,
DISKBUSY,T0019,0.00,0.00,0.00,
DISKREAD,T0019,7.02,7.04,0.00,
DISKWRITE,T0019,6.21,67.73,0.00,
DISKXFER,T0019,0.77,7.19,0.00,
DISKSERV,T0019,0.00,0.00,0.00,
DISKWAIT,T0019,0.00,0.00,0.00,
MEMREAL,T0019,9437184.00,44588.60,15.44,47.61,51.92,49.99,
MEMVIRT,T0019,2097152.00,99.40,0.60,0.03,2.76,0.00,0.00,2.41,2281.92,0.00,
PROC,T0019,10.69,0.00,4766.66,13730.03,526.52,262.50,12.15,11.47,40.80,2.00,126.40,
LAN,T0019,102.14,0.00,0.13,10.80,0.34,0.18,44.36,0.04,0.66,39.56,3.67,2.03,0.00,0.00,0.00,
IP,T0019,9.87,3.55,2.03,39.56,9.87,0.04,0.66,44.36,2.07,0.27,0.16,10.26,2.06,0.00,0.13,102.14,
TCPUDP,T0019,43.28,43.03,10.11,7.82,
FILE,T0019,1.02,2940.83,0.00,786927.81,23309.42,
JFSFILE,T0019,15.20,70.95,77.01,73.88,3.90,44.25,
JFSINODE,T0019,3.03,9.34,19.58,4.33,0.03,2.25,
LPAR,T0019,0.18,3.00,12.00,64.00,2.00,128.00,53.19,0.29,0.29,1.00,
ZZZZ,T0020,01:43:01,25-Sep-2019,,
CPU_ALL,T0020,1.96,2.48,0.00,95.56,12.00,
CPU011,T0020,0.00,1.77,0.00,98.23,
CPU010,T0020,0.00,1.76,0.00,98.24,
CPU09,T0020,0.00,1.95,0.00,98.05,
CPU08,T0020,0.00,49.92,0.00,50.08,
CPU07,T0020,0.00,1.64,0.00,98.36,
CPU06,T0020,0.00,1.75,0.00,98.25,
CPU05,T0020,0.00,1.92,0.00,98.08,
CPU04,T0020,0.00,48.68,0.00,51.32,
CPU03,T0020,0.62,0.83,0.00,98.55,
CPU02,T0020,0.96,1.23,0.06,97.75,
CPU01,T0020,8.48,11.99,0.00,79.53,
CPU00,T0020,42.79,53.27,0.01,3.93,
DISKBUSY,T0020,0.00,0.00,0.00,
DISKREAD,T0020,14.03,14.14,0.00,
DISKWRITE,T0020,7.57,62.07,0.00,
DISKXFER,T0020,0.94,6.88,0.00,
DISKSERV,T0020,0.00,0.00,0.00,
DISKWAIT,T0020,0.00,0.00,0.00,
MEMREAL,T0020,9437184.00,44793.20,15.44,47.61,51.92,49.98,
MEMVIRT,T0020,2097152.00,99.40,0.60,0.72,3.07,0.00,0.00,2.60,2245.56,0.00,
PROC,T0020,9.09,0.00,4979.35,11765.16,457.55,282.05,12.15,11.46,37.40,2.00,127.00,
LAN,T0020,106.91,0.00,0.13,14.06,0.33,0.26,51.72,0.06,0.62,45.83,3.76,3.41,0.00,0.00,0.00,
IP,T0020,10.28,3.64,3.41,45.83,10.28,0.06,0.62,51.72,1.98,0.25,0.21,13.43,1.98,0.00,0.13,106.91,
TCPUDP,T0020,50.33,49.57,11.22,7.65,
FILE,T0020,1.05,2707.37,0.00,517291.12,25738.08,
JFSFILE,T0020,15.20,70.95,77.01,73.88,3.90,44.25,
JFSINODE,T0020,3.03,9.34,19.58,4.33,0.03,2.26,
LPAR,T0020,0.16,3.00,12.00,64.00,2.00,128.00,53.93,0.25,0.25,1.00,
ZZZZ,T0021,01:48:01,25-Sep-2019,,
CPU_ALL,T0021,2.37,2.52,0.01,95.11,12.00,
CPU011,T0021,0.00,1.96,0.00,98.04,
CPU010,T0021,0.00,2.00,0.00,98.00,
CPU09,T0021,0.00,2.19,0.00,97.81,
CPU08,T0021,0.00,47.38,0.00,52.62,
CPU07,T0021,0.00,1.81,0.00,98.19,
CPU06,T0021,0.00,1.93,0.00,98.07,
CPU05,T0021,0.00,2.12,0.00,97.88,
CPU04,T0021,0.00,48.26,0.00,51.74,
CPU03,T0021,0.55,0.90,0.00,98.55,
CPU02,T0021,1.02,2.55,0.00,96.43,
CPU01,T0021,8.43,9.89,0.03,81.65,
CPU00,T0021,47.17,49.39,0.01,3.43,
DISKBUSY,T0021,0.00,0.00,0.00,
DISKREAD,T0021,7.02,7.19,0.00,
DISKWRITE,T0021,7.92,71.23,0.00,
DISKXFER,T0021,0.92,7.86,0.00,
DISKSERV,T0021,0.00,0.00,0.00,
DISKWAIT,T0021,0.00,0.00,0.00,
MEMREAL,T0021,9437184.00,44640.40,15.44,47.61,51.92,49.98,
MEMVIRT,T0021,2097152.00,99.40,0.60,0.03,3.38,0.00,0.00,3.30,2237.75,0.00,
PROC,T0021,7.52,0.20,4954.41,13825.72,524.13,450.11,12.15,11.46,38.80,2.00,127.00,
LAN,T0021,101.22,0.00,0.13,9.77,0.34,0.26,44.54,0.03,0.65,39.23,3.76,3.46,0.00,0.00,0.00,
IP,T0021,10.22,3.64,3.46,39.23,10.22,0.03,0.65,44.53,2.04,0.26,0.22,9.23,2.05,0.00,0.13,101.22,
TCPUDP,T0021,44.01,43.06,10.28,7.93,
FILE,T0021,1.12,2948.31,0.00,740516.75,26688.11,
JFSFILE,T0021,15.20,70.95,77.01,73.89,3.90,44.25,
JFSINODE,T0021,3.03,9.34,19.58,4.33,0.03,2.26,
LPAR,T0021,0.17,3.00,12.00,64.00,2.00,128.00,53.80,0.27,0.27,1.00,
ZZZZ,T0022,01:53:01,25-Sep-2019,,
CPU_ALL,T0022,4.65,13.01,1.14,81.20,12.00,
CPU011,T0022,0.86,10.41,0.96,87.77,
CPU010,T0022,1.10,9.72,1.51,87.67,
CPU09,T0022,6.07,31.66,2.71,59.56,
CPU08,T0022,10.66,59.85,1.21,28.28,
CPU07,T0022,2.42,13.76,1.29,82.54,
CPU06,T0022,2.73,15.35,1.36,80.56,
CPU05,T0022,9.09,36.48,2.55,51.88,
CPU04,T0022,11.03,61.75,1.21,26.01,
CPU03,T0022,2.91,10.87,0.82,85.39,
CPU02,T0022,3.19,11.38,0.75,84.68,
CPU01,T0022,11.94,32.00,1.75,54.31,
CPU00,T0022,38.07,56.42,0.75,4.76,
DISKBUSY,T0022,0.00,0.00,0.00,
DISKREAD,T0022,7.02,7.04,0.00,
DISKWRITE,T0022,8.75,120.17,0.00,
DISKXFER,T0022,0.95,10.37,0.00,
DISKSERV,T0022,0.00,0.00,0.00,
DISKWAIT,T0022,0.00,0.00,0.00,
MEMREAL,T0022,9437184.00,147546.80,15.44,47.61,50.83,48.89,
MEMVIRT,T0022,2097152.00,99.40,0.60,8571.75,2367.95,0.00,0.00,834.67,2499.03,0.00,
PROC,T0022,7.30,2.50,12264.01,20266.37,765.62,774.72,12.13,11.43,83.40,7.40,127.00,
LAN,T0022,9981.31,0.00,0.13,9891.83,0.34,0.27,2089.80,0.05,0.69,2672.60,3.81,3.39,0.00,0.00,0.00,
IP,T0022,10.21,3.70,3.39,2672.60,10.21,0.05,0.69,2089.73,1.96,0.26,0.22,4569.94,1.96,0.00,0.13,9981.07,
TCPUDP,T0022,1998.16,2676.50,101.55,7.68,
FILE,T0022,1.31,4334.92,0.00,10396266.00,9674602.00,
JFSFILE,T0022,15.20,70.95,77.01,73.90,3.90,44.26,
JFSINODE,T0022,3.03,9.34,19.58,4.33,0.03,2.26,
LPAR,T0022,0.57,3.00,12.00,64.00,2.00,128.00,52.61,0.88,0.88,1.00,
ZZZZ,T0023,01:58:01,25-Sep-2019,,
CPU_ALL,T0023,2.56,2.59,0.01,94.84,12.00,
CPU011,T0023,0.00,1.97,0.00,98.03,
CPU010,T0023,0.00,1.97,0.00,98.03,
CPU09,T0023,0.00,2.14,0.00,97.86,
CPU08,T0023,0.00,45.29,0.00,54.71,
CPU07,T0023,0.00,2.02,0.00,97.98,
CPU06,T0023,0.00,2.09,0.00,97.91,
CPU05,T0023,0.00,2.27,0.00,97.73,
CPU04,T0023,0.00,42.49,0.00,57.51,
CPU03,T0023,1.01,1.26,0.00,97.73,
CPU02,T0023,0.37,1.32,0.00,98.31,
CPU01,T0023,8.84,10.68,0.01,80.46,
CPU00,T0023,48.57,48.04,0.01,3.38,
DISKBUSY,T0023,0.00,0.00,0.00,
DISKREAD,T0023,14.03,14.03,0.00,
DISKWRITE,T0023,9.25,50.98,0.00,
DISKXFER,T0023,0.98,5.57,0.00,
DISKSERV,T0023,0.00,0.00,0.00,
DISKWAIT,T0023,0.00,0.00,0.00,
MEMREAL,T0023,9437184.00,191873.20,15.44,47.61,50.36,48.42,
MEMVIRT,T0023,2097152.00,99.40,0.60,0.02,2.01,0.00,0.00,1.78,2247.70,0.00,
PROC,T0023,8.34,0.20,4988.98,15024.77,542.82,95.87,12.16,11.47,41.80,2.00,126.40,
LAN,T0023,102.15,0.00,0.12,9.63,0.33,0.18,44.65,0.03,0.62,40.19,3.52,2.00,0.00,0.00,0.00,
IP,T0023,10.88,3.41,2.00,40.19,10.88,0.03,0.62,44.64,2.22,0.25,0.15,9.08,2.22,0.00,0.12,102.15,
TCPUDP,T0023,45.74,44.76,9.54,7.70,
FILE,T0023,0.84,3240.15,0.00,843763.31,21066.42,
JFSFILE,T0023,15.21,70.95,77.01,73.90,3.90,44.26,
JFSINODE,T0023,3.03,9.34,19.58,4.33,0.03,2.26,
LPAR,T0023,0.18,3.00,12.00,64.00,2.00,128.00,54.59,0.28,0.28,1.00,
ZZZZ,T0024,02:03:01,25-Sep-2019,,
CPU_ALL,T0024,3.10,2.75,0.01,94.14,12.00,
CPU011,T0024,0.00,1.43,0.00,98.57,
CPU010,T0024,0.00,1.35,0.00,98.65,
CPU09,T0024,0.00,1.57,0.00,98.43,
CPU08,T0024,0.00,50.24,0.00,49.76,
CPU07,T0024,0.00,1.43,0.00,98.57,
CPU06,T0024,0.00,1.42,0.00,98.58,
CPU05,T0024,0.00,1.82,0.00,98.18,
CPU04,T0024,0.00,48.57,0.00,51.43,
CPU03,T0024,0.27,1.21,0.00,98.52,
CPU02,T0024,0.39,1.92,0.00,97.69,
CPU01,T0024,7.15,8.90,0.00,83.95,
CPU00,T0024,51.91,44.68,0.01,3.40,
DISKBUSY,T0024,0.00,0.00,0.00,
DISKREAD,T0024,11.04,9.47,0.00,
DISKWRITE,T0024,11.22,53.55,0.00,
DISKXFER,T0024,1.40,6.06,0.00,
DISKSERV,T0024,0.00,0.00,0.00,
DISKWAIT,T0024,0.00,0.00,0.00,
MEMREAL,T0024,9437184.00,191588.20,15.44,47.61,50.36,48.43,
MEMVIRT,T0024,2097152.00,99.40,0.60,0.84,2.73,0.00,0.00,2.93,2237.21,0.00,
PROC,T0024,8.87,0.20,5346.76,15505.96,543.24,123.21,12.17,11.47,37.60,2.40,126.60,
LAN,T0024,158.01,0.00,0.19,75.40,0.37,0.24,227.42,0.05,0.76,223.13,4.16,2.88,0.00,0.00,0.00,
IP,T0024,10.52,4.05,2.88,223.13,10.52,0.05,0.76,227.41,2.09,0.28,0.20,72.35,2.09,0.00,0.19,158.01,
TCPUDP,T0024,227.49,227.13,10.28,7.94,
FILE,T0024,0.95,3161.86,0.00,841917.94,22403.39,
JFSFILE,T0024,15.21,70.95,77.01,73.90,3.90,44.27,
JFSINODE,T0024,3.03,9.34,19.58,4.33,0.03,2.26,
LPAR,T0024,0.21,3.00,12.00,64.00,2.00,128.00,53.04,0.33,0.33,1.00,
ZZZZ,T0025,02:08:01,25-Sep-2019,,
CPU_ALL,T0025,3.42,2.89,0.02,93.67,12.00,
CPU011,T0025,0.00,0.95,0.00,99.05,
CPU010,T0025,0.00,0.89,0.00,99.11,
CPU09,T0025,0.00,1.00,0.00,99.00,
CPU08,T0025,7.27,51.51,0.00,41.22,
CPU07,T0025,0.00,1.02,0.00,98.98,
CPU06,T0025,0.00,1.00,0.00,99.00,
CPU05,T0025,0.00,1.20,0.00,98.80,
CPU04,T0025,7.92,51.54,0.01,40.53,
CPU03,T0025,0.41,1.23,0.00,98.36,
CPU02,T0025,0.64,1.91,0.00,97.45,
CPU01,T0025,11.11,11.79,0.03,77.07,
CPU00,T0025,52.88,43.57,0.03,3.51,
DISKBUSY,T0025,0.00,0.00,0.00,
DISKREAD,T0025,7.02,7.34,0.00,
DISKWRITE,T0025,13.17,75.68,0.00,
DISKXFER,T0025,1.35,7.57,0.00,
DISKSERV,T0025,0.00,0.00,0.00,
DISKWAIT,T0025,0.00,0.00,0.00,
MEMREAL,T0025,9437184.00,192096.41,15.44,47.61,50.36,48.42,
MEMVIRT,T0025,2097152.00,99.40,0.60,20.97,39.16,0.00,0.00,10.03,2296.80,0.00,
PROC,T0025,9.72,0.20,5346.33,15109.86,595.91,204.65,12.19,11.51,41.20,2.40,127.00,
LAN,T0025,330.17,0.00,0.13,209.67,0.33,0.19,217.91,0.03,0.67,239.18,3.62,2.01,0.00,0.00,0.00,
IP,T0025,10.58,3.50,2.01,239.18,10.58,0.03,0.67,217.91,2.05,0.25,0.16,206.40,2.06,0.00,0.13,330.17,
TCPUDP,T0025,217.04,243.47,11.11,7.76,
FILE,T0025,1.35,3074.95,0.00,960858.88,171419.25,
JFSFILE,T0025,15.21,70.95,77.01,73.91,3.90,44.27,
JFSINODE,T0025,3.03,9.34,19.58,4.34,0.03,2.26,
LPAR,T0025,0.22,3.00,12.00,64.00,2.00,128.00,53.25,0.35,0.35,1.00,
ZZZZ,T0026,02:13:01,25-Sep-2019,,
CPU_ALL,T0026,3.06,2.91,0.05,93.98,12.00,
CPU011,T0026,0.00,0.94,0.00,99.06,
CPU010,T0026,0.00,0.84,0.00,99.16,
CPU09,T0026,0.00,1.30,0.00,98.70,
CPU08,T0026,0.00,55.47,0.00,44.53,
CPU07,T0026,0.00,0.80,0.00,99.20,
CPU06,T0026,0.00,0.83,0.00,99.17,
CPU05,T0026,0.00,0.98,0.00,99.02,
CPU04,T0026,0.00,54.40,0.00,45.60,
CPU03,T0026,0.79,2.20,0.00,97.00,
CPU02,T0026,0.58,1.82,0.00,97.61,
CPU01,T0026,10.21,10.52,0.08,79.19,
CPU00,T0026,50.14,46.30,0.06,3.50,
DISKBUSY,T0026,0.00,0.00,0.00,
DISKREAD,T0026,7.02,7.07,0.00,
DISKWRITE,T0026,18.93,74.16,0.00,
DISKXFER,T0026,2.00,7.52,0.00,
DISKSERV,T0026,0.00,0.00,0.00,
DISKWAIT,T0026,0.00,0.00,0.00,
MEMREAL,T0026,9437184.00,198006.80,15.44,47.61,50.29,48.36,
MEMVIRT,T0026,2097152.00,99.40,0.60,25.97,49.66,0.00,0.00,12.09,2228.13,0.00,
PROC,T0026,9.50,0.60,5331.33,14792.17,572.25,224.36,12.14,11.44,50.00,2.60,127.00,
LAN,T0026,382.35,0.01,0.13,230.43,0.34,0.28,226.92,0.06,0.67,253.35,3.88,3.70,0.00,0.00,0.00,
IP,T0026,10.51,3.76,3.70,253.35,10.51,0.06,0.67,226.92,2.04,0.26,0.23,226.97,2.04,0.00,0.13,382.35,
TCPUDP,T0026,224.92,257.45,12.07,7.74,
FILE,T0026,1.66,3026.63,0.00,885969.38,219364.78,
JFSFILE,T0026,15.21,70.95,77.01,73.91,3.90,44.28,
JFSINODE,T0026,3.03,9.34,19.58,4.34,0.03,2.26,
LPAR,T0026,0.21,3.00,12.00,64.00,2.00,128.00,53.53,0.33,0.33,1.00,
ZZZZ,T0027,02:18:01,25-Sep-2019,,
CPU_ALL,T0027,2.58,2.57,0.00,94.85,12.00,
CPU011,T0027,0.00,1.67,0.00,98.33,
CPU010,T0027,0.00,1.67,0.00,98.33,
CPU09,T0027,0.00,1.82,0.00,98.18,
CPU08,T0027,0.00,47.88,0.00,52.12,
CPU07,T0027,0.00,1.77,0.00,98.23,
CPU06,T0027,0.00,1.84,0.00,98.16,
CPU05,T0027,0.00,2.00,0.00,98.00,
CPU04,T0027,0.00,45.50,0.00,54.50,
CPU03,T0027,1.13,0.96,0.00,97.91,
CPU02,T0027,0.52,0.87,0.00,98.61,
CPU01,T0027,7.83,11.64,0.06,80.46,
CPU00,T0027,49.04,47.58,0.01,3.37,
DISKBUSY,T0027,0.00,0.00,0.00,
DISKREAD,T0027,14.03,14.03,0.00,
DISKWRITE,T0027,12.24,50.45,0.00,
DISKXFER,T0027,1.40,5.51,0.00,
DISKSERV,T0027,0.00,0.00,0.00,
DISKWAIT,T0027,0.00,0.00,0.00,
MEMREAL,T0027,9437184.00,198774.41,15.44,47.61,50.29,48.35,
MEMVIRT,T0027,2097152.00,99.40,0.60,0.00,2.01,0.00,0.00,1.98,2252.00,0.00,
PROC,T0027,8.12,0.00,4930.39,15130.10,545.44,105.84,12.16,11.48,41.60,2.00,126.40,
LAN,T0027,109.00,0.00,0.13,17.88,0.34,0.19,79.90,0.03,0.70,74.84,3.69,2.02,0.00,0.00,0.00,
IP,T0027,10.20,3.57,2.02,74.84,10.20,0.03,0.70,79.90,2.01,0.27,0.16,16.85,2.01,0.00,0.13,109.00,
TCPUDP,T0027,79.49,78.75,9.94,7.85,
FILE,T0027,0.98,3198.16,0.00,864215.31,20139.91,
JFSFILE,T0027,15.21,70.95,77.01,73.91,3.90,44.28,
JFSINODE,T0027,3.03,9.34,19.58,4.34,0.03,2.26,
LPAR,T0027,0.18,3.00,12.00,64.00,2.00,128.00,55.07,0.28,0.28,1.00,
ZZZZ,T0028,02:23:01,25-Sep-2019,,
CPU_ALL,T0028,2.69,2.59,0.00,94.72,12.00,
CPU011,T0028,0.00,1.46,0.00,98.54,
CPU010,T0028,0.00,1.46,0.00,98.54,
CPU09,T0028,0.00,1.59,0.00,98.41,
CPU08,T0028,0.00,49.26,0.00,50.74,
CPU07,T0028,0.00,1.63,0.00,98.37,
CPU06,T0028,0.00,1.68,0.00,98.32,
CPU05,T0028,0.00,1.85,0.00,98.15,
CPU04,T0028,0.00,46.36,0.00,53.64,
CPU03,T0028,0.63,1.11,0.00,98.26,
CPU02,T0028,0.64,0.93,0.00,98.42,
CPU01,T0028,7.38,10.47,0.04,82.11,
CPU00,T0028,49.94,46.53,0.01,3.51,
DISKBUSY,T0028,0.00,0.00,0.00,
DISKREAD,T0028,7.02,7.02,0.00,
DISKWRITE,T0028,15.60,63.05,0.00,
DISKXFER,T0028,1.82,6.71,0.00,
DISKSERV,T0028,0.00,0.00,0.00,
DISKWAIT,T0028,0.00,0.00,0.00,
MEMREAL,T0028,9437184.00,198731.59,15.44,47.61,50.29,48.35,
MEMVIRT,T0028,2097152.00,99.40,0.60,0.65,2.97,0.00,0.00,2.97,2225.34,0.00,
PROC,T0028,12.99,0.00,4958.71,14104.69,524.32,203.77,12.14,11.44,44.20,2.20,126.40,
LAN,T0028,135.11,0.01,0.14,42.24,0.36,0.27,188.52,0.05,0.75,182.14,4.05,3.39,0.00,0.00,0.00,
IP,T0028,9.84,3.93,3.39,182.14,9.84,0.05,0.75,188.52,1.99,0.28,0.22,39.75,2.00,0.01,0.14,135.11,
TCPUDP,T0028,187.30,185.48,10.32,7.87,
FILE,T0028,1.08,2933.72,0.00,759673.06,21551.52,
JFSFILE,T0028,15.21,70.95,77.01,73.91,3.90,44.28,
JFSINODE,T0028,3.03,9.34,19.58,4.34,0.03,2.26,
LPAR,T0028,0.19,3.00,12.00,64.00,2.00,128.00,54.41,0.29,0.29,1.00,
ZZZZ,T0029,02:28:02,25-Sep-2019,,
CPU_ALL,T0029,3.09,3.05,0.02,93.84,12.00,
CPU011,T0029,0.00,0.63,0.00,99.37,
CPU010,T0029,0.00,0.63,0.00,99.37,
CPU09,T0029,0.00,0.71,0.00,99.29,
CPU08,T0029,0.00,55.25,0.00,44.75,
CPU07,T0029,0.00,0.65,0.00,99.35,
CPU06,T0029,0.00,0.67,0.00,99.33,
CPU05,T0029,0.00,0.72,0.00,99.28,
CPU04,T0029,0.00,54.10,0.00,45.90,
CPU03,T0029,0.60,2.16,0.10,97.14,
