CPU_ALL,CPU Total ,User%,Sys%,Wait%,Idle%,CPUs,
CPU011,CPU Total ,User%,Sys%,Wait%,Idle%,
CPU010,CPU Total ,User%,Sys%,Wait%,Idle%,
CPU09,CPU Total ,User%,Sys%,Wait%,Idle%,
CPU08,CPU Total ,User%,Sys%,Wait%,Idle%,
CPU07,CPU Total ,User%,Sys%,Wait%,Idle%,
CPU06,CPU Total ,User%,Sys%,Wait%,Idle%,
CPU05,CPU Total ,User%,Sys%,Wait%,Idle%,
CPU04,CPU Total ,User%,Sys%,Wait%,Idle%,
CPU03,CPU Total ,User%,Sys%,Wait%,Idle%,
CPU02,CPU Total ,User%,Sys%,Wait%,Idle%,
CPU01,CPU Total ,User%,Sys%,Wait%,Idle%,
CPU00,CPU Total ,User%,Sys%,Wait%,Idle%,
DISKBUSY,Disk %Busy ,hdisk1,hdisk99,hdisk0,
DISKREAD,Disk Read 512 bytes per sec ,hdisk1,hdisk99,hdisk0,
DISKWRITE,Disk Write 512 bytes per sec ,hdisk1,hdisk99,hdisk0,
DISKXFER,Disk transfers per second ,hdisk1,hdisk99,hdisk0,
DISKSERV,Disk Avg service time/transfer ,hdisk1,hdisk99,hdisk0,
DISKWAIT,Average wait queue time for read/write transfers,hdisk1,hdisk99,hdisk0,
MEMREAL,Real Memory Statistics,Size 4k pages,free frames 4k,%pinned,%comp,%noncomp,%client,
MEMVIRT,PgSp / Virtual Memory Statistics,PageSpace,%free,%used,pagein,pageout,pgspgin,pgspgout,sio,totfaults,steal,
PROC,Processes ,Runnable,Swap-in,pswitch,syscall,read,write,fork,exec,loadavg,utilavg,numprocs,
LAN,LAN Interfaces Statistics,ent0/kbytesout,ent2/kbytesout,ent1/kbytesout,ent0/kbytesin,ent2/kbytesin,ent1/kbytesin,ent0/framesout,ent2/framesout,ent1/framesout,ent0/framesin,ent2/framesin,ent1/framesin,ent0/recvdrops,ent2/recvdrops,ent1/recvdrops,
IP,IP Statistics for network interface,lo0/ipacket,en2/ipacket,en1/ipacket,en0/ipacket,lo0/opacket,en2/opacket,en1/opacket,en0/opacket,lo0/ioctet_kb,en2/ioctet_kb,en1/ioctet_kb,en0/ioctet_kb,lo0/ooctet_kb,en2/ooctet_kb,en1/ooctet_kb,en0/ooctet_kb,
TCPUDP,IP Protocol statistics,TCPSendTot,TCPRcvTot,UDPSnddgrm,UDPRcvdgrm,
FILE,File I/O ,iget,namei,dirblk,readch,writech,
JFSFILE,JFS Filespace %Used,/,/home,/usr,/var,/tmp,/opt,
JFSINODE,JFS Inode %Used,/,/home,/usr,/var,/tmp,opt,
LPAR,LPAR Stats,PhysicalCPU,VirtualCPUs,LogicalCPUs,poolCPUS,entitled,weight,poolIdle,UsedAllCPU%,UsedPoolCPU%,SharedCPU,
ZZZZ,T0001,00:06:37,17-Sep-2019,,
CPU_ALL,T0001,4.80,3.48,0.01,91.72,12.00,
CPU011,T0001,0.00,0.90,0.00,99.10,
CPU010,T0001,0.00,0.89,0.00,99.11,
CPU09,T0001,0.00,1.05,0.00,98.95,
CPU08,T0001,0.00,55.96,0.00,44.04,
CPU07,T0001,0.00,0.96,0.00,99.04,
CPU06,T0001,0.00,0.92,0.00,99.08,
CPU05,T0001,0.00,1.02,0.00,98.98,
CPU04,T0001,0.00,54.94,0.00,45.06,
CPU03,T0001,0.82,2.13,0.00,97.05,
CPU02,T0001,0.78,2.12,0.00,97.10,
CPU01,T0001,11.08,12.04,0.03,76.85,
CPU00,T0001,55.87,40.11,0.01,4.00,
DISKBUSY,T0001,0.00,0.00,0.00,
DISKREAD,T0001,7.02,7.02,0.00,
DISKWRITE,T0001,17.62,68.73,0.00,
DISKXFER,T0001,1.63,7.34,0.00,
DISKSERV,T0001,0.00,0.00,0.00,
DISKWAIT,T0001,0.00,0.00,0.00,
MEMREAL,T0001,9437184.00,43828.80,15.43,50.61,48.93,47.16,
MEMVIRT,T0001,2097152.00,99.38,0.62,7.23,10.62,0.00,0.02,5.65,2249.14,0.00,
PROC,T0001,9.68,0.40,6616.58,16263.35,532.44,218.26,12.15,11.46,48.80,3.80,122.80,
LAN,T0001,475.51,0.01,0.13,273.17,0.36,0.28,787.00,0.06,0.64,795.80,4.14,3.66,0.00,0.00,0.00,
IP,T0001,10.82,4.02,3.66,795.80,10.82,0.06,0.64,786.98,4.43,0.27,0.23,262.30,4.43,0.00,0.13,475.50,
TCPUDP,T0001,785.63,800.47,11.57,7.53,
FILE,T0001,1.39,3383.86,0.00,744346.44,52939.32,
JFSFILE,T0001,15.19,70.60,77.01,73.68,3.89,44.54,
JFSINODE,T0001,3.03,9.16,19.58,4.30,0.03,2.27,
LPAR,T0001,0.30,3.00,12.00,64.00,2.00,128.00,39.05,0.46,0.46,1.00,
ZZZZ,T0002,00:11:37,17-Sep-2019,,
CPU_ALL,T0002,9.26,4.78,0.02,85.95,12.00,
CPU011,T0002,0.35,0.29,0.00,99.36,
CPU010,T0002,0.30,0.38,0.00,99.32,
CPU09,T0002,2.27,0.46,0.03,97.24,
CPU08,T0002,6.78,55.50,0.02,37.71,
CPU07,T0002,0.51,0.45,0.00,99.04,
CPU06,T0002,0.25,0.40,0.00,99.36,
CPU05,T0002,1.70,0.63,0.00,97.67,
CPU04,T0002,8.89,54.14,0.01,36.97,
CPU03,T0002,0.65,2.91,0.00,96.43,
CPU02,T0002,0.46,3.01,0.00,96.53,
CPU01,T0002,16.57,12.94,0.03,70.47,
CPU00,T0002,66.19,29.33,0.02,4.46,
DISKBUSY,T0002,0.00,0.00,0.00,
DISKREAD,T0002,14.03,18.99,0.00,
DISKWRITE,T0002,14.98,78.97,0.00,
DISKXFER,T0002,1.33,7.96,0.00,
DISKSERV,T0002,0.00,0.00,0.00,
DISKWAIT,T0002,0.00,0.00,0.00,
MEMREAL,T0002,9437184.00,45659.60,15.43,50.60,48.92,47.15,
MEMVIRT,T0002,2097152.00,99.38,0.62,15.85,44.35,0.00,0.01,12.36,2259.64,0.00,
PROC,T0002,10.00,0.20,9512.96,19667.91,551.71,231.61,12.15,11.46,68.20,7.20,123.00,
LAN,T0002,1177.39,0.00,0.13,860.62,0.34,0.27,2361.55,0.06,0.66,2386.55,4.00,3.58,0.00,0.00,0.00,
IP,T0002,15.08,3.88,3.58,2386.55,15.08,0.06,0.66,2361.50,14.03,0.26,0.22,827.99,14.03,0.01,0.13,1177.37,
TCPUDP,T0002,2363.51,2395.40,12.85,7.52,
FILE,T0002,1.36,3488.27,0.00,821680.12,144660.78,
JFSFILE,T0002,15.19,70.60,77.01,73.68,3.89,44.55,
JFSINODE,T0002,3.03,9.16,19.58,4.30,0.03,2.27,
LPAR,T0002,0.50,3.00,12.00,64.00,2.00,128.00,39.34,0.79,0.79,1.00,
ZZZZ,T0003,00:16:38,17-Sep-2019,,
CPU_ALL,T0003,24.73,6.83,0.04,68.39,12.00,
CPU011,T0003,0.00,0.33,0.00,99.67,
CPU010,T0003,0.00,0.33,0.00,99.67,
CPU09,T0003,0.00,0.36,0.00,99.64,
CPU08,T0003,8.89,52.83,0.00,38.28,
CPU07,T0003,0.13,1.91,0.00,97.96,
CPU06,T0003,0.01,1.96,0.00,98.02,
CPU05,T0003,24.95,5.44,0.02,69.59,
CPU04,T0003,64.28,24.04,0.04,11.64,
CPU03,T0003,0.10,2.72,0.00,97.17,
CPU02,T0003,0.15,2.77,0.00,97.08,
CPU01,T0003,24.53,10.53,0.05,64.90,
CPU00,T0003,73.11,22.41,0.04,4.44,
DISKBUSY,T0003,0.00,0.60,0.00,
DISKREAD,T0003,7.02,4346.58,0.00,
DISKWRITE,T0003,14.16,92.99,0.00,
DISKXFER,T0003,1.28,39.89,0.00,
DISKSERV,T0003,0.00,0.00,0.00,
DISKWAIT,T0003,0.00,0.00,0.00,
MEMREAL,T0003,9437184.00,25771.80,15.43,50.59,49.14,47.39,
MEMVIRT,T0003,2097152.00,99.38,0.62,574.06,116.66,0.00,0.00,568.38,2305.36,420.07,
PROC,T0003,7.01,0.40,11973.12,34913.68,4135.86,4856.01,12.20,11.50,77.20,12.00,124.00,
LAN,T0003,27476.06,0.01,0.13,1046.44,0.35,0.25,2661.04,0.07,0.62,5662.11,4.02,3.27,0.00,0.00,0.00,
IP,T0003,22.89,3.90,3.27,5662.11,22.89,0.07,0.62,2660.97,22.36,0.27,0.21,797.88,22.36,0.01,0.13,13496.13,
TCPUDP,T0003,2666.15,5678.60,17.40,7.49,
FILE,T0003,1.72,3842.41,0.00,11717297.00,11000191.00,
JFSFILE,T0003,15.19,70.60,77.01,73.68,3.90,44.55,
JFSINODE,T0003,3.03,9.16,19.58,4.30,0.03,2.27,
LPAR,T0003,1.10,3.00,12.00,64.00,2.00,128.00,39.15,1.72,1.72,1.00,
ZZZZ,T0004,00:21:38,17-Sep-2019,,
CPU_ALL,T0004,5.84,3.50,0.01,90.65,12.00,
CPU011,T0004,0.00,0.63,0.00,99.37,
CPU010,T0004,0.00,0.55,0.00,99.45,
CPU09,T0004,0.00,0.61,0.00,99.39,
CPU08,T0004,0.00,56.18,0.00,43.82,
CPU07,T0004,0.00,0.96,0.00,99.04,
CPU06,T0004,0.00,1.00,0.00,99.00,
CPU05,T0004,6.58,2.12,0.00,91.29,
CPU04,T0004,15.93,46.38,0.00,37.69,
CPU03,T0004,0.76,2.06,0.00,97.18,
CPU02,T0004,0.51,2.34,0.03,97.12,
CPU01,T0004,10.33,9.48,0.01,80.17,
CPU00,T0004,58.85,37.38,0.02,3.75,
DISKBUSY,T0004,0.00,0.00,0.00,
DISKREAD,T0004,7.02,7.04,0.00,
DISKWRITE,T0004,11.12,72.30,0.00,
DISKXFER,T0004,1.15,7.04,0.00,
DISKSERV,T0004,0.00,0.00,0.00,
DISKWAIT,T0004,0.00,0.00,0.00,
MEMREAL,T0004,9437184.00,13650.20,15.43,50.57,49.28,47.54,
MEMVIRT,T0004,2097152.00,99.38,0.62,11.87,45.26,0.00,0.00,10.82,2236.94,0.00,
PROC,T0004,10.33,0.00,6646.08,16754.68,686.51,413.62,12.14,11.44,49.80,4.20,123.00,
LAN,T0004,1608.13,0.01,0.13,283.10,0.43,0.20,774.09,0.05,0.69,901.43,4.62,2.22,0.00,0.00,0.00,
IP,T0004,15.00,4.50,2.22,901.43,15.00,0.05,0.69,774.08,15.28,0.34,0.17,270.77,15.28,0.00,0.13,1608.13,
TCPUDP,T0004,775.05,909.94,13.10,8.39,
FILE,T0004,1.29,3397.93,0.00,2952950.00,2289297.75,
JFSFILE,T0004,15.19,70.60,77.01,73.68,3.89,44.56,
JFSINODE,T0004,3.03,9.16,19.58,4.30,0.03,2.27,
LPAR,T0004,0.33,3.00,12.00,64.00,2.00,128.00,47.20,0.52,0.52,1.00,
ZZZZ,T0005,00:26:38,17-Sep-2019,,
CPU_ALL,T0005,2.69,2.72,0.00,94.58,12.00,
CPU011,T0005,0.00,1.26,0.00,98.74,
CPU010,T0005,0.00,1.40,0.00,98.60,
CPU09,T0005,0.00,1.59,0.00,98.41,
CPU08,T0005,18.13,38.36,0.00,43.52,
CPU07,T0005,0.00,1.82,0.00,98.18,
CPU06,T0005,0.00,1.83,0.00,98.17,
CPU05,T0005,0.00,2.12,0.00,97.88,
CPU04,T0005,4.03,45.30,0.00,50.66,
CPU03,T0005,0.68,1.20,0.00,98.11,
CPU02,T0005,1.09,2.22,0.01,96.69,
CPU01,T0005,9.69,10.11,0.05,80.15,
CPU00,T0005,47.92,48.83,0.01,3.25,
DISKBUSY,T0005,0.00,0.00,0.00,
DISKREAD,T0005,14.03,14.33,0.00,
DISKWRITE,T0005,7.55,55.31,0.00,
DISKXFER,T0005,0.95,6.17,0.00,
DISKSERV,T0005,0.00,0.00,0.00,
DISKWAIT,T0005,0.00,0.00,0.00,
MEMREAL,T0005,9437184.00,13530.00,15.43,50.57,49.28,47.54,
MEMVIRT,T0005,2097152.00,99.38,0.62,1.02,1.73,0.00,0.01,1.82,2285.33,0.00,
PROC,T0005,13.14,0.00,4973.66,15732.89,572.81,106.69,12.17,11.50,45.60,2.00,123.20,
LAN,T0005,143.38,0.00,0.13,11.25,0.35,0.27,55.23,0.06,0.66,49.89,4.08,3.44,0.00,0.00,0.00,
IP,T0005,9.93,3.97,3.44,49.89,9.93,0.06,0.66,55.23,1.99,0.26,0.22,10.57,1.99,0.01,0.13,143.38,
TCPUDP,T0005,54.14,53.69,9.80,7.40,
FILE,T0005,0.93,3595.05,0.00,956183.56,21892.08,
JFSFILE,T0005,15.19,70.60,77.01,73.68,3.89,44.56,
JFSINODE,T0005,3.03,9.16,19.58,4.30,0.03,2.27,
LPAR,T0005,0.19,3.00,12.00,64.00,2.00,128.00,52.81,0.30,0.30,1.00,
ZZZZ,T0006,00:31:38,17-Sep-2019,,
CPU_ALL,T0006,2.52,2.74,0.00,94.74,12.00,
CPU011,T0006,0.00,1.89,0.00,98.11,
CPU010,T0006,0.00,1.74,0.00,98.26,
CPU09,T0006,0.00,1.96,0.00,98.04,
CPU08,T0006,0.00,47.03,0.00,52.97,
CPU07,T0006,0.00,1.85,0.00,98.15,
CPU06,T0006,0.00,2.03,0.00,97.97,
CPU05,T0006,0.00,2.25,0.00,97.75,
CPU04,T0006,0.00,44.41,0.00,55.59,
CPU03,T0006,0.82,0.99,0.00,98.19,
CPU02,T0006,0.81,1.59,0.00,97.60,
CPU01,T0006,7.13,8.57,0.00,84.29,
CPU00,T0006,46.88,50.23,0.01,2.89,
DISKBUSY,T0006,0.00,0.00,0.00,
DISKREAD,T0006,7.02,7.02,0.00,
DISKWRITE,T0006,6.45,54.75,0.00,
DISKXFER,T0006,0.81,5.79,0.00,
DISKSERV,T0006,0.00,0.00,0.00,
DISKWAIT,T0006,0.00,0.00,0.00,
MEMREAL,T0006,9437184.00,13371.20,15.43,50.57,49.28,47.55,
MEMVIRT,T0006,2097152.00,99.38,0.62,1.08,1.44,0.00,0.00,1.50,2230.99,0.00,
PROC,T0006,8.15,0.00,4931.56,15355.26,534.40,93.49,12.14,11.44,35.60,2.00,123.00,
LAN,T0006,142.12,0.01,0.13,10.25,0.35,0.27,49.56,0.07,0.65,44.41,4.10,3.58,0.00,0.00,0.00,
IP,T0006,9.76,3.98,3.58,44.41,9.76,0.07,0.65,49.56,1.95,0.27,0.22,9.65,1.95,0.01,0.13,142.12,
TCPUDP,T0006,48.41,47.90,9.69,7.58,
FILE,T0006,0.83,3655.56,0.00,825657.75,20553.17,
JFSFILE,T0006,15.19,70.60,77.01,73.68,3.89,44.56,
JFSINODE,T0006,3.03,9.16,19.58,4.30,0.03,2.27,
LPAR,T0006,0.18,3.00,12.00,64.00,2.00,128.00,49.71,0.29,0.29,1.00,
ZZZZ,T0007,00:36:38,17-Sep-2019,,
CPU_ALL,T0007,2.62,2.64,0.00,94.74,12.00,
CPU011,T0007,0.00,1.86,0.00,98.14,
CPU010,T0007,0.00,1.84,0.00,98.16,
CPU09,T0007,0.00,2.09,0.00,97.91,
CPU08,T0007,0.00,46.53,0.00,53.47,
CPU07,T0007,0.00,1.80,0.00,98.20,
CPU06,T0007,0.00,1.80,0.00,98.20,
CPU05,T0007,0.00,2.00,0.00,98.00,
CPU04,T0007,0.00,46.54,0.00,53.46,
CPU03,T0007,0.87,1.37,0.00,97.76,
CPU02,T0007,1.39,1.24,0.00,97.37,
CPU01,T0007,8.22,12.16,0.01,79.61,
CPU00,T0007,48.82,47.84,0.01,3.33,
DISKBUSY,T0007,0.00,0.00,0.00,
DISKREAD,T0007,7.02,7.03,0.00,
DISKWRITE,T0007,6.83,64.30,0.00,
DISKXFER,T0007,0.85,6.94,0.00,
DISKSERV,T0007,0.00,0.00,0.00,
DISKWAIT,T0007,0.00,0.00,0.00,
MEMREAL,T0007,9437184.00,13266.80,15.43,50.57,49.29,47.55,
MEMVIRT,T0007,2097152.00,99.38,0.62,0.34,2.51,0.00,0.00,2.53,2227.31,0.00,
PROC,T0007,8.82,0.00,4957.86,14366.55,511.00,298.62,12.17,11.48,40.60,2.00,123.00,
LAN,T0007,141.17,0.01,0.13,9.39,0.33,0.20,49.76,0.06,0.67,44.24,3.95,2.25,0.00,0.00,0.00,
IP,T0007,9.83,3.84,2.25,44.24,9.83,0.06,0.67,49.76,1.90,0.25,0.17,8.78,1.90,0.00,0.13,141.17,
TCPUDP,T0007,48.14,47.86,10.18,7.37,
FILE,T0007,1.12,3326.38,0.00,701840.56,23935.12,
JFSFILE,T0007,15.19,70.60,77.01,73.69,3.89,44.57,
JFSINODE,T0007,3.03,9.16,19.58,4.30,0.03,2.27,
LPAR,T0007,0.18,3.00,12.00,64.00,2.00,128.00,46.17,0.29,0.29,1.00,
ZZZZ,T0008,00:41:38,17-Sep-2019,,
CPU_ALL,T0008,2.57,2.73,0.01,94.68,12.00,
CPU011,T0008,0.00,1.65,0.00,98.35,
CPU010,T0008,0.00,1.69,0.00,98.31,
CPU09,T0008,0.00,1.91,0.00,98.09,
CPU08,T0008,0.00,48.11,0.00,51.89,
CPU07,T0008,0.00,1.74,0.00,98.26,
CPU06,T0008,0.00,1.81,0.00,98.19,
CPU05,T0008,0.00,2.01,0.00,97.99,
CPU04,T0008,0.00,45.92,0.00,54.08,
CPU03,T0008,1.11,1.23,0.01,97.65,
CPU02,T0008,0.63,2.08,0.00,97.29,
CPU01,T0008,9.36,13.05,0.16,77.43,
CPU00,T0008,47.58,48.95,0.01,3.46,
DISKBUSY,T0008,0.00,0.00,0.00,
DISKREAD,T0008,14.03,14.03,0.00,
DISKWRITE,T0008,6.32,53.27,0.00,
DISKXFER,T0008,0.83,5.69,0.00,
DISKSERV,T0008,0.00,0.00,0.00,
DISKWAIT,T0008,0.00,0.00,0.00,
MEMREAL,T0008,9437184.00,13310.20,15.43,50.57,49.28,47.55,
MEMVIRT,T0008,2097152.00,99.38,0.62,0.97,3.67,0.00,0.00,2.15,2244.98,0.00,
PROC,T0008,8.44,0.20,4980.42,15529.57,550.13,104.10,12.15,11.46,38.00,2.00,123.00,
LAN,T0008,154.19,0.00,0.13,21.66,0.34,0.20,61.79,0.06,0.71,58.00,3.95,2.29,0.00,0.00,0.00,
IP,T0008,9.96,3.84,2.29,58.00,9.96,0.06,0.71,61.79,2.06,0.26,0.17,20.87,2.06,0.01,0.13,154.19,
TCPUDP,T0008,60.69,61.34,9.82,7.72,
FILE,T0008,0.84,3595.43,0.00,879814.25,30805.71,
JFSFILE,T0008,15.19,70.60,77.01,73.69,3.89,44.57,
JFSINODE,T0008,3.03,9.16,19.58,4.30,0.03,2.27,
LPAR,T0008,0.19,3.00,12.00,64.00,2.00,128.00,48.26,0.29,0.29,1.00,
ZZZZ,T0009,00:46:38,17-Sep-2019,,
CPU_ALL,T0009,2.61,2.81,0.01,94.58,12.00,
CPU011,T0009,0.00,1.54,0.00,98.46,
CPU010,T0009,0.00,1.46,0.00,98.54,
CPU09,T0009,0.00,1.63,0.00,98.37,
CPU08,T0009,0.00,50.27,0.00,49.73,
CPU07,T0009,0.00,1.60,0.00,98.40,
CPU06,T0009,0.00,1.72,0.00,98.28,
CPU05,T0009,0.00,1.92,0.00,98.08,
CPU04,T0009,0.00,47.43,0.00,52.57,
CPU03,T0009,0.35,1.32,0.00,98.33,
CPU02,T0009,0.70,2.54,0.00,96.77,
CPU01,T0009,9.53,8.46,0.01,82.00,
CPU00,T0009,46.81,50.02,0.01,3.16,
DISKBUSY,T0009,0.00,0.00,0.00,
DISKREAD,T0009,7.02,7.02,0.00,
DISKWRITE,T0009,6.69,52.98,0.00,
DISKXFER,T0009,0.83,5.91,0.00,
DISKSERV,T0009,0.00,0.00,0.00,
DISKWAIT,T0009,0.00,0.00,0.00,
MEMREAL,T0009,9437184.00,13444.80,15.43,50.57,49.28,47.54,
MEMVIRT,T0009,2097152.00,99.38,0.62,0.60,5.71,0.00,0.00,2.72,2231.30,0.00,
PROC,T0009,8.83,0.20,5006.09,15510.50,565.44,99.91,12.15,11.46,46.20,2.00,123.00,
LAN,T0009,163.67,0.01,0.13,31.32,0.36,0.31,71.66,0.06,0.71,67.86,4.11,4.31,0.00,0.00,0.00,
IP,T0009,9.93,4.00,4.31,67.86,9.93,0.06,0.71,71.66,2.02,0.27,0.26,30.39,2.02,0.01,0.13,163.67,
TCPUDP,T0009,70.67,71.52,9.90,7.64,
FILE,T0009,0.89,3626.14,0.00,904710.56,39238.64,
JFSFILE,T0009,15.19,70.60,77.01,73.69,3.89,44.58,
JFSINODE,T0009,3.03,9.16,19.58,4.30,0.03,2.27,
LPAR,T0009,0.19,3.00,12.00,64.00,2.00,128.00,47.93,0.30,0.30,1.00,
ZZZZ,T0010,00:51:38,17-Sep-2019,,
CPU_ALL,T0010,2.70,2.70,0.03,94.58,12.00,
CPU011,T0010,0.00,1.76,0.00,98.24,
CPU010,T0010,0.00,1.66,0.00,98.34,
CPU09,T0010,0.00,1.84,0.00,98.16,
CPU08,T0010,0.00,48.95,0.00,51.05,
CPU07,T0010,0.00,1.76,0.00,98.24,
CPU06,T0010,0.00,1.73,0.00,98.27,
CPU05,T0010,0.00,1.92,0.00,98.08,
CPU04,T0010,0.00,45.87,0.00,54.13,
CPU03,T0010,0.53,1.36,0.00,98.11,
CPU02,T0010,0.53,4.57,0.01,94.89,
CPU01,T0010,9.36,8.68,0.01,81.95,
CPU00,T0010,48.96,47.69,0.03,3.32,
DISKBUSY,T0010,0.00,0.00,0.00,
DISKREAD,T0010,7.02,7.02,0.00,
DISKWRITE,T0010,7.49,57.97,0.00,
DISKXFER,T0010,0.89,6.09,0.00,
DISKSERV,T0010,0.00,0.00,0.00,
DISKWAIT,T0010,0.00,0.00,0.00,
MEMREAL,T0010,9437184.00,13438.60,15.43,50.57,49.28,47.55,
MEMVIRT,T0010,2097152.00,99.38,0.62,0.37,4.65,0.00,0.00,2.80,2225.33,0.00,
PROC,T0010,9.27,0.40,5159.19,14560.33,515.55,203.61,12.14,11.44,41.40,2.00,122.60,
LAN,T0010,154.50,0.00,0.14,22.68,0.34,0.20,63.90,0.05,0.72,59.27,3.97,2.22,0.00,0.00,0.00,
IP,T0010,9.78,3.85,2.22,59.27,9.78,0.05,0.72,63.90,1.88,0.26,0.17,21.87,1.88,0.00,0.14,154.47,
TCPUDP,T0010,63.41,62.92,9.75,7.44,
FILE,T0010,0.96,3351.14,0.00,716247.44,32810.09,
JFSFILE,T0010,15.19,70.60,77.01,73.70,3.89,44.58,
JFSINODE,T0010,3.03,9.16,19.58,4.30,0.03,2.27,
LPAR,T0010,0.19,3.00,12.00,64.00,2.00,128.00,48.58,0.30,0.30,1.00,
ZZZZ,T0011,00:56:38,17-Sep-2019,,
CPU_ALL,T0011,2.74,2.76,0.00,94.50,12.00,
CPU011,T0011,0.00,1.71,0.00,98.29,
CPU010,T0011,0.00,1.74,0.00,98.26,
CPU09,T0011,0.00,1.98,0.00,98.02,
CPU08,T0011,2.75,47.22,0.00,50.04,
CPU07,T0011,0.00,1.87,0.00,98.13,
CPU06,T0011,0.00,1.92,0.00,98.08,
CPU05,T0011,0.00,2.13,0.00,97.87,
CPU04,T0011,3.19,46.39,0.00,50.42,
CPU03,T0011,0.28,1.70,0.00,98.03,
CPU02,T0011,0.94,1.88,0.00,97.18,
CPU01,T0011,10.63,9.20,0.02,80.15,
CPU00,T0011,48.31,48.42,0.01,3.26,
DISKBUSY,T0011,0.00,0.00,0.00,
DISKREAD,T0011,14.03,14.03,0.00,
DISKWRITE,T0011,8.35,54.58,0.00,
DISKXFER,T0011,0.94,5.98,0.00,
DISKSERV,T0011,0.00,0.00,0.00,
DISKWAIT,T0011,0.00,0.00,0.00,
MEMREAL,T0011,9437184.00,13302.60,15.43,50.57,49.29,47.55,
MEMVIRT,T0011,2097152.00,99.38,0.62,0.98,2.00,0.00,0.00,1.90,2288.11,0.00,
PROC,T0011,9.42,0.00,5180.02,15694.17,544.80,97.40,12.16,11.49,34.80,2.00,122.40,
LAN,T0011,143.95,0.01,0.13,11.32,0.35,0.20,50.28,0.07,0.65,45.18,4.01,2.22,0.00,0.00,0.00,
IP,T0011,10.48,3.89,2.22,45.18,10.48,0.07,0.65,50.27,2.14,0.27,0.16,10.70,2.14,0.01,0.13,143.94,
TCPUDP,T0011,50.79,49.35,9.89,7.60,
FILE,T0011,0.89,3653.21,0.00,872521.88,23778.36,
JFSFILE,T0011,15.19,70.60,77.01,73.70,3.89,44.58,
JFSINODE,T0011,3.03,9.16,19.58,4.30,0.03,2.27,
LPAR,T0011,0.19,3.00,12.00,64.00,2.00,128.00,47.59,0.30,0.30,1.00,
ZZZZ,T0012,01:01:38,17-Sep-2019,,
CPU_ALL,T0012,3.72,3.17,0.00,93.10,12.00,
CPU011,T0012,0.00,1.47,0.00,98.53,
CPU010,T0012,0.00,1.41,0.00,98.59,
CPU09,T0012,0.00,1.56,0.00,98.44,
CPU08,T0012,0.00,50.77,0.00,49.23,
CPU07,T0012,0.00,1.45,0.00,98.55,
CPU06,T0012,0.00,1.52,0.00,98.48,
CPU05,T0012,0.00,1.67,0.00,98.33,
CPU04,T0012,0.00,48.38,0.00,51.62,
CPU03,T0012,0.80,1.48,0.00,97.72,
CPU02,T0012,0.98,2.76,0.00,96.25,
CPU01,T0012,9.47,10.90,0.10,79.52,
CPU00,T0012,51.17,45.20,0.00,3.63,
DISKBUSY,T0012,0.00,0.00,0.00,
DISKREAD,T0012,7.02,7.04,0.00,
DISKWRITE,T0012,10.05,54.17,0.00,
DISKXFER,T0012,1.04,5.67,0.00,
DISKSERV,T0012,0.00,0.00,0.00,
DISKWAIT,T0012,0.00,0.00,0.00,
MEMREAL,T0012,9437184.00,13057.60,15.43,50.57,49.29,47.55,
MEMVIRT,T0012,2097152.00,99.38,0.62,1.74,1.81,0.00,0.00,1.85,2220.22,0.00,
PROC,T0012,9.59,0.00,6181.63,16961.27,551.43,104.91,12.15,11.45,49.60,2.60,123.00,
LAN,T0012,338.21,0.01,0.13,180.37,0.35,0.20,606.30,0.06,0.70,615.48,4.01,2.32,0.00,0.00,0.00,
IP,T0012,10.26,3.89,2.32,615.48,10.26,0.06,0.70,606.29,2.04,0.26,0.17,171.96,2.04,0.00,0.13,338.20,
TCPUDP,T0012,607.02,619.37,9.66,7.51,
FILE,T0012,0.85,3574.80,0.00,894259.12,22625.37,
JFSFILE,T0012,15.20,70.60,77.01,73.70,3.89,44.59,
JFSINODE,T0012,3.03,9.16,19.58,4.30,0.03,2.27,
LPAR,T0012,0.25,3.00,12.00,64.00,2.00,128.00,45.82,0.38,0.38,1.00,
ZZZZ,T0013,01:06:38,17-Sep-2019,,
CPU_ALL,T0013,7.51,3.51,0.02,88.96,12.00,
CPU011,T0013,0.00,0.68,0.00,99.32,
CPU010,T0013,0.00,0.74,0.00,99.26,
CPU09,T0013,5.23,1.40,0.00,93.37,
CPU08,T0013,8.40,53.00,0.05,38.54,
CPU07,T0013,0.00,0.80,0.00,99.20,
CPU06,T0013,0.00,0.79,0.00,99.21,
CPU05,T0013,4.72,2.71,0.54,92.02,
CPU04,T0013,11.08,51.64,0.06,37.22,
CPU03,T0013,0.31,1.53,0.00,98.15,
CPU02,T0013,0.45,1.52,0.00,98.03,
CPU01,T0013,13.68,8.95,0.07,77.30,
CPU00,T0013,65.27,31.67,0.01,3.05,
DISKBUSY,T0013,0.00,0.20,0.00,
DISKREAD,T0013,498.14,753.47,0.00,
DISKWRITE,T0013,13.17,84.34,0.00,
DISKXFER,T0013,3.52,13.12,0.00,
DISKSERV,T0013,0.00,0.00,0.00,
DISKWAIT,T0013,0.00,0.00,0.00,
MEMREAL,T0013,9437184.00,12715.80,15.43,50.57,49.29,47.55,
MEMVIRT,T0013,2097152.00,99.38,0.62,2.69,3.41,0.00,0.00,3.39,3179.23,0.00,
PROC,T0013,11.51,0.20,6664.57,17468.21,619.00,233.37,16.53,15.93,51.60,4.80,123.00,
LAN,T0013,500.87,0.01,0.13,826.64,0.35,0.46,814.99,0.07,0.68,835.23,4.07,6.88,0.00,0.00,0.00,
IP,T0013,11.56,3.96,6.88,835.23,11.56,0.07,0.68,814.98,2.17,0.27,0.37,815.22,2.17,0.01,0.13,500.86,
TCPUDP,T0013,812.04,840.03,13.85,8.11,
FILE,T0013,2.29,3562.15,0.00,1470616.25,32003.16,
JFSFILE,T0013,15.20,70.60,77.01,73.71,3.89,44.59,
JFSINODE,T0013,3.03,9.16,19.58,4.31,0.03,2.27,
LPAR,T0013,0.39,3.00,12.00,64.00,2.00,128.00,45.76,0.60,0.60,1.00,
ZZZZ,T0014,01:11:38,17-Sep-2019,,
CPU_ALL,T0014,6.59,14.62,1.05,77.74,12.00,
CPU011,T0014,0.63,7.38,0.55,91.44,
CPU010,T0014,0.95,7.22,0.52,91.32,
CPU09,T0014,8.93,29.43,1.89,59.75,
CPU08,T0014,10.63,63.83,0.89,24.65,
CPU07,T0014,3.00,9.32,0.69,86.99,
CPU06,T0014,1.69,9.34,0.64,88.33,
CPU05,T0014,8.27,33.39,2.05,56.30,
CPU04,T0014,11.72,64.17,0.97,23.14,
CPU03,T0014,3.24,10.42,0.58,85.77,
CPU02,T0014,3.12,11.40,0.64,84.84,
CPU01,T0014,14.15,30.39,1.43,54.03,
CPU00,T0014,43.93,50.18,0.67,5.22,
DISKBUSY,T0014,0.00,0.00,0.00,
DISKREAD,T0014,14.03,14.03,0.00,
DISKWRITE,T0014,14.96,117.04,0.00,
DISKXFER,T0014,1.26,10.16,0.00,
DISKSERV,T0014,0.00,0.00,0.00,
DISKWAIT,T0014,0.00,0.00,0.00,
MEMREAL,T0014,9437184.00,40040.00,15.43,50.57,49.00,47.26,
MEMVIRT,T0014,2097152.00,99.38,0.62,8856.92,2328.42,0.00,0.00,855.35,2513.84,83.10,
PROC,T0014,7.60,0.97,13822.63,22044.59,768.12,832.34,12.15,11.46,82.00,8.60,123.00,
LAN,T0014,9934.94,0.00,0.13,9952.74,0.33,0.82,2585.96,0.07,0.65,2966.22,3.91,13.21,0.00,0.00,0.00,
IP,T0014,10.26,3.79,13.21,2966.22,10.26,0.07,0.65,2585.84,2.06,0.25,0.63,9912.18,2.06,0.01,0.13,4763.61,
TCPUDP,T0014,2485.61,2970.35,109.75,7.39,
FILE,T0014,1.30,4832.89,0.00,10050712.00,9380829.00,
JFSFILE,T0014,15.20,70.60,77.01,73.71,3.89,44.60,
JFSINODE,T0014,3.03,9.16,19.58,4.31,0.03,2.27,
LPAR,T0014,0.69,3.00,12.00,64.00,2.00,128.00,47.49,1.07,1.07,1.00,
ZZZZ,T0015,01:16:38,17-Sep-2019,,
CPU_ALL,T0015,3.22,4.04,0.29,92.46,12.00,
CPU011,T0015,1.38,9.02,0.69,88.90,
CPU010,T0015,1.39,8.01,0.83,89.77,
CPU09,T0015,2.77,12.42,1.10,83.71,
CPU08,T0015,3.17,52.09,0.64,44.10,
CPU07,T0015,1.59,8.47,0.75,89.18,
CPU06,T0015,1.64,9.05,0.97,88.34,
CPU05,T0015,2.99,13.51,1.15,82.35,
CPU04,T0015,4.05,50.26,0.81,44.88,
CPU03,T0015,2.22,4.94,0.27,92.57,
CPU02,T0015,1.75,5.22,0.31,92.71,
CPU01,T0015,10.91,13.79,0.38,74.92,
CPU00,T0015,48.09,48.32,0.15,3.45,
DISKBUSY,T0015,0.00,0.00,0.00,
DISKREAD,T0015,14.03,7.07,0.00,
DISKWRITE,T0015,9.84,66.53,0.00,
DISKXFER,T0015,1.04,6.62,0.00,
DISKSERV,T0015,0.00,0.00,0.00,
DISKWAIT,T0015,0.00,0.00,0.00,
MEMREAL,T0015,9437184.00,112320.60,15.43,50.57,48.24,46.50,
MEMVIRT,T0015,2097152.00,99.38,0.62,1464.29,520.14,0.00,0.00,139.24,2279.22,0.00,
PROC,T0015,10.47,0.96,6158.84,16325.10,567.35,158.70,12.24,11.54,40.80,3.00,121.80,
LAN,T0015,2297.51,0.01,0.14,2222.07,0.34,0.49,364.58,0.06,0.71,463.06,3.96,7.35,0.00,0.00,0.00,
IP,T0015,10.46,3.84,7.35,463.06,10.46,0.06,0.71,364.56,2.01,0.26,0.39,11.04,2.01,0.01,0.14,2297.50,
TCPUDP,T0015,355.54,467.22,18.47,7.55,
FILE,T0015,0.95,3762.31,0.00,2949532.25,2139820.25,
JFSFILE,T0015,15.20,70.60,77.01,73.71,3.89,44.60,
JFSINODE,T0015,3.03,9.16,19.58,4.30,0.03,2.27,
LPAR,T0015,0.24,3.00,12.00,64.00,2.00,128.00,50.79,0.38,0.38,1.00,
ZZZZ,T0016,01:21:38,17-Sep-2019,,
CPU_ALL,T0016,2.72,2.67,0.00,94.60,12.00,
CPU011,T0016,0.00,1.68,0.00,98.32,
CPU010,T0016,0.00,1.64,0.00,98.36,
CPU09,T0016,0.00,1.86,0.00,98.14,
CPU08,T0016,0.00,47.66,0.00,52.34,
CPU07,T0016,0.00,1.65,0.00,98.35,
CPU06,T0016,0.00,1.68,0.00,98.32,
CPU05,T0016,0.00,1.82,0.00,98.18,
CPU04,T0016,0.00,49.31,0.00,50.69,
CPU03,T0016,0.52,0.78,0.00,98.71,
CPU02,T0016,1.02,3.25,0.00,95.73,
CPU01,T0016,10.55,8.69,0.02,80.74,
CPU00,T0016,49.08,47.70,0.01,3.21,
DISKBUSY,T0016,0.00,0.00,0.00,
DISKREAD,T0016,7.02,7.02,0.00,
DISKWRITE,T0016,9.01,57.99,0.00,
DISKXFER,T0016,0.98,6.16,0.00,
DISKSERV,T0016,0.00,0.00,0.00,
DISKWAIT,T0016,0.00,0.00,0.00,
MEMREAL,T0016,9437184.00,111992.20,15.43,50.58,48.24,46.51,
MEMVIRT,T0016,2097152.00,99.38,0.62,2.35,2.65,0.00,0.00,2.49,2221.02,0.00,
PROC,T0016,10.49,0.00,5155.87,14569.11,514.00,203.29,12.14,11.44,35.80,2.00,123.00,
LAN,T0016,147.26,0.01,0.14,18.22,0.42,0.26,60.46,0.06,0.75,55.74,4.49,3.28,0.00,0.00,0.00,
IP,T0016,10.13,4.38,3.28,55.74,10.13,0.06,0.75,60.46,1.95,0.33,0.22,17.46,1.95,0.00,0.14,147.26,
TCPUDP,T0016,59.83,59.54,9.76,7.95,
FILE,T0016,0.96,3342.09,0.00,709212.56,24720.72,
JFSFILE,T0016,15.20,70.60,77.01,73.72,3.89,44.60,
JFSINODE,T0016,3.03,9.16,19.58,4.31,0.03,2.27,
LPAR,T0016,0.19,3.00,12.00,64.00,2.00,128.00,51.16,0.30,0.30,1.00,
ZZZZ,T0017,01:26:38,17-Sep-2019,,
CPU_ALL,T0017,2.80,2.76,0.00,94.43,12.00,
CPU011,T0017,0.00,1.55,0.00,98.45,
CPU010,T0017,0.00,1.71,0.00,98.29,
CPU09,T0017,0.00,1.87,0.00,98.13,
CPU08,T0017,3.47,53.20,0.00,43.34,
CPU07,T0017,0.00,1.44,0.00,98.56,
CPU06,T0017,0.00,1.53,0.00,98.47,
CPU05,T0017,0.00,1.70,0.00,98.30,
CPU04,T0017,15.90,42.99,0.00,41.11,
CPU03,T0017,0.80,1.24,0.00,97.96,
CPU02,T0017,0.83,2.75,0.00,96.43,
CPU01,T0017,11.21,10.68,0.01,78.10,
CPU00,T0017,48.87,47.79,0.01,3.34,
DISKBUSY,T0017,0.00,0.00,0.00,
DISKREAD,T0017,14.03,14.03,0.00,
DISKWRITE,T0017,8.43,56.65,0.00,
DISKXFER,T0017,0.98,6.25,0.00,
DISKSERV,T0017,0.00,0.00,0.00,
DISKWAIT,T0017,0.00,0.00,0.00,
MEMREAL,T0017,9437184.00,111934.40,15.43,50.58,48.24,46.51,
MEMVIRT,T0017,2097152.00,99.38,0.62,2.41,2.13,0.00,0.00,2.05,2299.00,0.00,
PROC,T0017,8.27,0.00,5168.51,15959.87,576.50,108.20,12.17,11.50,49.80,2.00,123.00,
LAN,T0017,145.11,0.00,0.13,13.60,0.34,0.26,53.98,0.05,0.71,49.05,3.95,3.32,0.00,0.00,0.00,
IP,T0017,10.42,3.83,3.32,49.05,10.42,0.05,0.71,53.98,2.17,0.26,0.21,12.93,2.17,0.01,0.13,145.11,
TCPUDP,T0017,53.13,52.94,10.22,7.78,
FILE,T0017,0.92,3592.82,0.00,960347.94,23826.49,
JFSFILE,T0017,15.20,70.60,77.01,73.71,3.89,44.61,
JFSINODE,T0017,3.03,9.16,19.58,4.31,0.03,2.27,
LPAR,T0017,0.19,3.00,12.00,64.00,2.00,128.00,52.14,0.30,0.30,1.00,
ZZZZ,T0018,01:31:38,17-Sep-2019,,
CPU_ALL,T0018,2.83,2.97,0.01,94.20,12.00,
CPU011,T0018,0.00,1.54,0.00,98.46,
CPU010,T0018,0.00,1.52,0.00,98.48,
CPU09,T0018,0.00,1.86,0.00,98.14,
CPU08,T0018,9.48,47.46,0.00,43.05,
CPU07,T0018,0.00,1.59,0.00,98.41,
CPU06,T0018,0.00,1.65,0.00,98.35,
CPU05,T0018,0.47,2.54,0.00,96.99,
CPU04,T0018,10.46,47.03,0.01,42.50,
CPU03,T0018,0.68,1.93,0.00,97.39,
CPU02,T0018,2.67,3.20,0.00,94.12,
CPU01,T0018,8.69,9.33,0.16,81.82,
CPU00,T0018,47.48,49.31,0.01,3.20,
DISKBUSY,T0018,0.00,0.00,0.00,
DISKREAD,T0018,21.05,38.97,0.00,
DISKWRITE,T0018,8.80,71.95,0.00,
DISKXFER,T0018,1.04,6.85,0.00,
DISKSERV,T0018,0.00,0.00,0.00,
DISKWAIT,T0018,0.00,0.00,0.00,
MEMREAL,T0018,9437184.00,111764.20,15.43,50.58,48.24,46.51,
MEMVIRT,T0018,2097152.00,99.38,0.62,2.14,3.88,0.00,0.00,4.14,2900.58,0.00,
PROC,T0018,7.78,0.00,5191.46,16593.07,615.10,124.29,16.58,14.48,38.40,2.20,122.60,
LAN,T0018,145.10,0.00,0.14,13.48,0.34,0.36,54.73,0.05,0.77,49.71,3.97,5.02,0.00,0.00,0.00,
IP,T0018,10.40,3.86,5.02,49.71,10.40,0.05,0.77,54.72,2.08,0.26,0.29,12.80,2.08,0.00,0.14,145.10,
TCPUDP,T0018,54.11,53.87,9.98,7.53,
FILE,T0018,0.99,3757.72,0.00,1033377.06,45729.21,
JFSFILE,T0018,15.20,70.60,77.01,73.72,3.89,44.61,
JFSINODE,T0018,3.03,9.16,19.58,4.31,0.03,2.27,
LPAR,T0018,0.20,3.00,12.00,64.00,2.00,128.00,52.06,0.32,0.32,1.00,
ZZZZ,T0019,01:36:38,17-Sep-2019,,
CPU_ALL,T0019,2.74,2.70,0.00,94.55,12.00,
CPU011,T0019,0.00,1.95,0.00,98.05,
CPU010,T0019,0.00,1.79,0.00,98.21,
CPU09,T0019,0.00,2.20,0.00,97.80,
CPU08,T0019,0.00,49.60,0.00,50.40,
CPU07,T0019,0.00,1.87,0.00,98.13,
CPU06,T0019,0.00,1.76,0.00,98.24,
CPU05,T0019,0.00,1.93,0.00,98.07,
CPU04,T0019,0.00,49.99,0.00,50.01,
CPU03,T0019,1.01,1.66,0.00,97.33,
CPU02,T0019,0.85,3.06,0.00,96.09,
CPU01,T0019,8.06,7.01,0.01,84.91,
CPU00,T0019,49.22,47.71,0.01,3.06,
DISKBUSY,T0019,0.00,0.00,0.00,
DISKREAD,T0019,7.02,7.02,0.00,
DISKWRITE,T0019,8.08,62.56,0.00,
DISKXFER,T0019,0.88,6.74,0.00,
DISKSERV,T0019,0.00,0.00,0.00,
DISKWAIT,T0019,0.00,0.00,0.00,
MEMREAL,T0019,9437184.00,111562.20,15.43,50.58,48.24,46.51,
MEMVIRT,T0019,2097152.00,99.38,0.62,3.62,2.61,0.00,0.00,2.59,2247.44,0.00,
PROC,T0019,11.09,0.00,5141.03,14608.27,516.70,205.30,12.25,11.56,38.80,2.00,122.40,
LAN,T0019,145.48,0.01,0.13,13.53,0.34,0.19,53.82,0.07,0.70,48.25,3.99,2.18,0.00,0.00,0.00,
IP,T0019,10.13,3.87,2.18,48.25,10.13,0.07,0.70,53.81,1.96,0.26,0.17,12.87,1.96,0.01,0.13,145.48,
TCPUDP,T0019,53.11,52.23,10.16,7.41,
FILE,T0019,1.07,3350.16,0.00,718337.75,25454.38,
JFSFILE,T0019,15.20,70.60,77.01,73.72,3.89,44.62,
JFSINODE,T0019,3.03,9.16,19.58,4.31,0.03,2.27,
LPAR,T0019,0.19,3.00,12.00,64.00,2.00,128.00,51.94,0.30,0.30,1.00,
ZZZZ,T0020,01:41:38,17-Sep-2019,,
CPU_ALL,T0020,2.60,2.73,0.00,94.67,12.00,
CPU011,T0020,0.00,1.96,0.00,98.04,
CPU010,T0020,0.00,1.83,0.00,98.17,
CPU09,T0020,0.00,2.51,0.00,97.49,
CPU08,T0020,0.00,48.90,0.00,51.10,
CPU07,T0020,0.00,2.08,0.00,97.92,
CPU06,T0020,0.00,1.84,0.00,98.16,
CPU05,T0020,0.00,2.39,0.00,97.61,
CPU04,T0020,0.00,49.65,0.00,50.35,
CPU03,T0020,1.16,2.41,0.00,96.43,
CPU02,T0020,1.74,3.27,0.00,94.99,
CPU01,T0020,7.73,7.45,0.06,84.77,
CPU00,T0020,47.64,49.25,0.01,3.10,
DISKBUSY,T0020,0.00,0.00,0.00,
DISKREAD,T0020,14.03,14.03,0.00,
DISKWRITE,T0020,7.71,51.45,0.00,
DISKXFER,T0020,0.95,5.54,0.00,
DISKSERV,T0020,0.00,0.00,0.00,
DISKWAIT,T0020,0.00,0.00,0.00,
MEMREAL,T0020,9437184.00,111455.20,15.43,50.58,48.24,46.51,
MEMVIRT,T0020,2097152.00,99.38,0.62,1.99,2.06,0.00,0.00,1.81,2229.67,0.00,
PROC,T0020,7.88,0.00,4890.65,15454.30,548.79,102.37,12.15,11.46,38.40,2.00,123.00,
LAN,T0020,144.80,0.01,0.13,13.50,0.34,0.19,52.84,0.07,0.65,48.75,3.93,2.12,0.00,0.00,0.00,
IP,T0020,9.76,3.81,2.12,48.75,9.76,0.07,0.65,52.83,1.96,0.26,0.16,12.84,1.96,0.01,0.13,144.78,
TCPUDP,T0020,52.66,52.14,9.57,7.47,
FILE,T0020,0.84,3600.13,0.00,875846.06,21820.59,
JFSFILE,T0020,15.20,70.60,77.01,73.72,3.89,44.62,
JFSINODE,T0020,3.03,9.16,19.58,4.31,0.03,2.27,
LPAR,T0020,0.19,3.00,12.00,64.00,2.00,128.00,53.24,0.29,0.29,1.00,
ZZZZ,T0021,01:46:38,17-Sep-2019,,
CPU_ALL,T0021,2.62,2.73,0.00,94.64,12.00,
CPU011,T0021,0.00,2.00,0.00,98.00,
CPU010,T0021,0.00,1.80,0.00,98.20,
CPU09,T0021,0.00,2.07,0.00,97.93,
CPU08,T0021,0.00,48.20,0.00,51.80,
CPU07,T0021,0.00,1.81,0.00,98.19,
CPU06,T0021,0.00,1.87,0.00,98.13,
CPU05,T0021,0.00,2.28,0.00,97.72,
CPU04,T0021,0.00,49.41,0.00,50.59,
CPU03,T0021,0.85,0.85,0.00,98.30,
CPU02,T0021,1.72,2.02,0.01,96.25,
CPU01,T0021,9.16,8.31,0.02,82.52,
CPU00,T0021,47.44,49.50,0.01,3.05,
DISKBUSY,T0021,0.00,0.00,0.00,
DISKREAD,T0021,7.02,7.02,0.00,
DISKWRITE,T0021,6.48,54.43,0.00,
DISKXFER,T0021,0.80,6.02,0.00,
DISKSERV,T0021,0.00,0.00,0.00,
DISKWAIT,T0021,0.00,0.00,0.00,
MEMREAL,T0021,9437184.00,111609.60,15.43,50.58,48.24,46.51,
MEMVIRT,T0021,2097152.00,99.38,0.62,1.66,1.96,0.00,0.00,1.73,2228.65,0.00,
PROC,T0021,10.42,0.00,4986.48,15478.48,559.69,98.16,12.14,11.46,46.00,2.00,123.00,
LAN,T0021,145.14,0.01,0.14,13.64,0.36,0.20,53.42,0.05,0.72,48.53,4.15,2.16,0.00,0.00,0.00,
IP,T0021,10.28,4.03,2.16,48.53,10.28,0.05,0.72,53.41,2.13,0.28,0.16,12.97,2.13,0.00,0.14,145.14,
TCPUDP,T0021,53.51,52.54,9.97,7.70,
FILE,T0021,0.90,3617.66,0.00,882020.50,22545.27,
JFSFILE,T0021,15.20,70.60,77.01,73.72,3.89,44.60,
JFSINODE,T0021,3.03,9.16,19.58,4.31,0.03,2.27,
LPAR,T0021,0.19,3.00,12.00,64.00,2.00,128.00,53.79,0.29,0.29,1.00,
ZZZZ,T0022,01:51:38,17-Sep-2019,,
CPU_ALL,T0022,3.05,2.63,0.00,94.31,12.00,
CPU011,T0022,0.00,1.88,0.00,98.12,
CPU010,T0022,0.00,1.86,0.00,98.14,
CPU09,T0022,0.00,2.05,0.00,97.95,
CPU08,T0022,2.59,47.90,0.00,49.51,
CPU07,T0022,0.00,1.61,0.00,98.39,
CPU06,T0022,0.00,1.60,0.00,98.40,
CPU05,T0022,0.00,1.72,0.00,98.28,
CPU04,T0022,18.77,36.61,0.00,44.62,
CPU03,T0022,0.74,1.17,0.00,98.09,
CPU02,T0022,1.19,2.96,0.05,95.81,
CPU01,T0022,8.82,6.80,0.05,84.33,
CPU00,T0022,51.46,45.55,0.01,2.98,
DISKBUSY,T0022,0.00,0.00,0.00,
DISKREAD,T0022,7.02,7.12,0.00,
DISKWRITE,T0022,6.61,58.74,0.00,
DISKXFER,T0022,0.81,6.15,0.00,
DISKSERV,T0022,0.00,0.00,0.00,
DISKWAIT,T0022,0.00,0.00,0.00,
MEMREAL,T0022,9437184.00,111552.20,15.43,50.58,48.24,46.51,
MEMVIRT,T0022,2097152.00,99.38,0.62,2.43,2.44,0.00,0.00,2.27,2242.11,0.00,
PROC,T0022,10.29,0.00,5037.57,14433.90,512.87,201.80,12.14,11.44,32.40,2.20,123.00,
LAN,T0022,145.33,0.00,0.12,13.85,0.34,0.44,51.94,0.07,0.64,47.13,3.95,6.54,0.00,0.00,0.00,
IP,T0022,9.93,3.83,6.54,47.13,9.93,0.07,0.64,51.94,2.05,0.26,0.35,13.21,2.05,0.01,0.12,145.33,
TCPUDP,T0022,51.60,50.62,10.06,7.76,
FILE,T0022,0.96,3341.46,0.00,707533.25,24232.05,
JFSFILE,T0022,15.20,70.60,77.01,73.73,3.89,44.59,
JFSINODE,T0022,3.03,9.16,19.58,4.31,0.03,2.27,
LPAR,T0022,0.20,3.00,12.00,64.00,2.00,128.00,54.06,0.31,0.31,1.00,
ZZZZ,T0023,01:56:38,17-Sep-2019,,
CPU_ALL,T0023,2.73,2.73,0.00,94.54,12.00,
CPU011,T0023,0.00,1.43,0.00,98.57,
CPU010,T0023,0.00,1.59,0.00,98.41,
CPU09,T0023,0.00,1.73,0.00,98.27,
CPU08,T0023,16.93,39.38,0.00,43.68,
CPU07,T0023,0.00,1.87,0.00,98.13,
CPU06,T0023,0.00,1.97,0.00,98.03,
CPU05,T0023,0.00,2.12,0.00,97.88,
CPU04,T0023,6.95,42.87,0.00,50.17,
CPU03,T0023,0.31,0.63,0.00,99.06,
CPU02,T0023,0.70,2.07,0.00,97.23,
CPU01,T0023,11.09,8.91,0.11,79.89,
CPU00,T0023,48.05,48.71,0.00,3.24,
DISKBUSY,T0023,0.00,0.00,0.00,
DISKREAD,T0023,14.03,14.03,0.00,
DISKWRITE,T0023,6.32,54.02,0.00,
DISKXFER,T0023,0.81,6.01,0.00,
DISKSERV,T0023,0.00,0.00,0.00,
DISKWAIT,T0023,0.00,0.00,0.00,
MEMREAL,T0023,9437184.00,111497.40,15.43,50.58,48.24,46.51,
MEMVIRT,T0023,2097152.00,99.38,0.62,2.41,1.96,0.00,0.00,1.83,2289.69,0.00,
PROC,T0023,11.95,0.00,5042.85,15602.78,546.98,95.78,12.19,11.52,42.20,2.00,122.40,
LAN,T0023,145.07,0.01,0.13,13.38,0.35,0.28,51.28,0.06,0.66,45.99,3.98,3.64,0.00,0.00,0.00,
IP,T0023,9.71,3.86,3.64,45.99,9.71,0.06,0.66,51.28,1.89,0.26,0.23,12.75,1.89,0.01,0.13,145.07,
TCPUDP,T0023,50.95,49.55,9.83,7.43,
FILE,T0023,0.92,3674.70,0.00,878935.75,22734.08,
JFSFILE,T0023,15.21,70.60,77.01,73.73,3.89,44.59,
JFSINODE,T0023,3.03,9.16,19.58,4.31,0.03,2.27,
LPAR,T0023,0.19,3.00,12.00,64.00,2.00,128.00,55.23,0.30,0.30,1.00,
ZZZZ,T0024,02:01:38,17-Sep-2019,,
CPU_ALL,T0024,2.66,2.71,0.01,94.62,12.00,
CPU011,T0024,0.00,1.85,0.00,98.15,
CPU010,T0024,0.00,1.79,0.00,98.21,
CPU09,T0024,0.00,1.98,0.00,98.02,
CPU08,T0024,0.00,47.57,0.00,52.43,
CPU07,T0024,0.00,1.87,0.00,98.13,
CPU06,T0024,0.00,2.05,0.00,97.95,
CPU05,T0024,0.00,2.22,0.00,97.78,
CPU04,T0024,0.00,44.31,0.00,55.69,
CPU03,T0024,0.52,0.88,0.19,98.40,
CPU02,T0024,0.75,1.66,0.00,97.59,
CPU01,T0024,9.69,8.47,0.03,81.82,
CPU00,T0024,48.07,48.88,0.01,3.04,
DISKBUSY,T0024,0.00,0.00,0.00,
DISKREAD,T0024,7.02,7.04,0.00,
DISKWRITE,T0024,7.41,53.39,0.00,
DISKXFER,T0024,0.91,5.53,0.00,
DISKSERV,T0024,0.00,0.00,0.00,
DISKWAIT,T0024,0.00,0.00,0.00,
MEMREAL,T0024,9437184.00,111293.60,15.43,50.58,48.24,46.51,
MEMVIRT,T0024,2097152.00,99.38,0.62,1.66,1.97,0.00,0.00,1.74,2233.42,0.00,
PROC,T0024,9.08,0.00,5042.32,15740.90,557.07,102.81,12.17,11.48,36.00,2.00,123.00,
LAN,T0024,144.90,0.01,0.19,13.37,0.35,0.36,52.33,0.06,0.79,47.95,4.03,4.96,0.00,0.00,0.00,
IP,T0024,9.90,3.91,4.96,47.95,9.90,0.06,0.79,52.33,2.02,0.27,0.30,12.71,2.02,0.00,0.19,144.90,
TCPUDP,T0024,52.33,51.46,9.72,7.58,
FILE,T0024,0.85,3588.62,0.00,900428.88,21891.32,
JFSFILE,T0024,15.21,70.60,77.01,73.73,3.89,44.59,
JFSINODE,T0024,3.03,9.16,19.58,4.31,0.03,2.27,
LPAR,T0024,0.19,3.00,12.00,64.00,2.00,128.00,53.03,0.29,0.29,1.00,
ZZZZ,T0025,02:06:38,17-Sep-2019,,
CPU_ALL,T0025,4.50,3.32,0.03,92.15,12.00,
CPU011,T0025,0.00,0.73,0.00,99.27,
CPU010,T0025,0.00,0.69,0.00,99.31,
CPU09,T0025,0.00,0.78,0.00,99.22,
CPU08,T0025,0.00,56.26,0.00,43.74,
CPU07,T0025,0.00,0.71,0.00,99.29,
CPU06,T0025,0.00,0.71,0.00,99.29,
CPU05,T0025,0.00,0.75,0.00,99.25,
CPU04,T0025,0.00,55.26,0.00,44.74,
CPU03,T0025,0.34,2.17,0.00,97.49,
CPU02,T0025,0.51,1.92,0.00,97.57,
CPU01,T0025,10.48,10.39,0.02,79.11,
CPU00,T0025,56.48,40.07,0.03,3.42,
DISKBUSY,T0025,0.00,0.00,0.00,
DISKREAD,T0025,7.02,7.02,0.00,
DISKWRITE,T0025,11.76,84.83,0.00,
DISKXFER,T0025,1.26,8.14,0.00,
DISKSERV,T0025,0.00,0.00,0.00,
DISKWAIT,T0025,0.00,0.00,0.00,
MEMREAL,T0025,9437184.00,111174.40,15.43,50.58,48.25,46.51,
MEMVIRT,T0025,2097152.00,99.38,0.62,55.28,66.46,0.00,0.00,20.68,2256.28,0.00,
PROC,T0025,9.64,0.20,5914.89,15864.38,600.24,246.90,12.15,11.46,40.00,3.40,123.00,
LAN,T0025,585.82,0.00,0.13,308.34,0.37,0.20,463.13,0.06,0.67,497.93,4.22,2.22,0.00,0.00,0.00,
IP,T0025,19.61,4.10,2.22,497.93,19.61,0.06,0.67,463.13,28.64,0.28,0.17,301.53,28.64,0.01,0.13,585.82,
TCPUDP,T0025,466.55,511.39,15.36,7.62,
FILE,T0025,1.77,3440.32,0.00,945883.69,280101.94,
JFSFILE,T0025,15.21,70.60,77.01,73.74,3.89,44.60,
JFSINODE,T0025,3.03,9.16,19.58,4.31,0.03,2.27,
LPAR,T0025,0.28,3.00,12.00,64.00,2.00,128.00,51.37,0.43,0.43,1.00,
ZZZZ,T0026,02:11:38,17-Sep-2019,,
CPU_ALL,T0026,6.05,4.50,0.11,89.35,12.00,
CPU011,T0026,0.00,0.35,0.00,99.65,
CPU010,T0026,0.00,0.37,0.00,99.63,
CPU09,T0026,0.00,0.42,0.00,99.58,
CPU08,T0026,0.00,59.62,0.00,40.38,
CPU07,T0026,0.00,0.38,0.00,99.62,
CPU06,T0026,0.00,0.38,0.00,99.62,
CPU05,T0026,0.00,0.42,0.00,99.58,
CPU04,T0026,0.00,59.10,0.00,40.90,
CPU03,T0026,0.53,1.89,0.08,97.50,
CPU02,T0026,0.76,2.14,0.01,97.09,
CPU01,T0026,14.64,12.62,0.09,72.65,
CPU00,T0026,56.44,40.45,0.13,2.98,
DISKBUSY,T0026,0.00,0.00,0.00,
DISKREAD,T0026,14.03,14.06,0.00,
DISKWRITE,T0026,19.04,179.96,0.00,
DISKXFER,T0026,1.97,15.61,0.00,
DISKSERV,T0026,0.00,0.00,0.00,
DISKWAIT,T0026,0.00,0.00,0.00,
MEMREAL,T0026,9437184.00,112342.80,15.43,50.58,48.23,46.50,
MEMVIRT,T0026,2097152.00,99.38,0.62,220.32,278.00,0.00,0.01,82.55,2325.18,0.00,
PROC,T0026,10.59,0.60,6802.46,18357.89,851.66,383.69,12.16,11.47,57.60,4.80,122.40,
LAN,T0026,1715.27,0.01,0.12,801.28,0.33,0.23,724.51,0.08,0.59,887.21,3.94,2.91,0.00,0.00,0.00,
IP,T0026,53.35,3.83,2.91,887.21,53.35,0.08,0.59,724.49,121.63,0.25,0.19,789.15,121.63,0.01,0.12,1307.01,
TCPUDP,T0026,742.40,934.04,34.66,7.74,
FILE,T0026,4.20,3752.13,0.00,1670501.00,1117167.00,
JFSFILE,T0026,15.21,70.60,77.01,73.74,3.90,44.60,
JFSINODE,T0026,3.03,9.16,19.58,4.31,0.03,2.27,
LPAR,T0026,0.37,3.00,12.00,64.00,2.00,128.00,53.04,0.57,0.57,1.00,
ZZZZ,T0027,02:16:38,17-Sep-2019,,
CPU_ALL,T0027,3.07,3.03,0.02,93.88,12.00,
CPU011,T0027,0.00,1.06,0.00,98.94,
CPU010,T0027,0.00,1.01,0.00,98.99,
CPU09,T0027,0.00,1.10,0.00,98.90,
CPU08,T0027,0.00,53.98,0.00,46.02,
CPU07,T0027,0.00,1.05,0.00,98.95,
CPU06,T0027,0.00,1.17,0.00,98.83,
CPU05,T0027,0.00,1.26,0.00,98.74,
CPU04,T0027,0.00,52.61,0.00,47.39,
CPU03,T0027,0.91,1.66,0.00,97.43,
CPU02,T0027,0.66,2.00,0.00,97.33,
CPU01,T0027,9.26,7.99,0.04,82.70,
CPU00,T0027,49.07,47.80,0.03,3.10,
DISKBUSY,T0027,0.00,0.00,0.00,
DISKREAD,T0027,7.18,7.02,0.00,
DISKWRITE,T0027,17.70,79.25,0.00,
DISKXFER,T0027,1.92,7.48,0.00,
DISKSERV,T0027,0.00,0.00,0.00,
DISKWAIT,T0027,0.00,0.00,0.00,
MEMREAL,T0027,9437184.00,112998.00,15.43,50.58,48.23,46.49,
MEMVIRT,T0027,2097152.00,99.38,0.62,35.88,36.33,0.00,0.00,11.82,2233.54,0.00,
PROC,T0027,9.83,0.00,5428.86,16222.25,590.76,115.14,12.17,11.48,43.60,2.60,122.80,
LAN,T0027,374.82,0.00,0.13,162.63,0.34,0.37,179.96,0.05,0.62,209.33,3.97,5.33,0.00,0.00,0.00,
IP,T0027,10.36,3.86,5.33,209.33,10.36,0.05,0.62,179.96,2.07,0.26,0.30,159.77,2.07,0.00,0.13,374.82,
TCPUDP,T0027,177.42,213.47,11.85,7.46,
FILE,T0027,1.61,3698.68,0.00,942222.50,159409.09,
JFSFILE,T0027,15.21,70.60,77.01,73.74,3.89,44.61,
JFSINODE,T0027,3.03,9.16,19.58,4.31,0.03,2.27,
LPAR,T0027,0.21,3.00,12.00,64.00,2.00,128.00,53.87,0.34,0.34,1.00,
ZZZZ,T0028,02:21:38,17-Sep-2019,,
CPU_ALL,T0028,2.72,2.65,0.00,94.63,12.00,
CPU011,T0028,0.00,1.75,0.00,98.25,
CPU010,T0028,0.00,1.75,0.00,98.25,
CPU09,T0028,0.00,2.00,0.00,98.00,
CPU08,T0028,0.00,47.59,0.00,52.41,
CPU07,T0028,0.00,1.80,0.00,98.20,
CPU06,T0028,0.00,1.80,0.00,98.20,
CPU05,T0028,0.00,1.96,0.00,98.04,
CPU04,T0028,0.00,45.11,0.00,54.89,
CPU03,T0028,0.98,1.99,0.00,97.04,
CPU02,T0028,1.18,2.39,0.00,96.42,
CPU01,T0028,7.92,8.12,0.07,83.90,
CPU00,T0028,49.51,47.31,0.01,3.17,
DISKBUSY,T0028,0.00,0.00,0.00,
DISKREAD,T0028,7.02,7.02,0.00,
DISKWRITE,T0028,9.57,55.92,0.00,
DISKXFER,T0028,1.06,6.01,0.00,
DISKSERV,T0028,0.00,0.00,0.00,
DISKWAIT,T0028,0.00,0.00,0.00,
MEMREAL,T0028,9437184.00,112802.80,15.43,50.58,48.23,46.49,
MEMVIRT,T0028,2097152.00,99.38,0.62,0.00,2.28,0.00,0.00,2.26,2228.59,0.00,
PROC,T0028,10.62,0.00,5183.56,14585.66,510.63,202.99,12.14,11.44,46.00,2.00,123.00,
LAN,T0028,143.61,0.01,0.13,11.94,0.42,0.32,62.35,0.06,0.67,57.17,4.51,4.41,0.00,0.00,0.00,
IP,T0028,10.21,4.39,4.41,57.17,10.21,0.06,0.67,62.35,1.99,0.34,0.26,11.16,1.99,0.01,0.13,143.61,
TCPUDP,T0028,61.32,61.18,9.83,8.05,
FILE,T0028,0.97,3342.71,0.00,704639.94,22210.27,
JFSFILE,T0028,15.21,70.60,77.01,73.75,3.89,44.61,
JFSINODE,T0028,3.03,9.16,19.58,4.31,0.03,2.27,
LPAR,T0028,0.19,3.00,12.00,64.00,2.00,128.00,54.39,0.29,0.29,1.00,
ZZZZ,T0029,02:26:38,17-Sep-2019,,
CPU_ALL,T0029,3.58,3.35,0.01,93.06,12.00,
CPU011,T0029,0.00,0.28,0.00,99.72,
CPU010,T0029,0.00,0.33,0.00,99.67,
CPU09,T0029,0.00,0.33,0.00,99.67,
CPU08,T0029,14.80,49.45,0.00,35.75,
CPU07,T0029,0.00,0.39,0.00,99.61,
CPU06,T0029,0.00,0.41,0.00,99.59,
CPU05,T0029,0.00,0.43,0.00,99.57,
CPU04,T0029,1.13,57.65,0.00,41.22,
