CPU_ALL,CPU Total ,User%,Sys%,Wait%,Idle%,CPUs,
CPU011,CPU Total ,User%,Sys%,Wait%,Idle%,
CPU010,CPU Total ,User%,Sys%,Wait%,Idle%,
CPU09,CPU Total ,User%,Sys%,Wait%,Idle%,
CPU08,CPU Total ,User%,Sys%,Wait%,Idle%,
CPU07,CPU Total ,User%,Sys%,Wait%,Idle%,
CPU06,CPU Total ,User%,Sys%,Wait%,Idle%,
CPU05,CPU Total ,User%,Sys%,Wait%,Idle%,
CPU04,CPU Total ,User%,Sys%,Wait%,Idle%,
CPU03,CPU Total ,User%,Sys%,Wait%,Idle%,
CPU02,CPU Total ,User%,Sys%,Wait%,Idle%,
CPU01,CPU Total ,User%,Sys%,Wait%,Idle%,
CPU00,CPU Total ,User%,Sys%,Wait%,Idle%,
DISKBUSY,Disk %Busy ,hdisk1,hdisk99,hdisk0,
DISKREAD,Disk Read 512 bytes per sec ,hdisk1,hdisk99,hdisk0,
DISKWRITE,Disk Write 512 bytes per sec ,hdisk1,hdisk99,hdisk0,
DISKXFER,Disk transfers per second ,hdisk1,hdisk99,hdisk0,
DISKSERV,Disk Avg service time/transfer ,hdisk1,hdisk99,hdisk0,
DISKWAIT,Average wait queue time for read/write transfers,hdisk1,hdisk99,hdisk0,
MEMREAL,Real Memory Statistics,Size 4k pages,free frames 4k,%pinned,%comp,%noncomp,%client,
MEMVIRT,PgSp / Virtual Memory Statistics,PageSpace,%free,%used,pagein,pageout,pgspgin,pgspgout,sio,totfaults,steal,
PROC,Processes ,Runnable,Swap-in,pswitch,syscall,read,write,fork,exec,loadavg,utilavg,numprocs,
LAN,LAN Interfaces Statistics,ent0/kbytesout,ent2/kbytesout,ent1/kbytesout,ent0/kbytesin,ent2/kbytesin,ent1/kbytesin,ent0/framesout,ent2/framesout,ent1/framesout,ent0/framesin,ent2/framesin,ent1/framesin,ent0/recvdrops,ent2/recvdrops,ent1/recvdrops,
IP,IP Statistics for network interface,lo0/ipacket,en2/ipacket,en1/ipacket,en0/ipacket,lo0/opacket,en2/opacket,en1/opacket,en0/opacket,lo0/ioctet_kb,en2/ioctet_kb,en1/ioctet_kb,en0/ioctet_kb,lo0/ooctet_kb,en2/ooctet_kb,en1/ooctet_kb,en0/ooctet_kb,
TCPUDP,IP Protocol statistics,TCPSendTot,TCPRcvTot,UDPSnddgrm,UDPRcvdgrm,
FILE,File I/O ,iget,namei,dirblk,readch,writech,
JFSFILE,JFS Filespace %Used,/,/home,/usr,/var,/tmp,/opt,
JFSINODE,JFS Inode %Used,/,/home,/usr,/var,/tmp,opt,
LPAR,LPAR Stats,PhysicalCPU,VirtualCPUs,LogicalCPUs,poolCPUS,entitled,weight,poolIdle,UsedAllCPU%,UsedPoolCPU%,SharedCPU,
ZZZZ,T0001,00:06:48,18-Sep-2019,,
CPU_ALL,T0001,6.84,4.05,0.01,89.11,12.00,
CPU011,T0001,0.00,0.43,0.00,99.57,
CPU010,T0001,0.00,0.49,0.00,99.51,
CPU09,T0001,0.00,0.57,0.00,99.43,
CPU08,T0001,0.00,57.69,0.00,42.31,
CPU07,T0001,0.00,0.52,0.00,99.48,
CPU06,T0001,0.00,0.46,0.00,99.54,
CPU05,T0001,0.00,0.48,0.00,99.52,
CPU04,T0001,0.00,57.46,0.00,42.54,
CPU03,T0001,0.50,2.46,0.08,96.96,
CPU02,T0001,0.54,2.78,0.00,96.68,
CPU01,T0001,11.69,10.88,0.05,77.38,
CPU00,T0001,60.94,34.73,0.01,4.33,
DISKBUSY,T0001,0.00,0.00,0.00,
DISKREAD,T0001,7.02,7.02,0.00,
DISKWRITE,T0001,15.57,65.70,0.00,
DISKXFER,T0001,1.44,6.95,0.00,
DISKSERV,T0001,0.00,0.00,0.00,
DISKWAIT,T0001,0.00,0.00,0.00,
MEMREAL,T0001,9437184.00,27988.60,15.43,50.57,49.13,47.18,
MEMVIRT,T0001,2097152.00,99.38,0.62,4.26,6.93,0.00,0.00,3.57,2246.41,0.00,
PROC,T0001,9.63,0.00,7900.24,17620.81,530.30,214.17,12.17,11.49,50.20,5.00,123.00,
LAN,T0001,706.81,0.01,0.14,475.09,0.36,0.37,1487.71,0.06,0.73,1486.35,4.19,5.19,0.00,0.00,0.00,
IP,T0001,10.20,4.07,5.19,1486.35,10.20,0.06,0.73,1487.71,1.99,0.27,0.30,454.77,1.99,0.00,0.14,706.81,
TCPUDP,T0001,1487.14,1490.02,10.63,7.71,
FILE,T0001,1.15,3391.71,0.00,736482.94,42773.61,
JFSFILE,T0001,15.19,70.67,77.01,73.83,3.89,44.35,
JFSINODE,T0001,3.03,9.19,19.58,4.33,0.02,2.26,
LPAR,T0001,0.39,3.00,12.00,64.00,2.00,128.00,46.17,0.61,0.61,1.00,
ZZZZ,T0002,00:11:48,18-Sep-2019,,
CPU_ALL,T0002,11.86,5.13,0.00,83.01,12.00,
CPU011,T0002,0.00,0.34,0.00,99.66,
CPU010,T0002,0.00,0.35,0.00,99.65,
CPU09,T0002,0.00,0.39,0.00,99.61,
CPU08,T0002,7.53,54.86,0.00,37.61,
CPU07,T0002,0.26,0.52,0.00,99.22,
CPU06,T0002,0.19,0.54,0.00,99.28,
CPU05,T0002,4.54,1.03,0.00,94.43,
CPU04,T0002,16.84,49.64,0.00,33.52,
CPU03,T0002,0.37,2.81,0.00,96.82,
CPU02,T0002,0.40,2.87,0.00,96.72,
CPU01,T0002,16.35,11.48,0.01,72.16,
CPU00,T0002,68.20,27.49,0.01,4.30,
DISKBUSY,T0002,0.00,0.00,0.00,
DISKREAD,T0002,7.02,7.04,0.00,
DISKWRITE,T0002,14.21,61.38,0.00,
DISKXFER,T0002,1.31,6.71,0.00,
DISKSERV,T0002,0.00,0.00,0.00,
DISKWAIT,T0002,0.00,0.00,0.00,
MEMREAL,T0002,9437184.00,28733.20,15.43,50.57,49.12,47.17,
MEMVIRT,T0002,2097152.00,99.38,0.62,15.53,16.99,0.00,0.00,5.97,2242.38,0.00,
PROC,T0002,11.03,0.20,9886.48,21503.05,993.82,830.36,12.15,11.45,68.00,8.00,122.80,
LAN,T0002,4544.72,0.01,0.14,862.91,0.34,0.35,2529.42,0.07,0.77,2926.99,3.97,4.87,0.00,0.00,0.00,
IP,T0002,10.34,3.85,4.87,2926.99,10.34,0.07,0.77,2529.36,2.15,0.26,0.28,822.89,2.15,0.01,0.14,4544.70,
TCPUDP,T0002,2528.58,2930.85,11.03,7.72,
FILE,T0002,1.22,3474.93,0.00,584187.19,7076278.50,
JFSFILE,T0002,15.19,70.67,77.01,73.83,3.89,44.35,
JFSINODE,T0002,3.03,9.19,19.58,4.33,0.02,2.26,
LPAR,T0002,0.61,3.00,12.00,64.00,2.00,128.00,45.76,0.95,0.95,1.00,
ZZZZ,T0003,00:16:48,18-Sep-2019,,
CPU_ALL,T0003,22.15,5.82,0.00,72.02,12.00,
CPU011,T0003,0.00,0.15,0.00,99.85,
CPU010,T0003,0.00,0.14,0.00,99.86,
CPU09,T0003,0.00,0.15,0.00,99.85,
CPU08,T0003,0.00,56.90,0.00,43.10,
CPU07,T0003,0.06,1.48,0.00,98.47,
CPU06,T0003,0.01,1.52,0.00,98.47,
CPU05,T0003,15.10,3.79,0.00,81.11,
CPU04,T0003,49.43,31.77,0.00,18.80,
CPU03,T0003,0.10,2.39,0.00,97.51,
CPU02,T0003,0.08,2.43,0.00,97.49,
CPU01,T0003,19.85,8.93,0.00,71.22,
CPU00,T0003,72.35,23.40,0.00,4.25,
DISKBUSY,T0003,0.00,0.00,0.00,
DISKREAD,T0003,7.02,372.71,0.00,
DISKWRITE,T0003,11.60,58.36,0.00,
DISKXFER,T0003,1.11,29.43,0.00,
DISKSERV,T0003,0.00,0.00,0.00,
DISKWAIT,T0003,0.00,0.00,0.00,
MEMREAL,T0003,9437184.00,15591.20,15.43,50.58,49.26,47.30,
MEMVIRT,T0003,2097152.00,99.38,0.62,53.86,5.79,0.00,0.01,48.95,2268.72,0.00,
PROC,T0003,10.06,0.20,10645.64,31744.82,3731.46,4390.47,12.17,11.47,68.20,10.00,123.80,
LAN,T0003,24579.32,0.01,0.14,758.13,0.35,0.20,2064.82,0.08,0.72,4779.94,4.03,2.30,0.00,0.00,0.00,
IP,T0003,10.12,3.91,2.30,4779.94,10.12,0.08,0.72,2064.79,1.92,0.26,0.17,692.78,1.92,0.01,0.14,10600.00,
TCPUDP,T0003,2064.59,4783.90,9.93,7.41,
FILE,T0003,0.95,3680.23,0.00,6660648.00,5902539.50,
JFSFILE,T0003,15.19,70.67,77.01,73.83,3.89,44.36,
JFSINODE,T0003,3.03,9.19,19.58,4.32,0.02,2.26,
LPAR,T0003,0.98,3.00,12.00,64.00,2.00,128.00,47.80,1.53,1.53,1.00,
ZZZZ,T0004,00:21:48,18-Sep-2019,,
CPU_ALL,T0004,4.26,3.01,0.00,92.73,12.00,
CPU011,T0004,0.00,0.86,0.00,99.14,
CPU010,T0004,0.00,0.85,0.00,99.15,
CPU09,T0004,0.00,0.92,0.00,99.08,
CPU08,T0004,0.00,54.37,0.00,45.63,
CPU07,T0004,0.00,0.89,0.00,99.11,
CPU06,T0004,0.00,0.87,0.00,99.13,
CPU05,T0004,0.00,0.93,0.00,99.07,
CPU04,T0004,0.00,53.08,0.00,46.92,
CPU03,T0004,0.77,1.54,0.00,97.69,
CPU02,T0004,0.82,1.78,0.00,97.40,
CPU01,T0004,9.08,9.60,0.00,81.31,
CPU00,T0004,56.53,40.01,0.00,3.45,
DISKBUSY,T0004,0.00,0.00,0.00,
DISKREAD,T0004,14.03,14.03,0.00,
DISKWRITE,T0004,7.89,58.59,0.00,
DISKXFER,T0004,0.94,6.37,0.00,
DISKSERV,T0004,0.00,0.00,0.00,
DISKWAIT,T0004,0.00,0.00,0.00,
MEMREAL,T0004,9437184.00,15977.00,15.42,50.57,49.26,47.30,
MEMVIRT,T0004,2097152.00,99.38,0.62,0.75,2.19,0.00,0.00,2.16,2246.21,0.00,
PROC,T0004,8.73,0.00,5730.57,15113.39,512.20,203.85,12.15,11.46,41.60,3.20,123.00,
LAN,T0004,300.97,0.01,0.13,127.59,0.42,0.20,442.29,0.06,0.70,435.46,4.49,2.22,0.00,0.00,0.00,
IP,T0004,9.96,4.37,2.22,435.46,9.96,0.06,0.70,442.29,2.02,0.33,0.17,121.63,2.02,0.01,0.13,300.97,
TCPUDP,T0004,441.59,439.14,9.96,8.16,
FILE,T0004,0.98,3335.30,0.00,716851.75,24491.38,
JFSFILE,T0004,15.19,70.67,77.01,73.84,3.89,44.36,
JFSINODE,T0004,3.03,9.19,19.58,4.33,0.02,2.26,
LPAR,T0004,0.26,3.00,12.00,64.00,2.00,128.00,50.71,0.40,0.40,1.00,
ZZZZ,T0005,00:26:48,18-Sep-2019,,
CPU_ALL,T0005,2.76,2.71,0.00,94.53,12.00,
CPU011,T0005,0.00,1.41,0.00,98.59,
CPU010,T0005,0.00,1.58,0.00,98.42,
CPU09,T0005,0.00,1.75,0.00,98.25,
CPU08,T0005,16.48,40.63,0.00,42.89,
CPU07,T0005,0.00,1.91,0.00,98.09,
CPU06,T0005,0.00,2.02,0.00,97.98,
CPU05,T0005,0.00,2.26,0.00,97.74,
CPU04,T0005,6.67,43.77,0.00,49.56,
CPU03,T0005,0.27,0.96,0.00,98.77,
CPU02,T0005,0.20,1.00,0.00,98.80,
CPU01,T0005,11.01,8.98,0.00,80.01,
CPU00,T0005,48.57,48.41,0.01,3.01,
DISKBUSY,T0005,0.00,0.00,0.00,
DISKREAD,T0005,7.02,7.02,0.00,
DISKWRITE,T0005,6.72,56.73,0.00,
DISKXFER,T0005,0.83,6.05,0.00,
DISKSERV,T0005,0.00,0.00,0.00,
DISKWAIT,T0005,0.00,0.00,0.00,
MEMREAL,T0005,9437184.00,15954.60,15.42,50.57,49.26,47.30,
MEMVIRT,T0005,2097152.00,99.38,0.62,2.39,1.71,0.00,0.00,1.88,2295.79,0.00,
PROC,T0005,9.81,0.00,4853.66,15534.33,563.43,105.41,12.18,11.50,46.00,2.00,122.60,
LAN,T0005,143.67,0.01,0.14,11.31,0.34,0.28,49.63,0.07,0.79,44.48,4.02,3.58,0.00,0.00,0.00,
IP,T0005,9.70,3.90,3.58,44.48,9.70,0.07,0.79,49.63,1.88,0.26,0.23,10.70,1.88,0.01,0.14,143.67,
TCPUDP,T0005,48.46,47.79,9.84,7.45,
FILE,T0005,0.91,3609.16,0.00,929447.69,23124.49,
JFSFILE,T0005,15.19,70.67,77.01,73.84,3.89,44.37,
JFSINODE,T0005,3.03,9.19,19.58,4.33,0.02,2.26,
LPAR,T0005,0.19,3.00,12.00,64.00,2.00,128.00,52.80,0.30,0.30,1.00,
ZZZZ,T0006,00:31:48,18-Sep-2019,,
CPU_ALL,T0006,2.62,2.70,0.00,94.68,12.00,
CPU011,T0006,0.00,1.93,0.00,98.07,
CPU010,T0006,0.00,1.76,0.00,98.24,
CPU09,T0006,0.00,1.95,0.00,98.05,
CPU08,T0006,0.00,46.98,0.00,53.02,
CPU07,T0006,0.00,1.84,0.00,98.16,
CPU06,T0006,0.00,2.07,0.00,97.93,
CPU05,T0006,0.00,2.20,0.00,97.80,
CPU04,T0006,0.00,44.79,0.00,55.21,
CPU03,T0006,1.23,0.90,0.00,97.86,
CPU02,T0006,0.78,1.09,0.00,98.13,
CPU01,T0006,7.20,8.81,0.00,83.98,
CPU00,T0006,48.05,49.06,0.01,2.89,
DISKBUSY,T0006,0.00,0.00,0.00,
DISKREAD,T0006,14.03,14.03,0.00,
DISKWRITE,T0006,6.11,46.39,0.00,
DISKXFER,T0006,0.79,5.15,0.00,
DISKSERV,T0006,0.00,0.00,0.00,
DISKWAIT,T0006,0.00,0.00,0.00,
MEMREAL,T0006,9437184.00,15854.00,15.42,50.57,49.26,47.30,
MEMVIRT,T0006,2097152.00,99.38,0.62,2.49,1.29,0.00,0.01,1.47,2253.17,0.00,
PROC,T0006,10.36,0.00,4863.12,15224.37,540.91,94.36,12.16,11.47,33.00,2.00,122.40,
LAN,T0006,144.51,0.00,0.14,11.69,0.34,0.24,50.36,0.07,0.73,45.56,3.97,2.99,0.00,0.00,0.00,
IP,T0006,9.98,3.85,2.99,45.56,9.98,0.07,0.73,50.36,2.07,0.26,0.20,11.07,2.07,0.01,0.14,144.51,
TCPUDP,T0006,49.43,49.04,9.92,7.80,
FILE,T0006,0.84,3613.43,0.00,852914.19,22613.32,
JFSFILE,T0006,15.19,70.67,77.01,73.84,3.89,44.37,
JFSINODE,T0006,3.03,9.19,19.58,4.33,0.02,2.26,
LPAR,T0006,0.19,3.00,12.00,64.00,2.00,128.00,50.92,0.29,0.29,1.00,
ZZZZ,T0007,00:36:48,18-Sep-2019,,
CPU_ALL,T0007,2.69,2.64,0.00,94.66,12.00,
CPU011,T0007,0.00,1.87,0.00,98.13,
CPU010,T0007,0.00,1.88,0.00,98.12,
CPU09,T0007,0.00,2.04,0.00,97.96,
CPU08,T0007,0.00,47.47,0.00,52.53,
CPU07,T0007,0.00,1.75,0.00,98.25,
CPU06,T0007,0.00,1.78,0.00,98.22,
CPU05,T0007,0.00,1.95,0.00,98.05,
CPU04,T0007,0.00,47.34,0.00,52.66,
CPU03,T0007,0.44,0.69,0.00,98.87,
CPU02,T0007,1.26,1.14,0.00,97.60,
CPU01,T0007,8.06,9.27,0.08,82.59,
CPU00,T0007,49.24,47.66,0.01,3.09,
DISKBUSY,T0007,0.00,0.00,0.00,
DISKREAD,T0007,7.02,7.02,0.00,
DISKWRITE,T0007,6.48,59.09,0.00,
DISKXFER,T0007,0.80,6.35,0.00,
DISKSERV,T0007,0.00,0.00,0.00,
DISKWAIT,T0007,0.00,0.00,0.00,
MEMREAL,T0007,9437184.00,15768.60,15.42,50.57,49.26,47.30,
MEMVIRT,T0007,2097152.00,99.38,0.62,0.00,2.10,0.00,0.00,2.08,2241.85,0.00,
PROC,T0007,8.55,0.00,4867.94,14171.55,510.86,204.04,12.14,11.45,37.40,2.00,123.00,
LAN,T0007,143.02,0.01,0.13,9.39,0.35,0.27,50.25,0.06,0.72,44.88,4.04,3.38,0.00,0.00,0.00,
IP,T0007,10.13,3.92,3.38,44.88,10.13,0.06,0.72,50.25,2.10,0.26,0.22,8.78,2.10,0.00,0.13,143.01,
TCPUDP,T0007,49.20,48.82,10.16,7.49,
FILE,T0007,1.05,3329.95,0.00,704170.50,24008.89,
JFSFILE,T0007,15.19,70.67,77.01,73.85,3.89,44.38,
JFSINODE,T0007,3.03,9.19,19.58,4.33,0.02,2.26,
LPAR,T0007,0.19,3.00,12.00,64.00,2.00,128.00,47.57,0.29,0.29,1.00,
ZZZZ,T0008,00:41:48,18-Sep-2019,,
CPU_ALL,T0008,2.68,2.76,0.01,94.54,12.00,
CPU011,T0008,0.00,1.64,0.00,98.36,
CPU010,T0008,0.00,1.92,0.00,98.08,
CPU09,T0008,0.00,1.89,0.00,98.11,
CPU08,T0008,0.00,49.02,0.00,50.98,
CPU07,T0008,0.00,1.77,0.00,98.23,
CPU06,T0008,0.00,1.98,0.00,98.02,
CPU05,T0008,0.00,2.05,0.00,97.95,
CPU04,T0008,0.00,46.23,0.00,53.77,
CPU03,T0008,0.50,0.73,0.00,98.77,
CPU02,T0008,1.07,1.18,0.03,97.72,
CPU01,T0008,8.29,9.47,0.01,82.23,
CPU00,T0008,48.07,48.93,0.01,3.00,
DISKBUSY,T0008,0.00,0.00,0.00,
DISKREAD,T0008,14.03,14.03,0.00,
DISKWRITE,T0008,6.77,55.72,0.00,
DISKXFER,T0008,0.87,5.98,0.00,
DISKSERV,T0008,0.00,0.00,0.00,
DISKWAIT,T0008,0.00,0.00,0.00,
MEMREAL,T0008,9437184.00,16147.80,15.42,50.57,49.26,47.30,
MEMVIRT,T0008,2097152.00,99.38,0.62,7.49,2.89,0.00,0.00,2.54,2241.67,0.00,
PROC,T0008,8.57,0.00,4882.70,15234.98,538.11,95.48,12.15,11.46,40.60,2.00,122.40,
LAN,T0008,159.12,0.00,0.14,22.61,0.34,0.20,61.03,0.06,0.74,58.19,3.94,2.29,0.00,0.00,0.00,
IP,T0008,9.64,3.82,2.29,58.19,9.64,0.06,0.74,61.03,1.90,0.26,0.17,21.82,1.90,0.01,0.14,159.12,
TCPUDP,T0008,59.99,61.63,9.71,7.47,
FILE,T0008,0.90,3638.70,0.00,840094.25,30732.69,
JFSFILE,T0008,15.19,70.67,77.01,73.85,3.89,44.38,
JFSINODE,T0008,3.03,9.19,19.58,4.33,0.02,2.26,
LPAR,T0008,0.19,3.00,12.00,64.00,2.00,128.00,50.74,0.30,0.30,1.00,
ZZZZ,T0009,00:46:48,18-Sep-2019,,
CPU_ALL,T0009,2.91,2.93,0.02,94.15,12.00,
CPU011,T0009,0.00,1.39,0.00,98.61,
CPU010,T0009,0.00,1.41,0.00,98.59,
CPU09,T0009,0.00,1.48,0.00,98.52,
CPU08,T0009,0.00,52.88,0.00,47.12,
CPU07,T0009,0.00,1.34,0.00,98.66,
CPU06,T0009,0.00,1.86,0.00,98.14,
CPU05,T0009,0.00,1.61,0.00,98.39,
CPU04,T0009,0.00,50.85,0.00,49.15,
CPU03,T0009,0.32,0.74,0.00,98.94,
CPU02,T0009,0.58,1.10,0.00,98.31,
CPU01,T0009,8.92,10.48,0.02,80.58,
CPU00,T0009,48.82,48.12,0.02,3.04,
DISKBUSY,T0009,0.00,0.00,0.00,
DISKREAD,T0009,7.02,7.10,0.00,
DISKWRITE,T0009,7.84,58.85,0.00,
DISKXFER,T0009,0.95,6.57,0.00,
DISKSERV,T0009,0.00,0.00,0.00,
DISKWAIT,T0009,0.00,0.00,0.00,
MEMREAL,T0009,9437184.00,16926.80,15.43,50.57,49.25,47.29,
MEMVIRT,T0009,2097152.00,99.38,0.62,29.30,7.54,0.00,0.00,5.76,2240.42,0.00,
PROC,T0009,9.17,0.20,5009.41,15558.85,572.78,103.87,12.19,11.51,37.80,2.00,123.00,
LAN,T0009,203.84,0.01,0.13,66.68,0.36,0.20,102.10,0.05,0.71,106.46,4.17,2.29,0.00,0.00,0.00,
IP,T0009,9.91,4.05,2.29,106.46,9.91,0.05,0.71,102.10,1.92,0.27,0.17,65.22,1.92,0.00,0.13,203.84,
TCPUDP,T0009,101.07,109.99,10.37,7.57,
FILE,T0009,1.18,3637.98,0.00,892403.81,52325.36,
JFSFILE,T0009,15.19,70.67,77.01,73.85,3.89,44.38,
JFSINODE,T0009,3.03,9.19,19.58,4.33,0.02,2.26,
LPAR,T0009,0.21,3.00,12.00,64.00,2.00,128.00,48.04,0.32,0.32,1.00,
ZZZZ,T0010,00:51:48,18-Sep-2019,,
CPU_ALL,T0010,2.91,2.78,0.01,94.29,12.00,
CPU011,T0010,0.00,1.57,0.00,98.43,
CPU010,T0010,0.00,1.74,0.00,98.26,
CPU09,T0010,0.00,1.77,0.00,98.23,
CPU08,T0010,0.00,51.12,0.00,48.88,
CPU07,T0010,0.00,1.61,0.00,98.39,
CPU06,T0010,0.00,1.85,0.00,98.15,
CPU05,T0010,0.00,1.77,0.00,98.23,
CPU04,T0010,0.00,48.75,0.00,51.25,
CPU03,T0010,0.64,1.74,0.00,97.62,
CPU02,T0010,0.78,1.46,0.00,97.76,
CPU01,T0010,9.31,8.10,0.02,82.58,
CPU00,T0010,49.74,47.15,0.02,3.09,
DISKBUSY,T0010,0.00,0.00,0.00,
DISKREAD,T0010,14.03,14.14,0.00,
DISKWRITE,T0010,8.56,62.47,0.00,
DISKXFER,T0010,1.00,6.61,0.00,
DISKSERV,T0010,0.00,0.00,0.00,
DISKWAIT,T0010,0.00,0.00,0.00,
MEMREAL,T0010,9437184.00,16393.00,15.42,50.57,49.25,47.30,
MEMVIRT,T0010,2097152.00,99.38,0.62,15.55,5.07,0.00,0.00,4.36,2241.15,0.00,
PROC,T0010,9.70,0.40,5190.01,14567.56,517.25,207.10,12.18,11.49,37.60,2.00,122.40,
LAN,T0010,174.88,0.01,0.13,38.63,0.34,0.86,76.18,0.07,0.66,75.46,3.97,13.95,0.00,0.00,0.00,
IP,T0010,10.34,3.85,13.95,75.46,10.34,0.07,0.66,76.18,2.07,0.26,0.67,37.60,2.07,0.01,0.13,174.88,
TCPUDP,T0010,75.88,79.41,10.31,7.68,
FILE,T0010,1.11,3336.44,0.00,711792.31,40874.16,
JFSFILE,T0010,15.19,70.67,77.01,73.86,3.89,44.39,
JFSINODE,T0010,3.03,9.19,19.58,4.33,0.02,2.26,
LPAR,T0010,0.20,3.00,12.00,64.00,2.00,128.00,46.88,0.31,0.31,1.00,
ZZZZ,T0011,00:56:48,18-Sep-2019,,
CPU_ALL,T0011,2.92,2.87,0.00,94.20,12.00,
CPU011,T0011,0.00,1.60,0.00,98.40,
CPU010,T0011,0.00,1.71,0.00,98.29,
CPU09,T0011,0.00,1.79,0.00,98.21,
CPU08,T0011,3.21,54.14,0.01,42.64,
CPU07,T0011,0.00,1.41,0.00,98.59,
CPU06,T0011,0.00,1.64,0.00,98.36,
CPU05,T0011,0.00,1.68,0.00,98.32,
CPU04,T0011,15.67,42.06,0.00,42.27,
CPU03,T0011,1.62,1.69,0.00,96.69,
CPU02,T0011,0.64,1.40,0.00,97.96,
CPU01,T0011,9.89,9.91,0.00,80.20,
CPU00,T0011,48.79,47.88,0.01,3.33,
DISKBUSY,T0011,0.00,0.00,0.00,
DISKREAD,T0011,7.02,7.02,0.00,
DISKWRITE,T0011,8.61,56.07,0.00,
DISKXFER,T0011,0.95,6.17,0.00,
DISKSERV,T0011,0.00,0.00,0.00,
DISKWAIT,T0011,0.00,0.00,0.00,
MEMREAL,T0011,9437184.00,16089.20,15.42,50.57,49.26,47.30,
MEMVIRT,T0011,2097152.00,99.38,0.62,0.98,1.83,0.00,0.00,1.90,2282.61,0.00,
PROC,T0011,8.58,0.00,5167.63,15831.95,557.48,104.98,12.15,11.47,36.40,2.00,123.00,
LAN,T0011,143.13,0.00,0.14,10.63,0.35,0.36,49.46,0.06,0.73,44.49,4.02,5.07,0.00,0.00,0.00,
IP,T0011,10.23,3.90,5.07,44.49,10.23,0.06,0.73,49.45,2.08,0.26,0.29,10.02,2.08,0.01,0.14,143.13,
TCPUDP,T0011,49.22,48.28,10.06,7.71,
FILE,T0011,0.91,3579.33,0.00,923414.25,22511.81,
JFSFILE,T0011,15.20,70.67,77.01,73.85,3.89,44.39,
JFSINODE,T0011,3.03,9.19,19.58,4.33,0.02,2.26,
LPAR,T0011,0.20,3.00,12.00,64.00,2.00,128.00,42.80,0.32,0.32,1.00,
ZZZZ,T0012,01:01:48,18-Sep-2019,,
CPU_ALL,T0012,3.33,3.13,0.04,93.50,12.00,
CPU011,T0012,0.00,1.29,0.00,98.71,
CPU010,T0012,0.00,1.36,0.00,98.64,
CPU09,T0012,0.00,1.46,0.00,98.54,
CPU08,T0012,0.00,55.38,0.00,44.62,
CPU07,T0012,0.00,1.20,0.00,98.80,
CPU06,T0012,0.00,1.26,0.00,98.74,
CPU05,T0012,0.00,1.38,0.00,98.62,
CPU04,T0012,0.00,53.24,0.00,46.76,
CPU03,T0012,0.95,2.07,0.00,96.98,
CPU02,T0012,1.58,1.81,0.00,96.61,
CPU01,T0012,8.74,11.10,0.10,80.05,
CPU00,T0012,50.29,45.95,0.02,3.74,
DISKBUSY,T0012,0.00,0.00,0.00,
DISKREAD,T0012,14.03,14.90,0.00,
DISKWRITE,T0012,9.65,54.27,0.00,
DISKXFER,T0012,1.06,5.89,0.00,
DISKSERV,T0012,0.00,0.00,0.00,
DISKWAIT,T0012,0.00,0.00,0.00,
MEMREAL,T0012,9437184.00,15894.80,15.42,50.57,49.26,47.30,
MEMVIRT,T0012,2097152.00,99.38,0.62,4.44,2.97,0.00,0.00,2.35,2264.82,0.00,
PROC,T0012,9.94,0.20,5728.75,16247.04,543.10,96.85,12.19,11.50,46.00,2.40,123.00,
LAN,T0012,258.69,0.01,0.13,106.68,0.35,0.20,352.02,0.05,0.69,355.09,4.03,2.27,0.00,0.00,0.00,
IP,T0012,10.22,3.91,2.27,355.09,10.22,0.05,0.69,352.01,2.04,0.27,0.17,101.82,2.04,0.00,0.13,258.69,
TCPUDP,T0012,352.16,359.15,9.65,7.52,
FILE,T0012,0.88,3667.70,0.00,846024.00,25410.24,
JFSFILE,T0012,15.20,70.67,77.01,73.86,3.89,44.40,
JFSINODE,T0012,3.03,9.19,19.58,4.33,0.02,2.26,
LPAR,T0012,0.23,3.00,12.00,64.00,2.00,128.00,40.95,0.36,0.36,1.00,
ZZZZ,T0013,01:06:48,18-Sep-2019,,
CPU_ALL,T0013,7.24,3.52,0.06,89.19,12.00,
CPU011,T0013,0.00,1.00,0.00,99.00,
CPU010,T0013,0.00,1.07,0.00,98.93,
CPU09,T0013,0.00,1.13,0.00,98.87,
CPU08,T0013,19.25,47.15,0.00,33.60,
CPU07,T0013,0.00,0.92,0.00,99.08,
CPU06,T0013,0.00,0.95,0.00,99.05,
CPU05,T0013,4.21,2.60,0.11,93.09,
CPU04,T0013,18.83,49.60,0.02,31.54,
CPU03,T0013,0.48,2.12,0.00,97.41,
CPU02,T0013,0.98,1.52,0.00,97.51,
CPU01,T0013,13.02,9.33,0.01,77.64,
CPU00,T0013,64.06,32.92,0.03,2.99,
DISKBUSY,T0013,0.00,0.20,0.00,
DISKREAD,T0013,498.14,753.54,0.00,
DISKWRITE,T0013,12.40,87.16,0.00,
DISKXFER,T0013,3.50,13.35,0.00,
DISKSERV,T0013,0.00,0.00,0.00,
DISKWAIT,T0013,0.00,0.00,0.00,
MEMREAL,T0013,9437184.00,15012.60,15.42,50.57,49.27,47.31,
MEMVIRT,T0013,2097152.00,99.38,0.62,8.58,5.17,0.00,0.01,4.22,3188.78,0.00,
PROC,T0013,10.46,0.20,6321.07,16927.82,621.68,233.59,16.48,15.89,46.80,4.60,122.60,
LAN,T0013,426.48,0.00,0.13,785.00,0.35,0.27,645.78,0.06,0.68,653.42,4.06,3.59,0.00,0.00,0.00,
IP,T0013,11.82,3.95,3.59,653.42,11.82,0.06,0.68,645.76,2.18,0.27,0.23,776.07,2.18,0.01,0.13,426.46,
TCPUDP,T0013,643.53,658.50,13.67,7.85,
FILE,T0013,2.27,3536.76,0.00,1473051.75,40070.34,
JFSFILE,T0013,15.20,70.67,77.01,73.86,3.89,44.40,
JFSINODE,T0013,3.03,9.19,19.58,4.33,0.02,2.26,
LPAR,T0013,0.38,3.00,12.00,64.00,2.00,128.00,39.78,0.59,0.59,1.00,
ZZZZ,T0014,01:11:48,18-Sep-2019,,
CPU_ALL,T0014,4.51,3.05,0.00,92.43,12.00,
CPU011,T0014,0.00,1.15,0.00,98.85,
CPU010,T0014,0.00,1.14,0.00,98.86,
CPU09,T0014,0.00,1.27,0.00,98.73,
CPU08,T0014,0.00,55.16,0.00,44.84,
CPU07,T0014,0.00,1.08,0.00,98.92,
CPU06,T0014,0.00,1.16,0.00,98.84,
CPU05,T0014,0.00,1.25,0.00,98.75,
CPU04,T0014,0.00,53.85,0.00,46.15,
CPU03,T0014,0.98,2.33,0.04,96.65,
CPU02,T0014,1.61,1.60,0.00,96.79,
CPU01,T0014,10.10,9.72,0.01,80.16,
CPU00,T0014,56.06,40.61,0.00,3.32,
DISKBUSY,T0014,0.00,0.00,0.00,
DISKREAD,T0014,14.03,14.03,0.00,
DISKWRITE,T0014,10.37,62.05,0.00,
DISKXFER,T0014,1.06,6.61,0.00,
DISKSERV,T0014,0.00,0.00,0.00,
DISKWAIT,T0014,0.00,0.00,0.00,
MEMREAL,T0014,9437184.00,14755.40,15.42,50.57,49.27,47.31,
MEMVIRT,T0014,2097152.00,99.38,0.62,0.33,2.25,0.00,0.00,2.13,2251.33,0.00,
PROC,T0014,10.13,0.00,5784.18,15163.88,513.87,204.42,12.23,11.54,40.40,3.00,122.40,
LAN,T0014,290.86,0.01,0.13,361.84,0.34,0.32,369.41,0.06,0.67,373.48,3.90,4.31,0.00,0.00,0.00,
IP,T0014,10.09,3.78,4.31,373.48,10.09,0.06,0.67,369.40,2.00,0.25,0.26,356.73,2.00,0.00,0.13,290.85,
TCPUDP,T0014,369.18,377.42,9.80,7.40,
FILE,T0014,0.99,3327.59,0.00,717542.94,22330.67,
JFSFILE,T0014,15.20,70.67,77.01,73.86,3.89,44.40,
JFSINODE,T0014,3.03,9.20,19.58,4.33,0.02,2.26,
LPAR,T0014,0.27,3.00,12.00,64.00,2.00,128.00,41.55,0.42,0.42,1.00,
ZZZZ,T0015,01:16:48,18-Sep-2019,,
CPU_ALL,T0015,3.42,3.03,0.00,93.55,12.00,
CPU011,T0015,0.00,1.02,0.00,98.98,
CPU010,T0015,0.00,1.01,0.00,98.99,
CPU09,T0015,0.00,1.09,0.00,98.91,
CPU08,T0015,0.00,55.38,0.00,44.62,
CPU07,T0015,0.00,1.06,0.00,98.94,
CPU06,T0015,0.00,1.11,0.00,98.89,
CPU05,T0015,0.00,1.19,0.00,98.81,
CPU04,T0015,0.00,54.73,0.00,45.27,
CPU03,T0015,0.62,1.79,0.00,97.59,
CPU02,T0015,0.94,1.89,0.00,97.16,
CPU01,T0015,8.85,7.67,0.01,83.48,
CPU00,T0015,51.66,45.20,0.00,3.13,
DISKBUSY,T0015,0.00,0.00,0.00,
DISKREAD,T0015,7.02,7.04,0.00,
DISKWRITE,T0015,7.81,54.41,0.00,
DISKXFER,T0015,0.89,6.03,0.00,
DISKSERV,T0015,0.00,0.00,0.00,
DISKWAIT,T0015,0.00,0.00,0.00,
MEMREAL,T0015,9437184.00,14549.80,15.42,50.57,49.27,47.31,
MEMVIRT,T0015,2097152.00,99.38,0.62,0.40,1.69,0.00,0.00,1.73,2233.39,0.00,
PROC,T0015,11.51,0.00,5293.76,15614.00,533.10,96.26,12.15,11.46,46.40,2.60,123.00,
LAN,T0015,197.10,0.01,0.13,127.23,0.34,0.28,194.89,0.06,0.69,191.74,3.99,3.78,0.00,0.00,0.00,
IP,T0015,10.06,3.87,3.78,191.74,10.06,0.06,0.69,194.89,2.01,0.26,0.23,124.61,2.01,0.01,0.13,197.10,
TCPUDP,T0015,194.10,195.28,10.26,7.78,
FILE,T0015,0.90,3624.31,0.00,816631.56,20664.89,
JFSFILE,T0015,15.20,70.67,77.01,73.86,3.89,44.41,
JFSINODE,T0015,3.03,9.20,19.58,4.33,0.02,2.26,
LPAR,T0015,0.23,3.00,12.00,64.00,2.00,128.00,43.89,0.36,0.36,1.00,
ZZZZ,T0016,01:21:48,18-Sep-2019,,
CPU_ALL,T0016,4.67,3.06,0.06,92.21,12.00,
CPU011,T0016,0.00,1.00,0.00,99.00,
CPU010,T0016,0.00,0.99,0.00,99.01,
CPU09,T0016,0.00,1.07,0.00,98.93,
CPU08,T0016,0.00,56.42,0.00,43.58,
CPU07,T0016,0.00,0.97,0.00,99.03,
CPU06,T0016,0.00,1.02,0.00,98.98,
CPU05,T0016,0.00,1.15,0.00,98.85,
CPU04,T0016,0.00,55.02,0.00,44.98,
CPU03,T0016,0.41,1.84,0.00,97.75,
CPU02,T0016,2.09,2.13,0.00,95.78,
CPU01,T0016,9.33,8.60,0.08,81.99,
CPU00,T0016,57.29,39.69,0.06,2.95,
DISKBUSY,T0016,0.00,0.80,0.00,
DISKREAD,T0016,14.03,179.25,0.00,
DISKWRITE,T0016,8.93,58.72,0.00,
DISKXFER,T0016,1.01,24.62,0.00,
DISKSERV,T0016,0.00,0.00,0.00,
DISKWAIT,T0016,0.00,0.00,0.00,
MEMREAL,T0016,9437184.00,11118.60,15.42,50.57,49.31,47.35,
MEMVIRT,T0016,2097152.00,99.38,0.62,20.65,2.32,0.00,0.00,22.83,2283.69,3.72,
PROC,T0016,12.25,0.20,5439.85,14728.72,513.01,203.80,12.16,11.46,41.40,3.20,123.00,
LAN,T0016,252.98,0.00,0.13,277.31,0.43,0.19,282.22,0.06,0.67,283.63,4.50,2.14,0.00,0.00,0.00,
IP,T0016,9.85,4.38,2.14,283.63,9.85,0.06,0.67,282.22,1.98,0.34,0.16,273.43,1.98,0.01,0.13,252.98,
TCPUDP,T0016,281.75,287.33,9.79,8.03,
FILE,T0016,0.97,3322.16,0.00,714997.38,22156.82,
JFSFILE,T0016,15.20,70.67,77.01,73.68,3.89,44.41,
JFSINODE,T0016,3.03,9.20,19.58,4.30,0.02,2.26,
LPAR,T0016,0.27,3.00,12.00,64.00,2.00,128.00,42.12,0.43,0.43,1.00,
ZZZZ,T0017,01:26:48,18-Sep-2019,,
CPU_ALL,T0017,2.85,2.88,0.00,94.26,12.00,
CPU011,T0017,0.00,1.38,0.00,98.62,
CPU010,T0017,0.00,1.40,0.00,98.60,
CPU09,T0017,0.00,1.47,0.00,98.53,
CPU08,T0017,14.17,45.55,0.00,40.28,
CPU07,T0017,0.00,1.64,0.00,98.36,
CPU06,T0017,0.00,1.69,0.00,98.31,
CPU05,T0017,0.00,1.88,0.00,98.12,
CPU04,T0017,7.91,47.12,0.00,44.98,
CPU03,T0017,0.61,1.97,0.00,97.42,
CPU02,T0017,1.03,1.56,0.00,97.40,
CPU01,T0017,10.24,6.91,0.00,82.85,
CPU00,T0017,47.94,49.15,0.00,2.91,
DISKBUSY,T0017,0.00,0.00,0.00,
DISKREAD,T0017,7.02,7.02,0.00,
DISKWRITE,T0017,6.21,56.07,0.00,
DISKXFER,T0017,0.78,6.14,0.00,
DISKSERV,T0017,0.00,0.00,0.00,
DISKWAIT,T0017,0.00,0.00,0.00,
MEMREAL,T0017,9437184.00,11371.60,15.42,50.57,49.31,47.35,
MEMVIRT,T0017,2097152.00,99.38,0.62,2.06,1.66,0.00,0.00,1.81,2270.54,6.43,
PROC,T0017,10.40,0.00,4942.92,15361.44,551.47,97.20,12.18,11.50,39.80,2.00,123.00,
LAN,T0017,143.22,0.01,0.13,10.86,0.34,0.27,49.53,0.06,0.68,44.58,3.98,3.53,0.00,0.00,0.00,
IP,T0017,9.82,3.86,3.53,44.58,9.82,0.06,0.68,49.53,1.97,0.26,0.22,10.25,1.97,0.00,0.13,143.22,
TCPUDP,T0017,48.80,48.04,9.93,7.52,
FILE,T0017,0.90,3649.45,0.00,875783.81,22482.47,
JFSFILE,T0017,15.20,70.67,77.01,73.68,3.89,44.42,
JFSINODE,T0017,3.03,9.20,19.58,4.30,0.02,2.26,
LPAR,T0017,0.20,3.00,12.00,64.00,2.00,128.00,46.49,0.31,0.31,1.00,
ZZZZ,T0018,01:31:48,18-Sep-2019,,
CPU_ALL,T0018,2.88,2.99,0.00,94.13,12.00,
CPU011,T0018,0.00,1.40,0.00,98.60,
CPU010,T0018,0.00,1.41,0.00,98.59,
CPU09,T0018,0.00,1.61,0.00,98.39,
CPU08,T0018,9.84,49.91,0.01,40.24,
CPU07,T0018,0.00,1.53,0.00,98.47,
CPU06,T0018,0.00,1.59,0.00,98.41,
CPU05,T0018,0.01,1.80,0.00,98.19,
CPU04,T0018,11.20,46.83,0.00,41.97,
CPU03,T0018,0.92,2.00,0.01,97.08,
CPU02,T0018,0.96,0.85,0.00,98.19,
CPU01,T0018,9.54,8.40,0.01,82.06,
CPU00,T0018,47.45,49.68,0.01,2.86,
DISKBUSY,T0018,0.00,0.00,0.00,
DISKREAD,T0018,21.05,39.77,0.00,
DISKWRITE,T0018,6.80,72.91,0.00,
DISKXFER,T0018,0.91,6.92,0.00,
DISKSERV,T0018,0.00,0.00,0.00,
DISKWAIT,T0018,0.00,0.00,0.00,
MEMREAL,T0018,9437184.00,13587.60,15.42,50.57,49.28,47.32,
MEMVIRT,T0018,2097152.00,99.38,0.62,0.89,3.37,0.00,0.00,3.94,2899.59,14.09,
PROC,T0018,10.96,0.00,4993.87,16310.71,615.66,132.82,16.57,14.48,38.00,2.00,123.20,
LAN,T0018,142.29,0.01,0.14,9.97,0.35,0.27,50.01,0.06,0.74,45.12,4.02,3.54,0.00,0.00,0.00,
IP,T0018,10.15,3.90,3.54,45.12,10.15,0.06,0.74,50.00,2.05,0.26,0.22,9.36,2.05,0.01,0.14,142.29,
TCPUDP,T0018,49.51,49.03,10.00,7.42,
FILE,T0018,1.02,3649.70,0.00,1042836.94,44586.24,
JFSFILE,T0018,15.20,70.67,77.01,73.68,3.89,44.42,
JFSINODE,T0018,3.03,9.20,19.58,4.30,0.02,2.26,
LPAR,T0018,0.21,3.00,12.00,64.00,2.00,128.00,50.36,0.32,0.32,1.00,
ZZZZ,T0019,01:36:48,18-Sep-2019,,
CPU_ALL,T0019,2.72,2.68,0.00,94.60,12.00,
CPU011,T0019,0.00,1.78,0.00,98.22,
CPU010,T0019,0.00,1.79,0.00,98.21,
CPU09,T0019,0.00,1.96,0.00,98.04,
CPU08,T0019,0.00,48.09,0.00,51.91,
CPU07,T0019,0.00,1.76,0.00,98.24,
CPU06,T0019,0.00,1.86,0.00,98.14,
CPU05,T0019,0.00,2.03,0.00,97.97,
CPU04,T0019,0.00,48.81,0.00,51.19,
CPU03,T0019,0.62,3.38,0.00,95.99,
CPU02,T0019,1.08,1.45,0.00,97.47,
CPU01,T0019,8.60,7.10,0.01,84.29,
CPU00,T0019,49.23,47.74,0.01,3.02,
DISKBUSY,T0019,0.00,0.00,0.00,
DISKREAD,T0019,14.03,14.03,0.00,
DISKWRITE,T0019,6.45,61.52,0.00,
DISKXFER,T0019,0.83,6.75,0.00,
DISKSERV,T0019,0.00,0.00,0.00,
DISKWAIT,T0019,0.00,0.00,0.00,
MEMREAL,T0019,9437184.00,16089.60,15.42,50.57,49.26,47.30,
MEMVIRT,T0019,2097152.00,99.38,0.62,0.00,2.14,0.00,0.00,2.12,2254.73,0.00,
PROC,T0019,10.46,0.00,4944.00,14361.03,521.31,203.84,12.16,11.47,44.20,2.00,123.00,
LAN,T0019,141.23,0.00,0.13,9.36,0.34,0.20,49.28,0.05,0.64,44.01,4.03,2.25,0.00,0.00,0.00,
IP,T0019,10.04,3.91,2.25,44.01,10.04,0.05,0.64,49.27,2.08,0.26,0.17,8.76,2.07,0.00,0.13,141.22,
TCPUDP,T0019,48.55,47.66,10.37,7.67,
FILE,T0019,1.05,3348.66,0.00,741464.44,21998.04,
JFSFILE,T0019,15.20,70.67,77.01,73.69,3.89,44.40,
JFSINODE,T0019,3.03,9.20,19.58,4.30,0.02,2.26,
LPAR,T0019,0.19,3.00,12.00,64.00,2.00,128.00,51.63,0.30,0.30,1.00,
ZZZZ,T0020,01:41:48,18-Sep-2019,,
CPU_ALL,T0020,2.65,2.78,0.00,94.57,12.00,
CPU011,T0020,0.00,1.85,0.00,98.15,
CPU010,T0020,0.00,1.86,0.00,98.14,
CPU09,T0020,0.00,2.08,0.00,97.92,
CPU08,T0020,0.00,49.63,0.00,50.37,
CPU07,T0020,0.00,1.77,0.00,98.23,
CPU06,T0020,0.00,1.88,0.00,98.12,
CPU05,T0020,0.00,2.05,0.00,97.95,
CPU04,T0020,0.00,49.07,0.00,50.93,
CPU03,T0020,0.85,2.81,0.00,96.34,
CPU02,T0020,2.05,1.95,0.00,96.00,
CPU01,T0020,6.71,8.87,0.02,84.39,
CPU00,T0020,47.93,48.97,0.01,3.10,
DISKBUSY,T0020,0.00,0.00,0.00,
DISKREAD,T0020,7.02,7.95,0.00,
DISKWRITE,T0020,6.69,53.35,0.00,
DISKXFER,T0020,0.83,5.75,0.00,
DISKSERV,T0020,0.00,0.00,0.00,
DISKWAIT,T0020,0.00,0.00,0.00,
MEMREAL,T0020,9437184.00,16235.40,15.42,50.57,49.26,47.30,
MEMVIRT,T0020,2097152.00,99.38,0.62,0.12,1.50,0.00,0.00,1.59,2226.91,0.00,
PROC,T0020,11.88,0.40,4965.83,15285.17,541.55,93.45,12.14,11.44,46.60,2.00,122.40,
LAN,T0020,141.28,0.01,0.13,9.26,0.34,0.20,48.72,0.08,0.71,43.92,3.97,2.26,0.00,0.00,0.00,
IP,T0020,9.73,3.85,2.26,43.92,9.73,0.08,0.71,48.71,1.98,0.26,0.17,8.66,1.98,0.01,0.13,141.28,
TCPUDP,T0020,48.61,47.30,9.76,7.63,
FILE,T0020,0.82,3599.91,0.00,851148.38,19405.94,
JFSFILE,T0020,15.20,70.67,77.01,73.69,3.89,44.38,
JFSINODE,T0020,3.03,9.20,19.58,4.30,0.02,2.26,
LPAR,T0020,0.19,3.00,12.00,64.00,2.00,128.00,49.80,0.30,0.30,1.00,
ZZZZ,T0021,01:46:48,18-Sep-2019,,
CPU_ALL,T0021,2.73,2.81,0.00,94.46,12.00,
CPU011,T0021,0.00,1.64,0.00,98.36,
CPU010,T0021,0.00,1.66,0.00,98.34,
CPU09,T0021,0.00,1.85,0.00,98.15,
CPU08,T0021,0.00,50.15,0.00,49.85,
CPU07,T0021,0.00,1.77,0.00,98.23,
CPU06,T0021,0.00,1.92,0.00,98.08,
CPU05,T0021,0.00,2.10,0.00,97.90,
CPU04,T0021,0.00,48.91,0.00,51.09,
CPU03,T0021,1.53,1.62,0.00,96.84,
CPU02,T0021,0.70,0.91,0.00,98.40,
CPU01,T0021,7.64,8.82,0.08,83.46,
CPU00,T0021,48.09,48.89,0.01,3.01,
DISKBUSY,T0021,0.00,0.00,0.00,
DISKREAD,T0021,14.03,14.03,0.00,
DISKWRITE,T0021,7.79,53.99,0.00,
DISKXFER,T0021,0.93,6.00,0.00,
DISKSERV,T0021,0.00,0.00,0.00,
DISKWAIT,T0021,0.00,0.00,0.00,
MEMREAL,T0021,9437184.00,16025.00,15.42,50.57,49.26,47.30,
MEMVIRT,T0021,2097152.00,99.38,0.62,0.33,1.69,0.00,0.00,1.70,2248.86,0.00,
PROC,T0021,10.18,0.00,5140.79,15631.27,550.33,98.44,12.19,11.51,40.20,2.00,123.00,
LAN,T0021,141.40,0.00,0.13,9.74,0.36,0.22,48.99,0.05,0.64,43.89,4.17,2.58,0.00,0.00,0.00,
IP,T0021,10.22,4.06,2.58,43.89,10.22,0.05,0.64,48.99,2.04,0.27,0.18,9.14,2.04,0.01,0.13,141.39,
TCPUDP,T0021,49.47,48.01,9.72,7.51,
FILE,T0021,0.90,3658.27,0.00,851753.81,21225.68,
JFSFILE,T0021,15.20,70.67,77.01,73.69,3.89,44.39,
JFSINODE,T0021,3.03,9.20,19.58,4.30,0.02,2.26,
LPAR,T0021,0.19,3.00,12.00,64.00,2.00,128.00,50.90,0.30,0.30,1.00,
ZZZZ,T0022,01:51:48,18-Sep-2019,,
CPU_ALL,T0022,2.78,2.70,0.00,94.51,12.00,
CPU011,T0022,0.00,1.80,0.00,98.20,
CPU010,T0022,0.00,1.76,0.00,98.24,
CPU09,T0022,0.00,2.05,0.00,97.95,
CPU08,T0022,0.00,48.50,0.00,51.50,
CPU07,T0022,0.00,1.67,0.00,98.33,
CPU06,T0022,0.00,1.72,0.00,98.28,
CPU05,T0022,0.00,2.16,0.00,97.84,
CPU04,T0022,0.00,48.16,0.00,51.84,
CPU03,T0022,0.67,1.67,0.00,97.66,
CPU02,T0022,0.42,0.94,0.00,98.64,
CPU01,T0022,9.60,9.17,0.12,81.10,
CPU00,T0022,49.35,47.35,0.00,3.30,
DISKBUSY,T0022,0.00,0.00,0.00,
DISKREAD,T0022,7.02,7.02,0.00,
DISKWRITE,T0022,8.64,58.66,0.00,
DISKXFER,T0022,0.97,6.15,0.00,
DISKSERV,T0022,0.00,0.00,0.00,
DISKWAIT,T0022,0.00,0.00,0.00,
MEMREAL,T0022,9437184.00,15831.20,15.42,50.57,49.26,47.30,
MEMVIRT,T0022,2097152.00,99.38,0.62,0.33,2.21,0.00,0.00,2.23,2235.22,0.00,
PROC,T0022,10.15,0.00,5200.80,14637.05,509.32,202.55,12.14,11.44,41.40,2.00,123.20,
LAN,T0022,141.33,0.01,0.13,9.41,0.35,0.34,48.77,0.06,0.62,44.06,4.03,4.77,0.00,0.00,0.00,
IP,T0022,10.23,3.92,4.77,44.06,10.23,0.06,0.62,48.77,2.01,0.27,0.28,8.81,2.01,0.01,0.13,141.33,
TCPUDP,T0022,49.12,47.81,9.86,7.66,
FILE,T0022,0.96,3347.36,0.00,707112.62,22308.33,
JFSFILE,T0022,15.20,70.67,77.01,73.70,3.89,44.39,
JFSINODE,T0022,3.03,9.20,19.58,4.30,0.02,2.26,
LPAR,T0022,0.19,3.00,12.00,64.00,2.00,128.00,49.77,0.30,0.30,1.00,
ZZZZ,T0023,01:56:48,18-Sep-2019,,
CPU_ALL,T0023,2.82,2.77,0.00,94.41,12.00,
CPU011,T0023,0.00,1.82,0.00,98.18,
CPU010,T0023,0.00,1.75,0.00,98.25,
CPU09,T0023,0.00,2.02,0.00,97.98,
CPU08,T0023,6.58,46.89,0.00,46.52,
CPU07,T0023,0.00,1.72,0.00,98.28,
CPU06,T0023,0.00,1.63,0.00,98.37,
CPU05,T0023,0.00,2.05,0.00,97.95,
CPU04,T0023,15.59,40.09,0.00,44.33,
CPU03,T0023,0.70,3.25,0.02,96.02,
CPU02,T0023,0.91,1.12,0.00,97.97,
CPU01,T0023,11.07,8.52,0.00,80.40,
CPU00,T0023,48.67,47.95,0.01,3.37,
DISKBUSY,T0023,0.00,0.00,0.00,
DISKREAD,T0023,7.02,7.02,0.00,
DISKWRITE,T0023,8.16,55.55,0.00,
DISKXFER,T0023,0.90,6.05,0.00,
DISKSERV,T0023,0.00,0.00,0.00,
DISKWAIT,T0023,0.00,0.00,0.00,
MEMREAL,T0023,9437184.00,15756.80,15.42,50.57,49.26,47.30,
MEMVIRT,T0023,2097152.00,99.38,0.62,0.00,1.85,0.00,0.00,1.82,2276.66,0.00,
PROC,T0023,8.28,0.00,5221.15,15868.06,553.30,106.09,12.12,11.43,42.00,2.00,123.00,
LAN,T0023,141.18,0.01,0.12,9.11,0.34,0.89,48.96,0.06,0.59,43.97,3.96,14.49,0.00,0.00,0.00,
IP,T0023,10.25,3.85,14.49,43.97,10.25,0.06,0.59,48.96,2.03,0.26,0.69,8.51,2.03,0.00,0.12,141.18,
TCPUDP,T0023,49.27,48.02,9.93,7.42,
FILE,T0023,0.91,3608.49,0.00,896924.81,20936.36,
JFSFILE,T0023,15.21,70.67,77.01,73.70,3.89,44.40,
JFSINODE,T0023,3.03,9.20,19.58,4.30,0.02,2.26,
LPAR,T0023,0.20,3.00,12.00,64.00,2.00,128.00,51.78,0.31,0.31,1.00,
ZZZZ,T0024,02:01:48,18-Sep-2019,,
CPU_ALL,T0024,2.74,2.75,0.00,94.51,12.00,
CPU011,T0024,0.00,1.79,0.00,98.21,
CPU010,T0024,0.00,1.72,0.00,98.28,
CPU09,T0024,0.00,2.02,0.00,97.98,
CPU08,T0024,0.00,46.99,0.00,53.01,
CPU07,T0024,0.00,2.03,0.00,97.97,
CPU06,T0024,0.00,2.07,0.00,97.93,
CPU05,T0024,0.00,2.38,0.00,97.62,
CPU04,T0024,0.00,43.86,0.00,56.14,
CPU03,T0024,0.52,2.37,0.00,97.11,
CPU02,T0024,0.85,1.35,0.00,97.80,
CPU01,T0024,8.51,8.39,0.02,83.08,
CPU00,T0024,48.79,48.14,0.00,3.06,
DISKBUSY,T0024,0.00,0.00,0.00,
DISKREAD,T0024,7.02,7.10,0.00,
DISKWRITE,T0024,8.93,53.05,0.00,
DISKXFER,T0024,0.99,5.58,0.00,
DISKSERV,T0024,0.00,0.00,0.00,
DISKWAIT,T0024,0.00,0.00,0.00,
MEMREAL,T0024,9437184.00,15660.60,15.42,50.57,49.26,47.30,
MEMVIRT,T0024,2097152.00,99.38,0.62,0.34,1.70,0.00,0.00,1.73,2224.08,0.00,
PROC,T0024,8.62,0.00,5172.49,15596.64,543.85,95.19,12.16,11.46,36.40,2.00,123.00,
LAN,T0024,142.14,0.00,0.19,10.25,0.36,0.48,49.86,0.04,0.77,45.22,4.14,7.02,0.00,0.00,0.00,
IP,T0024,10.28,4.03,7.02,45.22,10.28,0.04,0.77,49.86,2.11,0.27,0.38,9.63,2.11,0.00,0.19,142.13,
TCPUDP,T0024,50.25,49.03,9.95,7.93,
FILE,T0024,0.83,3608.97,0.00,857567.94,20665.43,
JFSFILE,T0024,15.21,70.67,77.01,73.70,3.89,44.40,
JFSINODE,T0024,3.03,9.20,19.58,4.30,0.02,2.26,
LPAR,T0024,0.19,3.00,12.00,64.00,2.00,128.00,51.13,0.30,0.30,1.00,
ZZZZ,T0025,02:06:48,18-Sep-2019,,
CPU_ALL,T0025,5.82,13.97,1.38,78.82,12.00,
CPU011,T0025,1.72,12.37,1.18,84.73,
CPU010,T0025,1.82,12.43,1.25,84.49,
CPU09,T0025,7.20,30.04,2.60,60.16,
CPU08,T0025,9.91,62.56,1.19,26.34,
CPU07,T0025,3.47,14.96,1.28,80.29,
CPU06,T0025,3.74,14.96,1.30,80.00,
CPU05,T0025,10.02,35.08,2.63,52.27,
CPU04,T0025,13.09,61.82,1.23,23.87,
CPU03,T0025,5.25,16.70,1.11,76.94,
CPU02,T0025,4.72,15.92,1.03,78.33,
CPU01,T0025,14.12,33.77,1.91,50.20,
CPU00,T0025,38.89,55.18,0.81,5.11,
DISKBUSY,T0025,0.00,0.00,0.00,
DISKREAD,T0025,14.03,14.03,0.00,
DISKWRITE,T0025,13.97,125.55,0.00,
DISKXFER,T0025,1.47,10.78,0.00,
DISKSERV,T0025,0.00,0.00,0.00,
DISKWAIT,T0025,0.00,0.00,0.00,
MEMREAL,T0025,9437184.00,59977.60,15.42,50.57,48.79,46.84,
MEMVIRT,T0025,2097152.00,99.38,0.62,10285.96,2943.49,0.00,0.00,995.33,2557.65,112.51,
PROC,T0025,8.68,1.43,13843.37,21825.87,809.69,875.84,12.20,11.53,91.60,8.60,123.00,
LAN,T0025,12350.52,0.00,0.13,12237.34,0.36,0.44,2503.30,0.06,0.66,3049.41,4.21,6.55,0.00,0.00,0.00,
IP,T0025,10.33,4.10,6.55,3049.41,10.33,0.06,0.66,2503.23,1.96,0.28,0.35,6684.43,1.96,0.01,0.13,6796.13,
TCPUDP,T0025,2399.88,3053.61,113.45,7.55,
FILE,T0025,1.54,4888.93,0.00,12609645.00,11934251.00,
JFSFILE,T0025,15.21,70.67,77.01,73.71,3.89,44.41,
JFSINODE,T0025,3.03,9.20,19.58,4.31,0.02,2.26,
LPAR,T0025,0.62,3.00,12.00,64.00,2.00,128.00,50.86,0.97,0.97,1.00,
ZZZZ,T0026,02:11:48,18-Sep-2019,,
CPU_ALL,T0026,3.37,3.24,0.08,93.32,12.00,
CPU011,T0026,0.00,0.76,0.00,99.24,
CPU010,T0026,0.00,0.73,0.00,99.27,
CPU09,T0026,0.00,0.97,0.00,99.03,
CPU08,T0026,0.00,58.16,0.00,41.84,
CPU07,T0026,0.00,0.92,0.00,99.08,
CPU06,T0026,0.00,0.76,0.00,99.24,
CPU05,T0026,0.00,0.87,0.00,99.13,
CPU04,T0026,0.00,56.90,0.00,43.10,
CPU03,T0026,0.94,1.90,0.01,97.15,
CPU02,T0026,1.04,2.36,0.18,96.43,
CPU01,T0026,9.92,10.44,0.14,79.51,
CPU00,T0026,50.09,46.62,0.08,3.22,
DISKBUSY,T0026,0.00,0.00,0.00,
DISKREAD,T0026,7.02,7.36,0.00,
DISKWRITE,T0026,16.56,82.59,0.00,
DISKXFER,T0026,1.77,7.92,0.00,
DISKSERV,T0026,0.00,0.00,0.00,
DISKWAIT,T0026,0.00,0.00,0.00,
MEMREAL,T0026,9437184.00,76460.80,15.42,50.57,48.62,46.67,
MEMVIRT,T0026,2097152.00,99.38,0.62,44.46,81.42,0.00,0.00,18.76,2245.25,0.00,
PROC,T0026,12.73,0.70,5574.65,15357.42,612.33,232.70,12.14,11.44,42.60,2.80,123.20,
LAN,T0026,587.68,0.00,0.13,353.94,0.34,0.28,250.70,0.04,0.68,299.46,3.99,3.65,0.00,0.00,0.00,
IP,T0026,10.55,3.87,3.65,299.46,10.55,0.04,0.68,250.69,2.14,0.26,0.23,349.85,2.14,0.00,0.13,587.67,
TCPUDP,T0026,248.40,303.46,12.35,7.53,
FILE,T0026,1.75,3389.45,0.00,994613.19,348127.03,
JFSFILE,T0026,15.21,70.67,77.01,73.71,3.89,44.41,
JFSINODE,T0026,3.03,9.20,19.58,4.31,0.02,2.26,
LPAR,T0026,0.23,3.00,12.00,64.00,2.00,128.00,49.52,0.36,0.36,1.00,
ZZZZ,T0027,02:16:48,18-Sep-2019,,
CPU_ALL,T0027,2.80,2.80,0.01,94.39,12.00,
CPU011,T0027,0.00,1.18,0.00,98.82,
CPU010,T0027,0.00,1.17,0.00,98.83,
CPU09,T0027,0.00,1.28,0.00,98.72,
CPU08,T0027,0.00,50.89,0.00,49.11,
CPU07,T0027,0.00,1.26,0.00,98.74,
CPU06,T0027,0.00,1.33,0.00,98.67,
CPU05,T0027,0.00,1.60,0.00,98.40,
CPU04,T0027,0.00,49.11,0.00,50.89,
CPU03,T0027,0.76,1.44,0.00,97.79,
CPU02,T0027,1.00,1.53,0.01,97.47,
CPU01,T0027,8.19,11.16,0.17,80.48,
CPU00,T0027,49.06,47.55,0.01,3.38,
DISKBUSY,T0027,0.00,0.00,0.00,
DISKREAD,T0027,14.03,14.03,0.00,
DISKWRITE,T0027,19.30,56.44,0.00,
DISKXFER,T0027,2.13,6.15,0.00,
DISKSERV,T0027,0.00,0.00,0.00,
DISKWAIT,T0027,0.00,0.00,0.00,
MEMREAL,T0027,9437184.00,77366.80,15.42,50.57,48.61,46.65,
MEMVIRT,T0027,2097152.00,99.38,0.62,0.00,2.65,0.00,0.00,2.59,2249.20,0.00,
PROC,T0027,9.84,0.00,5282.41,15690.75,541.43,100.97,12.16,11.48,39.40,2.00,123.00,
LAN,T0027,157.86,0.01,0.13,25.83,0.34,0.29,118.94,0.05,0.66,113.14,3.98,3.97,0.00,0.00,0.00,
IP,T0027,10.18,3.86,3.97,113.14,10.18,0.05,0.66,118.94,1.98,0.26,0.24,24.29,1.98,0.00,0.13,157.85,
TCPUDP,T0027,118.27,117.20,10.31,7.37,
FILE,T0027,1.14,3646.85,0.00,833513.44,21669.21,
JFSFILE,T0027,15.21,70.67,77.01,73.71,3.89,44.41,
JFSINODE,T0027,3.03,9.20,19.58,4.30,0.02,2.26,
LPAR,T0027,0.20,3.00,12.00,64.00,2.00,128.00,51.00,0.31,0.31,1.00,
ZZZZ,T0028,02:21:48,18-Sep-2019,,
CPU_ALL,T0028,2.80,2.67,0.00,94.53,12.00,
CPU011,T0028,0.00,1.54,0.00,98.46,
CPU010,T0028,0.00,1.53,0.00,98.47,
CPU09,T0028,0.00,1.66,0.00,98.34,
CPU08,T0028,0.00,49.08,0.00,50.92,
CPU07,T0028,0.00,1.63,0.00,98.37,
CPU06,T0028,0.00,1.68,0.00,98.32,
CPU05,T0028,0.00,1.84,0.00,98.16,
CPU04,T0028,0.00,46.37,0.00,53.63,
CPU03,T0028,0.51,1.30,0.00,98.19,
CPU02,T0028,1.20,1.20,0.00,97.60,
CPU01,T0028,9.75,9.85,0.02,80.38,
CPU00,T0028,49.86,46.91,0.01,3.23,
DISKBUSY,T0028,0.00,0.00,0.00,
DISKREAD,T0028,7.02,7.02,0.00,
DISKWRITE,T0028,9.97,59.12,0.00,
DISKXFER,T0028,1.09,6.29,0.00,
DISKSERV,T0028,0.00,0.00,0.00,
DISKWAIT,T0028,0.00,0.00,0.00,
MEMREAL,T0028,9437184.00,77346.40,15.42,50.57,48.61,46.66,
MEMVIRT,T0028,2097152.00,99.38,0.62,0.00,2.36,0.00,0.00,2.33,2225.16,0.00,
PROC,T0028,9.89,0.00,5216.12,14548.87,511.13,202.81,12.14,11.44,42.00,2.00,123.00,
LAN,T0028,147.46,0.01,0.13,18.80,0.42,0.39,77.93,0.07,0.69,73.06,4.55,5.63,0.00,0.00,0.00,
IP,T0028,10.27,4.43,5.63,73.06,10.27,0.07,0.69,77.93,2.09,0.33,0.31,17.80,2.08,0.01,0.13,147.46,
TCPUDP,T0028,77.36,76.93,10.06,8.30,
FILE,T0028,0.97,3325.39,0.00,700795.88,22161.73,
JFSFILE,T0028,15.21,70.67,77.01,73.72,3.89,44.42,
JFSINODE,T0028,3.03,9.20,19.58,4.31,0.02,2.26,
LPAR,T0028,0.19,3.00,12.00,64.00,2.00,128.00,51.85,0.30,0.30,1.00,
ZZZZ,T0029,02:26:49,18-Sep-2019,,
CPU_ALL,T0029,3.57,3.33,0.01,93.08,12.00,
CPU011,T0029,0.00,0.58,0.00,99.42,
CPU010,T0029,0.00,0.60,0.00,99.40,
CPU09,T0029,0.00,0.64,0.00,99.36,
CPU08,T0029,1.98,56.73,0.00,41.29,
CPU07,T0029,0.00,0.52,0.00,99.48,
CPU06,T0029,0.00,0.54,0.00,99.46,
CPU05,T0029,0.00,0.57,0.00,99.43,
CPU04,T0029,5.77,54.56,0.00,39.66,
CPU03,T0029,1.10,3.13,0.00,95.77,
