CPU_ALL,CPU Total ,User%,Sys%,Wait%,Idle%,CPUs,
CPU011,CPU Total ,User%,Sys%,Wait%,Idle%,
CPU010,CPU Total ,User%,Sys%,Wait%,Idle%,
CPU09,CPU Total ,User%,Sys%,Wait%,Idle%,
CPU08,CPU Total ,User%,Sys%,Wait%,Idle%,
CPU07,CPU Total ,User%,Sys%,Wait%,Idle%,
CPU06,CPU Total ,User%,Sys%,Wait%,Idle%,
CPU05,CPU Total ,User%,Sys%,Wait%,Idle%,
CPU04,CPU Total ,User%,Sys%,Wait%,Idle%,
CPU03,CPU Total ,User%,Sys%,Wait%,Idle%,
CPU02,CPU Total ,User%,Sys%,Wait%,Idle%,
CPU01,CPU Total ,User%,Sys%,Wait%,Idle%,
CPU00,CPU Total ,User%,Sys%,Wait%,Idle%,
DISKBUSY,Disk %Busy ,hdisk1,hdisk99,hdisk0,
DISKREAD,Disk Read 512 bytes per sec ,hdisk1,hdisk99,hdisk0,
DISKWRITE,Disk Write 512 bytes per sec ,hdisk1,hdisk99,hdisk0,
DISKXFER,Disk transfers per second ,hdisk1,hdisk99,hdisk0,
DISKSERV,Disk Avg service time/transfer ,hdisk1,hdisk99,hdisk0,
DISKWAIT,Average wait queue time for read/write transfers,hdisk1,hdisk99,hdisk0,
MEMREAL,Real Memory Statistics,Size 4k pages,free frames 4k,%pinned,%comp,%noncomp,%client,
MEMVIRT,PgSp / Virtual Memory Statistics,PageSpace,%free,%used,pagein,pageout,pgspgin,pgspgout,sio,totfaults,steal,
PROC,Processes ,Runnable,Swap-in,pswitch,syscall,read,write,fork,exec,loadavg,utilavg,numprocs,
LAN,LAN Interfaces Statistics,ent0/kbytesout,ent2/kbytesout,ent1/kbytesout,ent0/kbytesin,ent2/kbytesin,ent1/kbytesin,ent0/framesout,ent2/framesout,ent1/framesout,ent0/framesin,ent2/framesin,ent1/framesin,ent0/recvdrops,ent2/recvdrops,ent1/recvdrops,
IP,IP Statistics for network interface,lo0/ipacket,en2/ipacket,en1/ipacket,en0/ipacket,lo0/opacket,en2/opacket,en1/opacket,en0/opacket,lo0/ioctet_kb,en2/ioctet_kb,en1/ioctet_kb,en0/ioctet_kb,lo0/ooctet_kb,en2/ooctet_kb,en1/ooctet_kb,en0/ooctet_kb,
TCPUDP,IP Protocol statistics,TCPSendTot,TCPRcvTot,UDPSnddgrm,UDPRcvdgrm,
FILE,File I/O ,iget,namei,dirblk,readch,writech,
JFSFILE,JFS Filespace %Used,/,/home,/usr,/var,/tmp,/opt,
JFSINODE,JFS Inode %Used,/,/home,/usr,/var,/tmp,opt,
LPAR,LPAR Stats,PhysicalCPU,VirtualCPUs,LogicalCPUs,poolCPUS,entitled,weight,poolIdle,UsedAllCPU%,UsedPoolCPU%,SharedCPU,
ZZZZ,T0001,00:07:18,21-Sep-2019,,
CPU_ALL,T0001,3.95,2.99,0.01,93.05,12.00,
CPU011,T0001,0.00,1.16,0.00,98.84,
CPU010,T0001,0.00,1.21,0.00,98.79,
CPU09,T0001,0.00,1.31,0.00,98.69,
CPU08,T0001,2.73,52.47,0.00,44.80,
CPU07,T0001,0.00,1.15,0.00,98.85,
CPU06,T0001,0.00,1.26,0.00,98.74,
CPU05,T0001,0.00,1.32,0.00,98.68,
CPU04,T0001,14.83,43.35,0.00,41.82,
CPU03,T0001,0.44,1.31,0.00,98.24,
CPU02,T0001,1.45,1.74,0.00,96.81,
CPU01,T0001,11.27,11.87,0.01,76.85,
CPU00,T0001,54.42,41.80,0.01,3.78,
DISKBUSY,T0001,0.00,0.00,0.00,
DISKREAD,T0001,14.03,14.03,0.00,
DISKWRITE,T0001,12.13,70.59,0.00,
DISKXFER,T0001,1.27,7.59,0.00,
DISKSERV,T0001,0.00,0.00,0.00,
DISKWAIT,T0001,0.00,0.00,0.00,
MEMREAL,T0001,9437184.00,35586.40,15.44,50.77,48.86,46.73,
MEMVIRT,T0001,2097152.00,99.38,0.62,0.76,4.33,0.00,0.00,3.54,2291.16,0.00,
PROC,T0001,8.81,0.00,5819.57,15688.89,533.64,213.19,12.09,11.42,47.80,2.80,123.00,
LAN,T0001,287.28,0.00,0.13,146.37,0.38,0.22,349.87,0.06,0.69,349.47,4.30,2.69,0.00,0.00,0.00,
IP,T0001,10.11,4.18,2.69,349.47,10.11,0.06,0.69,349.86,2.01,0.29,0.19,141.60,2.01,0.01,0.13,287.26,
TCPUDP,T0001,348.60,353.40,10.89,7.73,
FILE,T0001,1.28,3428.52,0.00,769977.38,32698.77,
JFSFILE,T0001,15.19,70.68,77.01,73.87,3.89,44.67,
JFSINODE,T0001,3.03,9.21,19.58,4.33,0.02,2.27,
LPAR,T0001,0.25,3.00,12.00,64.00,2.00,128.00,40.83,0.38,0.38,1.00,
ZZZZ,T0002,00:12:18,21-Sep-2019,,
CPU_ALL,T0002,5.77,3.50,0.00,90.74,12.00,
CPU011,T0002,0.00,0.26,0.00,99.74,
CPU010,T0002,0.00,0.38,0.00,99.62,
CPU09,T0002,0.00,0.28,0.00,99.72,
CPU08,T0002,0.00,58.17,0.00,41.83,
CPU07,T0002,0.00,0.25,0.00,99.75,
CPU06,T0002,0.00,0.37,0.00,99.63,
CPU05,T0002,0.00,0.27,0.00,99.73,
CPU04,T0002,0.00,57.84,0.00,42.16,
CPU03,T0002,0.57,2.35,0.00,97.08,
CPU02,T0002,0.26,2.28,0.00,97.46,
CPU01,T0002,10.20,9.87,0.01,79.92,
CPU00,T0002,61.96,34.03,0.00,4.01,
DISKBUSY,T0002,0.00,0.00,0.00,
DISKREAD,T0002,7.02,7.02,0.00,
DISKWRITE,T0002,11.04,54.48,0.00,
DISKXFER,T0002,1.09,5.99,0.00,
DISKSERV,T0002,0.00,0.00,0.00,
DISKWAIT,T0002,0.00,0.00,0.00,
MEMREAL,T0002,9437184.00,35430.60,15.44,50.77,48.86,46.73,
MEMVIRT,T0002,2097152.00,99.38,0.62,0.05,3.68,0.00,0.00,2.30,2231.96,0.00,
PROC,T0002,10.12,0.00,7028.09,16266.48,507.16,196.54,12.13,11.43,48.20,4.20,123.00,
LAN,T0002,526.32,0.01,0.14,415.71,0.36,0.34,992.82,0.07,0.74,989.86,4.21,4.75,0.00,0.00,0.00,
IP,T0002,10.28,4.09,4.75,989.86,10.28,0.07,0.74,992.79,2.04,0.27,0.28,325.09,2.04,0.01,0.14,526.31,
TCPUDP,T0002,993.06,993.88,9.82,7.65,
FILE,T0002,0.95,3376.61,0.00,701321.00,28836.10,
JFSFILE,T0002,15.19,70.68,77.01,73.87,3.89,44.67,
JFSINODE,T0002,3.03,9.21,19.58,4.33,0.02,2.27,
LPAR,T0002,0.33,3.00,12.00,64.00,2.00,128.00,42.77,0.52,0.52,1.00,
ZZZZ,T0003,00:17:18,21-Sep-2019,,
CPU_ALL,T0003,12.51,4.44,0.01,83.05,12.00,
CPU011,T0003,0.00,0.54,0.00,99.46,
CPU010,T0003,0.00,0.61,0.00,99.39,
CPU09,T0003,0.00,0.64,0.00,99.36,
CPU08,T0003,3.46,55.33,0.00,41.21,
CPU07,T0003,0.00,0.95,0.00,99.05,
CPU06,T0003,0.01,1.02,0.00,98.97,
CPU05,T0003,7.11,2.54,0.01,90.35,
CPU04,T0003,33.33,40.16,0.00,26.50,
CPU03,T0003,0.76,2.52,0.00,96.72,
CPU02,T0003,0.44,2.39,0.00,97.17,
CPU01,T0003,14.20,9.36,0.03,76.41,
CPU00,T0003,66.42,29.37,0.01,4.20,
DISKBUSY,T0003,0.00,0.20,0.00,
DISKREAD,T0003,14.03,910.63,0.00,
DISKWRITE,T0003,9.95,58.68,0.00,
DISKXFER,T0003,1.06,64.40,0.00,
DISKSERV,T0003,0.00,0.00,0.00,
DISKWAIT,T0003,0.00,0.00,0.00,
MEMREAL,T0003,9437184.00,29496.00,15.44,50.77,48.92,46.79,
MEMVIRT,T0003,2097152.00,99.38,0.62,112.25,6.54,0.00,0.00,114.56,2284.28,23.02,
PROC,T0003,8.29,0.00,8195.22,23812.00,2045.75,2145.97,12.18,11.50,62.80,6.60,123.80,
LAN,T0003,11747.78,0.01,0.14,445.90,0.37,0.27,1225.84,0.07,0.82,2465.26,4.12,3.44,0.00,0.00,0.00,
IP,T0003,10.03,4.00,3.44,2465.26,10.03,0.07,0.82,1225.83,1.94,0.28,0.22,412.19,1.94,0.01,0.14,4758.45,
TCPUDP,T0003,1225.55,2469.08,10.05,7.60,
FILE,T0003,0.93,3624.46,0.00,9495374.00,8710702.00,
JFSFILE,T0003,15.19,70.68,77.01,73.87,3.89,44.68,
JFSINODE,T0003,3.03,9.21,19.58,4.33,0.02,2.27,
LPAR,T0003,0.60,3.00,12.00,64.00,2.00,128.00,41.22,0.94,0.94,1.00,
ZZZZ,T0004,00:22:18,21-Sep-2019,,
CPU_ALL,T0004,12.78,3.92,0.00,83.30,12.00,
CPU011,T0004,0.00,1.12,0.00,98.88,
CPU010,T0004,0.00,1.15,0.00,98.85,
CPU09,T0004,0.00,1.24,0.00,98.76,
CPU08,T0004,0.00,49.22,0.00,50.78,
CPU07,T0004,0.00,1.85,0.00,98.15,
CPU06,T0004,0.00,1.91,0.00,98.09,
CPU05,T0004,5.48,2.92,0.00,91.60,
CPU04,T0004,33.42,31.50,0.00,35.08,
CPU03,T0004,0.32,1.55,0.00,98.14,
CPU02,T0004,0.43,1.57,0.00,98.00,
CPU01,T0004,11.46,8.33,0.00,80.21,
CPU00,T0004,60.23,36.38,0.00,3.39,
DISKBUSY,T0004,0.00,0.00,0.00,
DISKREAD,T0004,7.02,7.02,0.00,
DISKWRITE,T0004,6.69,57.59,0.00,
DISKXFER,T0004,0.83,6.33,0.00,
DISKSERV,T0004,0.00,0.00,0.00,
DISKWAIT,T0004,0.00,0.00,0.00,
MEMREAL,T0004,9437184.00,12022.20,15.44,50.77,49.10,46.98,
MEMVIRT,T0004,2097152.00,99.38,0.62,0.35,2.14,0.00,0.01,1.98,2246.75,13.01,
PROC,T0004,7.37,0.00,6936.70,23627.88,2668.40,3075.76,12.16,11.46,52.20,5.80,122.80,
LAN,T0004,16215.73,0.01,0.14,162.66,0.39,0.21,554.70,0.07,0.73,2322.91,4.52,2.47,0.00,0.00,0.00,
IP,T0004,10.09,4.40,2.47,2322.91,10.09,0.07,0.73,554.70,2.13,0.31,0.18,130.91,2.13,0.00,0.14,9225.88,
TCPUDP,T0004,554.02,2326.29,10.13,8.20,
FILE,T0004,0.95,3413.86,0.00,4910081.00,4200916.50,
JFSFILE,T0004,15.19,70.68,77.01,73.87,3.89,44.68,
JFSINODE,T0004,3.03,9.21,19.58,4.33,0.02,2.27,
LPAR,T0004,0.59,3.00,12.00,64.00,2.00,128.00,41.67,0.92,0.92,1.00,
ZZZZ,T0005,00:27:18,21-Sep-2019,,
CPU_ALL,T0005,2.51,2.67,0.00,94.82,12.00,
CPU011,T0005,0.00,1.86,0.00,98.14,
CPU010,T0005,0.00,1.86,0.00,98.14,
CPU09,T0005,0.00,2.04,0.00,97.96,
CPU08,T0005,0.00,46.96,0.00,53.04,
CPU07,T0005,0.00,1.92,0.00,98.08,
CPU06,T0005,0.00,1.99,0.00,98.01,
CPU05,T0005,0.00,2.17,0.00,97.83,
CPU04,T0005,0.00,44.04,0.00,55.96,
CPU03,T0005,0.41,0.97,0.00,98.62,
CPU02,T0005,0.51,0.82,0.00,98.67,
CPU01,T0005,9.80,12.89,0.00,77.30,
CPU00,T0005,47.45,49.25,0.01,3.30,
DISKBUSY,T0005,0.00,0.00,0.00,
DISKREAD,T0005,14.03,14.03,0.00,
DISKWRITE,T0005,7.07,56.29,0.00,
DISKXFER,T0005,0.90,6.07,0.00,
DISKSERV,T0005,0.00,0.00,0.00,
DISKWAIT,T0005,0.00,0.00,0.00,
MEMREAL,T0005,9437184.00,12229.40,15.44,50.77,49.11,46.98,
MEMVIRT,T0005,2097152.00,99.38,0.62,0.75,1.56,0.00,0.01,1.59,2262.03,0.00,
PROC,T0005,9.25,0.20,4877.76,15306.72,547.21,97.53,12.16,11.49,42.20,2.00,123.00,
LAN,T0005,143.24,0.01,0.13,9.35,0.36,0.21,49.02,0.07,0.73,43.88,4.15,2.41,0.00,0.00,0.00,
IP,T0005,9.75,4.03,2.41,43.88,9.75,0.07,0.73,49.02,1.93,0.28,0.18,8.75,1.93,0.01,0.13,143.24,
TCPUDP,T0005,48.37,47.50,9.84,7.55,
FILE,T0005,0.91,3668.48,0.00,847916.56,20997.89,
JFSFILE,T0005,15.19,70.68,77.01,73.87,3.89,44.69,
JFSINODE,T0005,3.03,9.21,19.58,4.33,0.02,2.27,
LPAR,T0005,0.18,3.00,12.00,64.00,2.00,128.00,44.28,0.28,0.28,1.00,
ZZZZ,T0006,00:32:18,21-Sep-2019,,
CPU_ALL,T0006,2.52,2.70,0.00,94.78,12.00,
CPU011,T0006,0.00,1.90,0.00,98.10,
CPU010,T0006,0.00,1.92,0.00,98.08,
CPU09,T0006,0.00,2.12,0.00,97.88,
CPU08,T0006,0.00,47.74,0.00,52.26,
CPU07,T0006,0.00,1.96,0.00,98.04,
CPU06,T0006,0.00,2.08,0.00,97.92,
CPU05,T0006,0.00,2.23,0.00,97.77,
CPU04,T0006,0.00,45.06,0.00,54.94,
CPU03,T0006,0.80,1.60,0.00,97.59,
CPU02,T0006,0.58,1.19,0.00,98.22,
CPU01,T0006,8.07,9.52,0.01,82.40,
CPU00,T0006,47.08,49.72,0.01,3.19,
DISKBUSY,T0006,0.00,0.00,0.00,
DISKREAD,T0006,7.02,7.02,0.00,
DISKWRITE,T0006,6.24,48.47,0.00,
DISKXFER,T0006,0.78,5.40,0.00,
DISKSERV,T0006,0.00,0.00,0.00,
DISKWAIT,T0006,0.00,0.00,0.00,
MEMREAL,T0006,9437184.00,12184.60,15.44,50.76,49.11,46.99,
MEMVIRT,T0006,2097152.00,99.38,0.62,0.33,1.46,0.00,0.00,1.48,2230.09,0.00,
PROC,T0006,10.28,0.00,4850.33,15163.85,537.59,93.44,12.14,11.44,38.40,2.00,122.60,
LAN,T0006,143.27,0.01,0.11,9.52,0.36,0.49,49.09,0.08,0.49,44.20,4.19,7.51,0.00,0.00,0.00,
IP,T0006,9.83,4.08,7.51,44.20,9.83,0.08,0.49,49.09,1.98,0.28,0.39,8.92,1.98,0.01,0.11,143.27,
TCPUDP,T0006,48.94,47.79,9.57,7.62,
FILE,T0006,0.82,3637.94,0.00,838011.69,19935.03,
JFSFILE,T0006,15.19,70.68,77.01,73.88,3.89,44.69,
JFSINODE,T0006,3.03,9.21,19.58,4.33,0.02,2.27,
LPAR,T0006,0.18,3.00,12.00,64.00,2.00,128.00,42.54,0.29,0.29,1.00,
ZZZZ,T0007,00:37:18,21-Sep-2019,,
CPU_ALL,T0007,2.72,2.64,0.00,94.64,12.00,
CPU011,T0007,0.00,1.43,0.00,98.57,
CPU010,T0007,0.00,1.44,0.00,98.56,
CPU09,T0007,0.00,1.58,0.00,98.42,
CPU08,T0007,18.37,39.16,0.00,42.47,
CPU07,T0007,0.00,1.62,0.00,98.38,
CPU06,T0007,0.00,1.71,0.00,98.29,
CPU05,T0007,0.00,1.96,0.00,98.04,
CPU04,T0007,6.17,45.88,0.00,47.95,
CPU03,T0007,0.47,0.67,0.00,98.86,
CPU02,T0007,0.62,1.82,0.00,97.56,
CPU01,T0007,8.08,11.82,0.00,80.10,
CPU00,T0007,49.43,47.33,0.01,3.24,
DISKBUSY,T0007,0.00,0.00,0.00,
DISKREAD,T0007,14.03,14.08,0.00,
DISKWRITE,T0007,6.88,65.48,0.00,
DISKXFER,T0007,0.88,7.02,0.00,
DISKSERV,T0007,0.00,0.00,0.00,
DISKWAIT,T0007,0.00,0.00,0.00,
MEMREAL,T0007,9437184.00,12297.60,15.44,50.76,49.11,46.98,
MEMVIRT,T0007,2097152.00,99.38,0.62,0.66,2.20,0.00,0.00,2.25,2295.25,2.02,
PROC,T0007,10.13,0.00,4862.27,14382.58,519.56,204.00,12.16,11.48,35.60,2.00,122.40,
LAN,T0007,144.39,0.01,0.12,9.46,0.37,0.65,48.93,0.07,0.62,43.37,4.16,10.20,0.00,0.00,0.00,
IP,T0007,9.44,4.04,10.20,43.37,9.44,0.07,0.62,48.93,1.78,0.28,0.51,8.87,1.78,0.00,0.12,144.38,
TCPUDP,T0007,47.80,46.69,10.13,7.59,
FILE,T0007,1.07,3401.62,0.00,755924.62,23771.88,
JFSFILE,T0007,15.19,70.68,77.01,73.88,3.89,44.69,
JFSINODE,T0007,3.03,9.21,19.58,4.33,0.02,2.27,
LPAR,T0007,0.19,3.00,12.00,64.00,2.00,128.00,43.01,0.29,0.29,1.00,
ZZZZ,T0008,00:42:18,21-Sep-2019,,
CPU_ALL,T0008,2.52,2.67,0.00,94.81,12.00,
CPU011,T0008,0.00,1.75,0.00,98.25,
CPU010,T0008,0.00,1.73,0.00,98.27,
CPU09,T0008,0.00,1.95,0.00,98.05,
CPU08,T0008,0.00,46.82,0.00,53.18,
CPU07,T0008,0.00,1.91,0.00,98.09,
CPU06,T0008,0.00,1.99,0.00,98.01,
CPU05,T0008,0.00,2.16,0.00,97.84,
CPU04,T0008,0.00,43.45,0.00,56.55,
CPU03,T0008,0.59,2.00,0.00,97.41,
CPU02,T0008,0.89,2.31,0.00,96.80,
CPU01,T0008,8.42,8.22,0.01,83.35,
CPU00,T0008,47.34,49.51,0.00,3.15,
DISKBUSY,T0008,0.00,0.00,0.00,
DISKREAD,T0008,7.02,7.02,0.00,
DISKWRITE,T0008,6.83,51.16,0.00,
DISKXFER,T0008,0.84,5.70,0.00,
DISKSERV,T0008,0.00,0.00,0.00,
DISKWAIT,T0008,0.00,0.00,0.00,
MEMREAL,T0008,9437184.00,12532.60,15.44,50.76,49.10,46.98,
MEMVIRT,T0008,2097152.00,99.38,0.62,0.65,1.54,0.00,0.00,1.58,2223.38,0.00,
PROC,T0008,9.72,0.00,4857.63,15364.84,547.74,102.19,12.16,11.46,46.20,2.00,122.40,
LAN,T0008,145.76,0.00,0.13,10.51,0.37,0.27,50.08,0.06,0.68,45.51,4.18,3.56,0.00,0.00,0.00,
IP,T0008,10.03,4.07,3.56,45.51,10.03,0.06,0.68,50.08,2.06,0.28,0.22,9.89,2.06,0.01,0.13,145.77,
TCPUDP,T0008,49.85,48.89,9.76,7.82,
FILE,T0008,0.84,3575.48,0.00,877563.19,22384.18,
JFSFILE,T0008,15.19,70.68,77.01,73.88,3.89,44.70,
JFSINODE,T0008,3.03,9.21,19.58,4.33,0.02,2.27,
LPAR,T0008,0.18,3.00,12.00,64.00,2.00,128.00,44.32,0.28,0.28,1.00,
ZZZZ,T0009,00:47:18,21-Sep-2019,,
CPU_ALL,T0009,2.57,2.77,0.01,94.66,12.00,
CPU011,T0009,0.00,1.63,0.00,98.37,
CPU010,T0009,0.00,1.63,0.00,98.37,
CPU09,T0009,0.00,1.81,0.00,98.19,
CPU08,T0009,0.00,48.23,0.00,51.77,
CPU07,T0009,0.00,1.83,0.00,98.17,
CPU06,T0009,0.00,1.90,0.00,98.10,
CPU05,T0009,0.00,2.07,0.00,97.93,
CPU04,T0009,0.00,45.50,0.00,54.50,
CPU03,T0009,1.18,1.24,0.00,97.58,
CPU02,T0009,1.66,1.35,0.00,96.99,
CPU01,T0009,7.81,7.04,0.00,85.14,
CPU00,T0009,46.53,50.43,0.01,3.03,
DISKBUSY,T0009,0.00,0.00,0.00,
DISKREAD,T0009,14.03,14.06,0.00,
DISKWRITE,T0009,7.47,57.40,0.00,
DISKXFER,T0009,0.92,6.20,0.00,
DISKSERV,T0009,0.00,0.00,0.00,
DISKWAIT,T0009,0.00,0.00,0.00,
MEMREAL,T0009,9437184.00,12307.00,15.44,50.77,49.10,46.98,
MEMVIRT,T0009,2097152.00,99.38,0.62,1.32,3.25,0.00,0.00,2.15,2249.03,0.00,
PROC,T0009,11.41,0.00,4972.68,15455.00,554.62,99.88,12.18,11.51,38.80,2.00,123.00,
LAN,T0009,153.23,0.01,0.13,19.47,0.36,0.21,59.67,0.06,0.69,54.95,4.16,2.42,0.00,0.00,0.00,
IP,T0009,10.21,4.04,2.42,54.95,10.21,0.06,0.69,59.67,2.12,0.27,0.17,18.72,2.13,0.01,0.13,153.23,
TCPUDP,T0009,59.22,58.84,10.03,7.75,
FILE,T0009,0.91,3687.19,0.00,861088.50,29299.27,
JFSFILE,T0009,15.19,70.68,77.01,73.88,3.89,44.70,
JFSINODE,T0009,3.03,9.21,19.58,4.33,0.02,2.27,
LPAR,T0009,0.19,3.00,12.00,64.00,2.00,128.00,43.59,0.29,0.29,1.00,
ZZZZ,T0010,00:52:18,21-Sep-2019,,
CPU_ALL,T0010,2.69,2.73,0.01,94.57,12.00,
CPU011,T0010,0.00,1.61,0.00,98.39,
CPU010,T0010,0.00,1.59,0.00,98.41,
CPU09,T0010,0.00,1.77,0.00,98.23,
CPU08,T0010,0.00,50.08,0.00,49.92,
CPU07,T0010,0.00,1.63,0.00,98.37,
CPU06,T0010,0.00,1.70,0.00,98.30,
CPU05,T0010,0.00,1.84,0.00,98.16,
CPU04,T0010,0.00,47.09,0.00,52.91,
CPU03,T0010,0.76,1.72,0.01,97.51,
CPU02,T0010,1.01,1.05,0.09,97.85,
CPU01,T0010,7.06,8.51,0.01,84.42,
CPU00,T0010,48.52,48.30,0.01,3.17,
DISKBUSY,T0010,0.00,0.00,0.00,
DISKREAD,T0010,7.02,7.02,0.00,
DISKWRITE,T0010,8.40,55.99,0.00,
DISKXFER,T0010,0.92,6.10,0.00,
DISKSERV,T0010,0.00,0.00,0.00,
DISKWAIT,T0010,0.00,0.00,0.00,
MEMREAL,T0010,9437184.00,12178.80,15.44,50.77,49.11,46.98,
MEMVIRT,T0010,2097152.00,99.38,0.62,0.80,5.55,0.00,0.00,3.17,2223.73,0.00,
PROC,T0010,11.36,0.00,5210.84,14654.62,515.30,204.55,12.17,11.47,46.00,2.00,123.00,
LAN,T0010,161.42,0.01,0.13,26.69,0.36,0.26,67.52,0.07,0.68,63.62,4.20,3.38,0.00,0.00,0.00,
IP,T0010,9.88,4.08,3.38,63.62,9.88,0.07,0.68,67.52,1.89,0.28,0.22,25.82,1.89,0.01,0.13,161.42,
TCPUDP,T0010,67.17,67.32,9.78,7.61,
FILE,T0010,0.96,3380.48,0.00,718468.44,37508.46,
JFSFILE,T0010,15.19,70.68,77.01,73.89,3.89,44.71,
JFSINODE,T0010,3.03,9.21,19.58,4.33,0.02,2.27,
LPAR,T0010,0.19,3.00,12.00,64.00,2.00,128.00,43.82,0.30,0.30,1.00,
ZZZZ,T0011,00:57:18,21-Sep-2019,,
CPU_ALL,T0011,2.63,2.79,0.01,94.57,12.00,
CPU011,T0011,0.00,1.68,0.00,98.32,
CPU010,T0011,0.00,1.67,0.00,98.33,
CPU09,T0011,0.00,1.80,0.00,98.20,
CPU08,T0011,0.00,49.70,0.00,50.30,
CPU07,T0011,0.00,1.81,0.00,98.19,
CPU06,T0011,0.00,1.84,0.00,98.16,
CPU05,T0011,0.00,1.98,0.00,98.02,
CPU04,T0011,0.00,46.62,0.00,53.38,
CPU03,T0011,0.70,1.52,0.00,97.77,
CPU02,T0011,1.48,1.44,0.00,97.08,
CPU01,T0011,8.29,9.29,0.09,82.33,
CPU00,T0011,47.16,49.48,0.01,3.34,
DISKBUSY,T0011,0.00,0.00,0.00,
DISKREAD,T0011,14.03,14.03,0.00,
DISKWRITE,T0011,8.75,57.55,0.00,
DISKXFER,T0011,1.01,6.21,0.00,
DISKSERV,T0011,0.00,0.00,0.00,
DISKWAIT,T0011,0.00,0.00,0.00,
MEMREAL,T0011,9437184.00,12085.60,15.44,50.77,49.11,46.99,
MEMVIRT,T0011,2097152.00,99.38,0.62,1.05,4.47,0.00,0.00,2.54,2253.75,0.00,
PROC,T0011,8.32,0.00,5196.77,15568.16,546.65,99.63,12.16,11.47,34.80,2.00,123.00,
LAN,T0011,159.82,0.00,0.14,25.02,0.37,0.28,65.57,0.05,0.76,61.58,4.21,3.72,0.00,0.00,0.00,
IP,T0011,10.41,4.09,3.72,61.58,10.41,0.05,0.76,65.57,2.10,0.28,0.23,24.18,2.10,0.00,0.14,159.82,
TCPUDP,T0011,65.61,65.75,9.96,7.73,
FILE,T0011,0.91,3652.05,0.00,854492.25,34937.08,
JFSFILE,T0011,15.20,70.68,77.01,73.89,3.89,44.70,
JFSINODE,T0011,3.03,9.21,19.58,4.33,0.02,2.27,
LPAR,T0011,0.19,3.00,12.00,64.00,2.00,128.00,42.99,0.30,0.30,1.00,
ZZZZ,T0012,01:02:18,21-Sep-2019,,
CPU_ALL,T0012,2.93,2.86,0.00,94.21,12.00,
CPU011,T0012,0.00,1.29,0.00,98.71,
CPU010,T0012,0.00,1.28,0.00,98.72,
CPU09,T0012,0.00,1.41,0.00,98.59,
CPU08,T0012,0.00,51.10,0.00,48.90,
CPU07,T0012,0.00,1.38,0.00,98.62,
CPU06,T0012,0.00,1.49,0.00,98.51,
CPU05,T0012,0.00,1.61,0.00,98.39,
CPU04,T0012,0.00,48.90,0.00,51.10,
CPU03,T0012,1.20,2.35,0.00,96.45,
CPU02,T0012,0.59,1.68,0.00,97.72,
CPU01,T0012,8.76,9.25,0.05,81.95,
CPU00,T0012,49.32,47.12,0.00,3.56,
DISKBUSY,T0012,0.00,0.00,0.00,
DISKREAD,T0012,7.02,7.07,0.00,
DISKWRITE,T0012,8.99,52.91,0.00,
DISKXFER,T0012,0.98,5.79,0.00,
DISKSERV,T0012,0.00,0.00,0.00,
DISKWAIT,T0012,0.00,0.00,0.00,
MEMREAL,T0012,9437184.00,12151.00,15.44,50.77,49.11,46.98,
MEMVIRT,T0012,2097152.00,99.38,0.62,0.05,2.56,0.00,0.00,1.93,2250.90,0.00,
PROC,T0012,7.94,0.00,5482.68,15984.90,540.70,104.41,12.20,11.51,47.40,2.40,123.20,
LAN,T0012,195.87,0.01,0.13,59.04,0.36,0.28,194.51,0.08,0.72,193.47,4.25,3.60,0.00,0.00,0.00,
IP,T0012,10.23,4.13,3.60,193.47,10.23,0.08,0.72,194.51,2.02,0.28,0.23,56.40,2.02,0.01,0.13,195.87,
TCPUDP,T0012,194.72,197.40,9.66,7.63,
FILE,T0012,0.85,3598.28,0.00,838986.12,23548.61,
JFSFILE,T0012,15.20,70.68,77.01,73.89,3.89,44.67,
JFSINODE,T0012,3.03,9.21,19.58,4.33,0.02,2.27,
LPAR,T0012,0.21,3.00,12.00,64.00,2.00,128.00,42.94,0.32,0.32,1.00,
ZZZZ,T0013,01:07:18,21-Sep-2019,,
CPU_ALL,T0013,6.49,3.40,0.02,90.09,12.00,
CPU011,T0013,0.00,0.74,0.00,99.26,
CPU010,T0013,0.00,0.75,0.00,99.25,
CPU09,T0013,0.21,1.07,0.00,98.72,
CPU08,T0013,24.27,45.70,0.02,30.00,
CPU07,T0013,0.00,0.74,0.00,99.26,
CPU06,T0013,0.00,0.75,0.00,99.25,
CPU05,T0013,3.56,2.73,0.03,93.68,
CPU04,T0013,30.11,42.65,0.06,27.18,
CPU03,T0013,0.85,1.45,0.00,97.70,
CPU02,T0013,1.06,2.27,0.00,96.66,
CPU01,T0013,13.10,9.14,0.04,77.72,
CPU00,T0013,63.73,32.95,0.01,3.30,
DISKBUSY,T0013,0.00,0.20,0.00,
DISKREAD,T0013,505.53,760.74,0.00,
DISKWRITE,T0013,12.80,93.86,0.00,
DISKXFER,T0013,3.59,14.02,0.00,
DISKSERV,T0013,0.00,0.00,0.00,
DISKWAIT,T0013,0.00,0.00,0.00,
MEMREAL,T0013,9437184.00,12116.20,15.44,50.77,49.11,46.98,
MEMVIRT,T0013,2097152.00,99.38,0.62,0.68,6.13,0.00,0.00,3.64,3253.49,2.16,
PROC,T0013,9.40,0.00,6374.69,17317.11,643.56,233.91,16.56,15.99,54.00,4.60,123.00,
LAN,T0013,425.53,0.01,0.14,637.82,0.38,0.20,649.02,0.06,0.75,671.78,4.32,2.20,0.00,0.00,0.00,
IP,T0013,11.64,4.20,2.20,671.78,11.64,0.06,0.75,649.01,2.23,0.29,0.17,628.64,2.23,0.00,0.14,425.52,
TCPUDP,T0013,646.39,676.49,13.95,8.32,
FILE,T0013,2.31,3597.95,0.00,1580009.62,41887.86,
JFSFILE,T0013,15.20,70.68,77.01,73.90,3.89,44.67,
JFSINODE,T0013,3.03,9.21,19.58,4.33,0.02,2.27,
LPAR,T0013,0.35,3.00,12.00,64.00,2.00,128.00,43.42,0.54,0.54,1.00,
ZZZZ,T0014,01:12:18,21-Sep-2019,,
CPU_ALL,T0014,3.29,3.91,0.25,92.56,12.00,
CPU011,T0014,0.83,6.52,0.66,91.99,
CPU010,T0014,0.80,6.97,0.71,91.52,
CPU09,T0014,2.13,13.79,1.57,82.51,
CPU08,T0014,2.41,54.61,0.69,42.29,
CPU07,T0014,0.77,7.03,0.53,91.67,
CPU06,T0014,0.80,7.69,0.69,90.83,
CPU05,T0014,2.52,13.26,1.64,82.57,
CPU04,T0014,3.14,51.92,0.76,44.18,
CPU03,T0014,1.46,5.89,0.20,92.45,
CPU02,T0014,1.74,4.14,0.23,93.89,
CPU01,T0014,8.42,13.94,0.48,77.17,
CPU00,T0014,49.77,46.53,0.16,3.55,
DISKBUSY,T0014,0.00,0.00,0.00,
DISKREAD,T0014,7.02,7.02,0.00,
DISKWRITE,T0014,9.39,61.41,0.00,
DISKXFER,T0014,1.00,6.34,0.00,
DISKSERV,T0014,0.00,0.00,0.00,
DISKWAIT,T0014,0.00,0.00,0.00,
MEMREAL,T0014,9437184.00,13920.60,15.44,50.77,49.09,46.97,
MEMVIRT,T0014,2097152.00,99.38,0.62,1365.54,540.50,0.00,0.00,130.15,2259.78,139.74,
PROC,T0014,8.65,0.85,6138.05,15167.49,538.70,256.18,12.13,11.43,43.40,2.60,123.00,
LAN,T0014,2178.25,0.01,0.12,2088.19,0.36,0.22,354.32,0.08,0.59,473.34,4.27,2.67,0.00,0.00,0.00,
IP,T0014,10.13,4.15,2.67,473.34,10.13,0.08,0.59,354.30,1.94,0.28,0.18,2081.71,1.94,0.01,0.12,2178.24,
TCPUDP,T0014,346.90,477.35,16.78,7.50,
FILE,T0014,0.98,3461.07,0.00,2693264.50,2014466.00,
JFSFILE,T0014,15.20,70.68,77.01,73.90,3.89,44.68,
JFSINODE,T0014,3.03,9.22,19.58,4.33,0.02,2.27,
LPAR,T0014,0.25,3.00,12.00,64.00,2.00,128.00,44.77,0.38,0.38,1.00,
ZZZZ,T0015,01:17:18,21-Sep-2019,,
CPU_ALL,T0015,2.61,2.72,0.00,94.67,12.00,
CPU011,T0015,0.00,1.73,0.00,98.27,
CPU010,T0015,0.00,1.69,0.00,98.31,
CPU09,T0015,0.00,2.03,0.00,97.97,
CPU08,T0015,0.00,47.26,0.00,52.74,
CPU07,T0015,0.00,1.82,0.00,98.18,
CPU06,T0015,0.00,1.87,0.00,98.13,
CPU05,T0015,0.00,2.35,0.00,97.65,
CPU04,T0015,0.00,46.40,0.00,53.60,
CPU03,T0015,1.60,1.63,0.00,96.77,
CPU02,T0015,0.50,1.71,0.00,97.79,
CPU01,T0015,8.95,8.49,0.00,82.56,
CPU00,T0015,47.48,49.25,0.00,3.27,
DISKBUSY,T0015,0.00,0.00,0.00,
DISKREAD,T0015,14.03,14.03,0.00,
DISKWRITE,T0015,7.25,49.92,0.00,
DISKXFER,T0015,0.85,5.51,0.00,
DISKSERV,T0015,0.00,0.00,0.00,
DISKWAIT,T0015,0.00,0.00,0.00,
MEMREAL,T0015,9437184.00,20386.00,15.44,50.77,49.02,46.91,
MEMVIRT,T0015,2097152.00,99.38,0.62,0.00,1.49,0.00,0.00,1.47,2253.12,0.00,
PROC,T0015,11.79,0.00,5191.75,15316.14,523.87,132.83,12.17,11.48,52.20,2.00,122.60,
LAN,T0015,143.16,0.01,0.12,9.54,0.37,0.37,51.23,0.08,0.55,46.02,4.19,5.29,0.00,0.00,0.00,
IP,T0015,10.34,4.07,5.29,46.02,10.34,0.08,0.55,51.23,2.06,0.29,0.30,8.91,2.06,0.01,0.12,143.16,
TCPUDP,T0015,50.85,50.12,9.89,7.64,
FILE,T0015,0.92,3574.37,0.00,769788.31,21319.88,
JFSFILE,T0015,15.20,70.68,77.01,73.90,3.89,44.68,
JFSINODE,T0015,3.03,9.22,19.58,4.33,0.02,2.27,
LPAR,T0015,0.19,3.00,12.00,64.00,2.00,128.00,43.64,0.29,0.29,1.00,
ZZZZ,T0016,01:22:18,21-Sep-2019,,
CPU_ALL,T0016,2.64,2.70,0.00,94.65,12.00,
CPU011,T0016,0.00,1.90,0.00,98.10,
CPU010,T0016,0.00,1.91,0.00,98.09,
CPU09,T0016,0.00,2.19,0.00,97.81,
CPU08,T0016,0.00,48.93,0.00,51.07,
CPU07,T0016,0.00,1.67,0.00,98.33,
CPU06,T0016,0.00,1.75,0.00,98.25,
CPU05,T0016,0.00,1.92,0.00,98.08,
CPU04,T0016,0.00,48.13,0.00,51.87,
CPU03,T0016,0.43,2.63,0.00,96.94,
CPU02,T0016,0.58,0.78,0.00,98.64,
CPU01,T0016,8.10,8.15,0.00,83.75,
CPU00,T0016,48.23,48.56,0.01,3.20,
DISKBUSY,T0016,0.00,0.00,0.00,
DISKREAD,T0016,7.01,7.01,0.00,
DISKWRITE,T0016,8.64,61.14,0.00,
DISKXFER,T0016,0.95,6.45,0.00,
DISKSERV,T0016,0.00,0.00,0.00,
DISKWAIT,T0016,0.00,0.00,0.00,
MEMREAL,T0016,9437184.00,20224.60,15.44,50.77,49.02,46.91,
MEMVIRT,T0016,2097152.00,99.38,0.62,0.33,2.22,0.00,0.00,2.22,2224.43,0.00,
PROC,T0016,8.97,0.00,5161.64,14854.68,528.09,167.64,12.16,11.46,37.40,2.00,123.20,
LAN,T0016,142.97,0.01,0.13,9.52,0.40,0.31,51.09,0.08,0.70,46.05,4.48,4.17,0.00,0.00,0.00,
IP,T0016,10.26,4.36,4.17,46.05,10.26,0.08,0.70,51.09,2.08,0.31,0.25,8.90,2.08,0.01,0.13,142.97,
TCPUDP,T0016,50.68,50.18,9.83,7.82,
FILE,T0016,0.95,3446.20,0.00,771930.00,22233.97,
JFSFILE,T0016,15.20,70.68,77.01,73.90,3.89,44.69,
JFSINODE,T0016,3.03,9.22,19.58,4.34,0.02,2.27,
LPAR,T0016,0.19,3.00,12.00,64.00,2.00,128.00,43.28,0.29,0.29,1.00,
ZZZZ,T0017,01:27:18,21-Sep-2019,,
CPU_ALL,T0017,3.73,2.99,0.00,93.28,12.00,
CPU011,T0017,0.00,0.97,0.00,99.03,
CPU010,T0017,0.00,0.96,0.00,99.04,
CPU09,T0017,0.00,1.08,0.00,98.92,
CPU08,T0017,0.00,55.49,0.00,44.51,
CPU07,T0017,0.00,0.94,0.00,99.06,
CPU06,T0017,0.00,0.89,0.00,99.11,
CPU05,T0017,0.00,0.97,0.00,99.03,
CPU04,T0017,0.00,54.99,0.00,45.01,
CPU03,T0017,0.61,2.26,0.00,97.13,
CPU02,T0017,0.58,2.75,0.00,96.66,
CPU01,T0017,9.69,9.49,0.00,80.82,
CPU00,T0017,54.02,42.45,0.00,3.53,
DISKBUSY,T0017,0.00,0.00,0.00,
DISKREAD,T0017,7.02,7.02,0.00,
DISKWRITE,T0017,9.97,53.09,0.00,
DISKXFER,T0017,1.04,5.82,0.00,
DISKSERV,T0017,0.00,0.00,0.00,
DISKWAIT,T0017,0.00,0.00,0.00,
MEMREAL,T0017,9437184.00,20083.60,15.44,50.77,49.02,46.91,
MEMVIRT,T0017,2097152.00,99.38,0.62,0.33,1.83,0.00,0.00,1.76,2231.44,0.00,
PROC,T0017,10.09,0.00,5689.43,16162.53,545.74,99.35,12.15,11.47,49.20,3.20,123.00,
LAN,T0017,259.89,0.01,0.13,248.61,0.36,0.20,312.08,0.06,0.69,318.74,4.15,2.32,0.00,0.00,0.00,
IP,T0017,10.20,4.04,2.32,318.74,10.20,0.06,0.69,312.07,2.02,0.28,0.17,244.25,2.02,0.01,0.13,259.89,
TCPUDP,T0017,311.48,322.29,10.03,7.88,
FILE,T0017,0.89,3655.27,0.00,840658.94,22485.41,
JFSFILE,T0017,15.20,70.68,77.01,73.91,3.89,44.69,
JFSINODE,T0017,3.03,9.22,19.58,4.33,0.02,2.27,
LPAR,T0017,0.24,3.00,12.00,64.00,2.00,128.00,42.51,0.37,0.37,1.00,
ZZZZ,T0018,01:32:19,21-Sep-2019,,
CPU_ALL,T0018,2.88,2.99,0.01,94.12,12.00,
CPU011,T0018,0.00,1.38,0.00,98.62,
CPU010,T0018,0.00,1.43,0.00,98.57,
CPU09,T0018,0.00,1.55,0.00,98.45,
CPU08,T0018,8.64,49.95,0.00,41.41,
CPU07,T0018,0.00,1.41,0.00,98.59,
CPU06,T0018,0.00,1.46,0.00,98.54,
CPU05,T0018,0.00,1.59,0.00,98.41,
CPU04,T0018,10.71,48.26,0.01,41.02,
CPU03,T0018,0.49,1.17,0.03,98.30,
CPU02,T0018,0.89,2.28,0.01,96.82,
CPU01,T0018,10.27,8.78,0.01,80.94,
CPU00,T0018,47.48,49.33,0.01,3.17,
DISKBUSY,T0018,0.00,0.00,0.00,
DISKREAD,T0018,28.06,46.92,0.00,
DISKWRITE,T0018,8.88,71.31,0.00,
DISKXFER,T0018,1.06,6.81,0.00,
DISKSERV,T0018,0.00,0.00,0.00,
DISKWAIT,T0018,0.00,0.00,0.00,
MEMREAL,T0018,9437184.00,19852.40,15.44,50.77,49.02,46.91,
MEMVIRT,T0018,2097152.00,99.38,0.62,0.60,3.60,0.00,0.00,4.17,2911.23,0.00,
PROC,T0018,9.93,0.20,5240.93,16695.31,620.83,134.50,16.59,14.51,40.80,2.20,123.00,
LAN,T0018,152.60,0.01,0.13,26.15,0.36,0.21,69.73,0.09,0.71,65.55,4.22,2.40,0.00,0.00,0.00,
IP,T0018,10.48,4.10,2.40,65.55,10.48,0.09,0.71,69.73,2.14,0.28,0.17,25.25,2.14,0.01,0.13,152.60,
TCPUDP,T0018,69.26,69.75,10.13,7.64,
FILE,T0018,1.03,3703.01,0.00,1058189.25,44688.63,
JFSFILE,T0018,15.20,70.68,77.01,73.91,3.89,44.69,
JFSINODE,T0018,3.03,9.22,19.58,4.34,0.02,2.27,
LPAR,T0018,0.21,3.00,12.00,64.00,2.00,128.00,41.63,0.32,0.32,1.00,
ZZZZ,T0019,01:37:19,21-Sep-2019,,
CPU_ALL,T0019,2.78,2.70,0.00,94.51,12.00,
CPU011,T0019,0.00,1.45,0.00,98.55,
CPU010,T0019,0.00,1.47,0.00,98.53,
CPU09,T0019,0.00,1.60,0.00,98.40,
CPU08,T0019,17.88,40.47,0.00,41.65,
CPU07,T0019,0.00,1.67,0.00,98.33,
CPU06,T0019,0.00,1.73,0.00,98.27,
CPU05,T0019,0.00,1.95,0.00,98.05,
CPU04,T0019,2.45,49.60,0.00,47.95,
CPU03,T0019,1.35,1.26,0.00,97.39,
CPU02,T0019,1.04,1.12,0.00,97.84,
CPU01,T0019,11.20,9.63,0.01,79.16,
CPU00,T0019,48.45,48.16,0.00,3.38,
DISKBUSY,T0019,0.00,0.00,0.00,
DISKREAD,T0019,7.02,7.04,0.00,
DISKWRITE,T0019,8.59,64.05,0.00,
DISKXFER,T0019,0.96,6.87,0.00,
DISKSERV,T0019,0.00,0.00,0.00,
DISKWAIT,T0019,0.00,0.00,0.00,
MEMREAL,T0019,9437184.00,19863.60,15.44,50.76,49.02,46.91,
MEMVIRT,T0019,2097152.00,99.38,0.62,0.00,2.31,0.00,0.00,2.29,2283.11,0.00,
PROC,T0019,8.64,0.00,5174.33,14812.72,529.02,205.01,12.15,11.47,41.00,2.00,122.40,
LAN,T0019,143.13,0.00,0.12,9.42,0.37,0.46,51.76,0.07,0.58,46.32,4.16,6.94,0.00,0.00,0.00,
IP,T0019,10.07,4.05,6.94,46.32,10.07,0.07,0.58,51.76,1.97,0.28,0.37,8.79,1.98,0.01,0.12,143.13,
TCPUDP,T0019,50.75,50.20,10.27,7.68,
FILE,T0019,1.05,3385.64,0.00,790711.12,22535.12,
JFSFILE,T0019,15.20,70.68,77.01,73.91,3.89,44.70,
JFSINODE,T0019,3.03,9.22,19.58,4.34,0.02,2.27,
LPAR,T0019,0.19,3.00,12.00,64.00,2.00,128.00,42.50,0.30,0.30,1.00,
ZZZZ,T0020,01:42:19,21-Sep-2019,,
CPU_ALL,T0020,2.55,2.72,0.00,94.72,12.00,
CPU011,T0020,0.00,1.98,0.00,98.02,
CPU010,T0020,0.00,1.96,0.00,98.04,
CPU09,T0020,0.00,2.21,0.00,97.79,
CPU08,T0020,0.00,48.20,0.00,51.80,
CPU07,T0020,0.00,1.82,0.00,98.18,
CPU06,T0020,0.00,1.91,0.00,98.09,
CPU05,T0020,0.00,2.13,0.00,97.87,
CPU04,T0020,0.00,47.13,0.00,52.87,
CPU03,T0020,0.65,1.38,0.00,97.97,
CPU02,T0020,0.32,2.47,0.00,97.21,
CPU01,T0020,8.09,8.18,0.01,83.72,
CPU00,T0020,47.33,49.56,0.00,3.11,
DISKBUSY,T0020,0.00,0.00,0.00,
DISKREAD,T0020,7.02,7.04,0.00,
DISKWRITE,T0020,7.04,54.03,0.00,
DISKXFER,T0020,0.86,5.75,0.00,
DISKSERV,T0020,0.00,0.00,0.00,
DISKWAIT,T0020,0.00,0.00,0.00,
MEMREAL,T0020,9437184.00,20120.00,15.44,50.77,49.02,46.91,
MEMVIRT,T0020,2097152.00,99.38,0.62,0.00,1.54,0.00,0.00,1.52,2235.78,0.00,
PROC,T0020,11.73,0.00,4957.45,15327.55,536.77,93.66,12.16,11.46,41.80,2.00,123.20,
LAN,T0020,143.09,0.01,0.12,9.51,0.36,0.28,50.16,0.09,0.60,45.56,4.18,3.72,0.00,0.00,0.00,
IP,T0020,9.96,4.06,3.72,45.56,9.96,0.09,0.60,50.16,1.98,0.28,0.23,8.88,1.98,0.01,0.12,143.08,
TCPUDP,T0020,50.04,49.28,9.52,7.57,
FILE,T0020,0.82,3644.02,0.00,827757.19,19651.56,
JFSFILE,T0020,15.20,70.68,77.01,73.91,3.89,44.70,
JFSINODE,T0020,3.03,9.22,19.58,4.34,0.02,2.27,
LPAR,T0020,0.19,3.00,12.00,64.00,2.00,128.00,43.46,0.29,0.29,1.00,
ZZZZ,T0021,01:47:19,21-Sep-2019,,
CPU_ALL,T0021,2.58,2.73,0.00,94.69,12.00,
CPU011,T0021,0.00,1.76,0.00,98.24,
CPU010,T0021,0.00,1.76,0.00,98.24,
CPU09,T0021,0.00,1.94,0.00,98.06,
CPU08,T0021,0.00,46.75,0.00,53.25,
CPU07,T0021,0.00,1.96,0.00,98.04,
CPU06,T0021,0.00,2.00,0.00,98.00,
CPU05,T0021,0.00,2.20,0.00,97.80,
CPU04,T0021,0.00,43.77,0.00,56.23,
CPU03,T0021,0.81,1.52,0.00,97.67,
CPU02,T0021,0.84,2.05,0.07,97.04,
CPU01,T0021,8.03,7.68,0.00,84.28,
CPU00,T0021,47.30,49.53,0.01,3.17,
DISKBUSY,T0021,0.00,0.00,0.00,
DISKREAD,T0021,7.02,7.02,0.00,
DISKWRITE,T0021,8.67,52.55,0.00,
DISKXFER,T0021,0.97,5.79,0.00,
DISKSERV,T0021,0.00,0.00,0.00,
DISKWAIT,T0021,0.00,0.00,0.00,
MEMREAL,T0021,9437184.00,19984.00,15.44,50.77,49.02,46.91,
MEMVIRT,T0021,2097152.00,99.38,0.62,0.33,1.70,0.00,0.00,1.72,2243.40,0.00,
PROC,T0021,7.99,0.00,5173.67,15621.71,547.03,97.95,12.15,11.46,40.00,2.00,123.20,
LAN,T0021,143.54,0.01,0.13,9.92,0.38,0.27,50.14,0.07,0.67,45.26,4.35,3.54,0.00,0.00,0.00,
IP,T0021,10.37,4.23,3.54,45.26,10.37,0.07,0.67,50.14,2.09,0.29,0.22,9.30,2.09,0.01,0.13,143.54,
TCPUDP,T0021,50.38,49.18,9.82,7.81,
FILE,T0021,0.89,3656.08,0.00,839930.44,21613.50,
JFSFILE,T0021,15.20,70.68,77.01,73.91,3.89,44.71,
JFSINODE,T0021,3.03,9.22,19.58,4.34,0.02,2.27,
LPAR,T0021,0.19,3.00,12.00,64.00,2.00,128.00,44.75,0.29,0.29,1.00,
ZZZZ,T0022,01:52:19,21-Sep-2019,,
CPU_ALL,T0022,2.64,2.65,0.00,94.70,12.00,
CPU011,T0022,0.00,1.78,0.00,98.22,
CPU010,T0022,0.00,1.77,0.00,98.23,
CPU09,T0022,0.00,1.99,0.00,98.01,
CPU08,T0022,0.00,46.32,0.00,53.68,
CPU07,T0022,0.00,1.89,0.00,98.11,
CPU06,T0022,0.00,1.95,0.00,98.05,
CPU05,T0022,0.00,2.11,0.00,97.89,
CPU04,T0022,0.00,43.21,0.00,56.79,
CPU03,T0022,1.49,3.07,0.00,95.44,
CPU02,T0022,0.60,1.73,0.00,97.68,
CPU01,T0022,10.24,8.41,0.00,81.35,
CPU00,T0022,48.42,48.21,0.00,3.36,
DISKBUSY,T0022,0.00,0.00,0.00,
DISKREAD,T0022,14.03,14.03,0.00,
DISKWRITE,T0022,8.64,60.85,0.00,
DISKXFER,T0022,0.99,6.44,0.00,
DISKSERV,T0022,0.00,0.00,0.00,
DISKWAIT,T0022,0.00,0.00,0.00,
MEMREAL,T0022,9437184.00,19878.60,15.44,50.77,49.02,46.91,
MEMVIRT,T0022,2097152.00,99.38,0.62,0.00,2.27,0.00,0.00,2.25,2247.42,0.00,
PROC,T0022,11.37,0.00,5202.65,14722.88,515.68,203.25,12.15,11.46,40.80,2.00,123.00,
LAN,T0022,142.76,0.01,0.13,9.15,0.36,0.23,49.00,0.08,0.69,43.68,4.20,2.84,0.00,0.00,0.00,
IP,T0022,10.03,4.09,2.84,43.68,10.03,0.08,0.69,49.00,2.01,0.28,0.19,8.55,2.01,0.01,0.13,142.76,
TCPUDP,T0022,48.59,47.24,10.20,7.89,
FILE,T0022,0.98,3392.24,0.00,719495.12,22166.83,
JFSFILE,T0022,15.20,70.68,77.01,73.92,3.89,44.71,
JFSINODE,T0022,3.03,9.22,19.58,4.34,0.02,2.27,
LPAR,T0022,0.19,3.00,12.00,64.00,2.00,128.00,44.93,0.29,0.29,1.00,
ZZZZ,T0023,01:57:19,21-Sep-2019,,
CPU_ALL,T0023,2.57,2.71,0.00,94.72,12.00,
CPU011,T0023,0.00,1.76,0.00,98.24,
CPU010,T0023,0.00,1.75,0.00,98.25,
CPU09,T0023,0.00,2.00,0.00,98.00,
CPU08,T0023,0.00,46.42,0.00,53.58,
CPU07,T0023,0.00,1.93,0.00,98.07,
CPU06,T0023,0.00,2.01,0.00,97.99,
CPU05,T0023,0.00,2.19,0.00,97.81,
CPU04,T0023,0.00,42.98,0.00,57.02,
CPU03,T0023,0.83,1.49,0.00,97.68,
CPU02,T0023,0.96,1.39,0.00,97.65,
CPU01,T0023,7.94,7.48,0.02,84.56,
CPU00,T0023,47.23,49.69,0.01,3.07,
DISKBUSY,T0023,0.00,0.00,0.00,
DISKREAD,T0023,7.01,7.01,0.00,
DISKWRITE,T0023,8.75,54.06,0.00,
DISKXFER,T0023,0.97,5.91,0.00,
DISKSERV,T0023,0.00,0.00,0.00,
DISKWAIT,T0023,0.00,0.00,0.00,
MEMREAL,T0023,9437184.00,19818.60,15.44,50.76,49.03,46.91,
MEMVIRT,T0023,2097152.00,99.38,0.62,0.36,2.01,0.00,0.00,1.75,2242.83,0.00,
PROC,T0023,9.40,0.00,5169.64,15764.49,552.75,105.06,12.14,11.45,38.40,2.00,122.60,
LAN,T0023,145.01,0.01,0.13,10.26,0.37,0.34,49.58,0.06,0.70,45.01,4.16,4.71,0.00,0.00,0.00,
IP,T0023,10.31,4.04,4.71,45.01,10.31,0.06,0.70,49.58,2.05,0.28,0.27,9.65,2.04,0.00,0.13,145.01,
TCPUDP,T0023,49.95,49.22,9.71,7.57,
FILE,T0023,0.90,3593.92,0.00,892018.69,23317.88,
JFSFILE,T0023,15.21,70.68,77.01,73.92,3.89,44.72,
JFSINODE,T0023,3.03,9.22,19.58,4.34,0.02,2.27,
LPAR,T0023,0.19,3.00,12.00,64.00,2.00,128.00,44.47,0.29,0.29,1.00,
ZZZZ,T0024,02:02:19,21-Sep-2019,,
CPU_ALL,T0024,3.06,2.82,0.00,94.12,12.00,
CPU011,T0024,0.00,1.46,0.00,98.54,
CPU010,T0024,0.00,1.44,0.00,98.56,
CPU09,T0024,0.00,1.62,0.00,98.38,
CPU08,T0024,0.00,49.68,0.00,50.32,
CPU07,T0024,0.00,1.49,0.00,98.51,
CPU06,T0024,0.00,1.57,0.00,98.43,
CPU05,T0024,0.00,1.70,0.00,98.30,
CPU04,T0024,0.00,47.49,0.00,52.51,
CPU03,T0024,1.55,2.21,0.00,96.24,
CPU02,T0024,0.67,1.64,0.00,97.69,
CPU01,T0024,8.74,8.85,0.02,82.39,
CPU00,T0024,50.25,46.47,0.01,3.28,
DISKBUSY,T0024,0.00,0.00,0.00,
DISKREAD,T0024,14.22,14.14,0.00,
DISKWRITE,T0024,13.49,54.69,0.00,
DISKXFER,T0024,1.55,5.78,0.00,
DISKSERV,T0024,0.00,0.00,0.00,
DISKWAIT,T0024,0.00,0.00,0.00,
MEMREAL,T0024,9437184.00,19544.20,15.44,50.77,49.03,46.92,
MEMVIRT,T0024,2097152.00,99.38,0.62,2.30,2.34,0.00,0.00,2.50,2262.99,0.00,
PROC,T0024,11.47,0.00,5339.97,15704.62,543.42,138.93,12.27,11.58,41.80,2.20,123.20,
LAN,T0024,169.96,0.01,0.19,38.55,0.37,0.37,122.60,0.10,0.75,117.16,4.34,5.13,0.00,0.00,0.00,
IP,T0024,10.34,4.23,5.13,117.16,10.34,0.10,0.75,122.59,2.07,0.29,0.30,36.95,2.07,0.01,0.19,169.96,
TCPUDP,T0024,122.94,121.29,9.89,7.72,
FILE,T0024,0.91,3606.33,0.00,785914.81,21950.84,
JFSFILE,T0024,15.21,70.68,77.01,73.92,3.89,44.72,
JFSINODE,T0024,3.03,9.22,19.58,4.34,0.02,2.27,
LPAR,T0024,0.21,3.00,12.00,64.00,2.00,128.00,42.90,0.32,0.32,1.00,
ZZZZ,T0025,02:07:19,21-Sep-2019,,
CPU_ALL,T0025,3.57,2.95,0.01,93.47,12.00,
CPU011,T0025,0.00,0.91,0.00,99.09,
CPU010,T0025,0.00,0.91,0.00,99.09,
CPU09,T0025,0.00,1.02,0.00,98.98,
CPU08,T0025,17.94,44.24,0.00,37.82,
CPU07,T0025,0.00,0.99,0.00,99.01,
CPU06,T0025,0.00,1.03,0.00,98.97,
CPU05,T0025,0.00,1.16,0.00,98.84,
CPU04,T0025,7.77,51.13,0.00,41.10,
CPU03,T0025,1.25,2.56,0.00,96.19,
CPU02,T0025,0.63,1.42,0.00,97.95,
CPU01,T0025,10.73,9.46,0.00,79.81,
CPU00,T0025,51.89,44.40,0.02,3.69,
DISKBUSY,T0025,0.00,0.00,0.00,
DISKREAD,T0025,7.02,7.02,0.00,
DISKWRITE,T0025,12.40,59.82,0.00,
DISKXFER,T0025,1.29,6.52,0.00,
DISKSERV,T0025,0.00,0.00,0.00,
DISKWAIT,T0025,0.00,0.00,0.00,
MEMREAL,T0025,9437184.00,19241.80,15.44,50.77,49.03,46.92,
MEMVIRT,T0025,2097152.00,99.38,0.62,0.41,13.28,0.00,0.00,3.82,2276.05,0.00,
PROC,T0025,8.75,0.00,5605.42,15560.21,554.31,168.98,12.14,11.46,41.00,2.80,123.00,
LAN,T0025,244.25,0.01,0.12,156.45,0.38,0.20,247.95,0.06,0.63,248.82,4.31,2.25,0.00,0.00,0.00,
IP,T0025,9.95,4.19,2.25,248.82,9.95,0.06,0.63,247.95,1.90,0.29,0.17,153.05,1.90,0.01,0.12,244.24,
TCPUDP,T0025,247.13,252.41,10.21,7.70,
FILE,T0025,1.10,3520.26,0.00,866415.94,66625.83,
JFSFILE,T0025,15.21,70.68,77.01,73.93,3.89,44.72,
JFSINODE,T0025,3.03,9.22,19.58,4.34,0.02,2.27,
LPAR,T0025,0.23,3.00,12.00,64.00,2.00,128.00,43.73,0.36,0.36,1.00,
ZZZZ,T0026,02:12:19,21-Sep-2019,,
CPU_ALL,T0026,2.82,2.82,0.01,94.35,12.00,
CPU011,T0026,0.00,1.09,0.00,98.91,
CPU010,T0026,0.00,1.09,0.00,98.91,
CPU09,T0026,0.00,1.24,0.00,98.76,
CPU08,T0026,0.00,53.91,0.00,46.09,
CPU07,T0026,0.00,1.12,0.00,98.88,
CPU06,T0026,0.00,1.16,0.00,98.84,
CPU05,T0026,0.00,1.24,0.00,98.76,
CPU04,T0026,0.00,52.50,0.00,47.50,
CPU03,T0026,0.72,2.03,0.00,97.25,
CPU02,T0026,0.48,1.28,0.00,98.24,
CPU01,T0026,9.56,7.88,0.14,82.42,
CPU00,T0026,48.50,48.13,0.02,3.35,
DISKBUSY,T0026,0.00,0.00,0.00,
DISKREAD,T0026,14.03,14.03,0.00,
DISKWRITE,T0026,15.60,60.60,0.00,
DISKXFER,T0026,1.80,6.42,0.00,
DISKSERV,T0026,0.00,0.00,0.00,
DISKWAIT,T0026,0.00,0.00,0.00,
MEMREAL,T0026,9437184.00,19254.00,15.44,50.77,49.03,46.92,
MEMVIRT,T0026,2097152.00,99.38,0.62,0.77,22.63,0.00,0.00,4.75,2250.11,0.00,
PROC,T0026,7.12,0.20,5155.78,14565.06,533.75,210.31,12.16,11.47,39.00,2.20,123.00,
LAN,T0026,250.58,0.01,0.14,115.13,0.36,0.20,159.63,0.12,0.73,160.30,4.25,2.16,0.00,0.00,0.00,
IP,T0026,10.24,4.13,2.16,160.30,10.24,0.12,0.73,159.63,2.22,0.28,0.17,112.94,2.22,0.01,0.14,250.58,
TCPUDP,T0026,158.65,164.00,10.69,7.88,
FILE,T0026,1.20,3381.19,0.00,800928.19,108980.41,
JFSFILE,T0026,15.21,70.68,77.01,73.93,3.89,44.73,
JFSINODE,T0026,3.03,9.22,19.58,4.34,0.02,2.27,
LPAR,T0026,0.20,3.00,12.00,64.00,2.00,128.00,45.49,0.31,0.31,1.00,
ZZZZ,T0027,02:17:19,21-Sep-2019,,
CPU_ALL,T0027,2.57,2.73,0.00,94.70,12.00,
CPU011,T0027,0.00,1.56,0.00,98.44,
CPU010,T0027,0.00,1.54,0.00,98.46,
CPU09,T0027,0.00,1.74,0.00,98.26,
CPU08,T0027,0.00,48.75,0.00,51.25,
CPU07,T0027,0.00,1.66,0.00,98.34,
CPU06,T0027,0.00,1.71,0.00,98.29,
CPU05,T0027,0.00,1.90,0.00,98.10,
CPU04,T0027,0.00,45.83,0.00,54.17,
CPU03,T0027,0.82,3.61,0.00,95.57,
CPU02,T0027,0.91,1.64,0.00,97.45,
CPU01,T0027,6.88,6.99,0.00,86.13,
CPU00,T0027,47.43,49.37,0.01,3.20,
DISKBUSY,T0027,0.00,0.00,0.00,
DISKREAD,T0027,7.02,7.02,0.00,
DISKWRITE,T0027,11.23,54.30,0.00,
DISKXFER,T0027,1.26,5.91,0.00,
DISKSERV,T0027,0.00,0.00,0.00,
DISKWAIT,T0027,0.00,0.00,0.00,
MEMREAL,T0027,9437184.00,21280.00,15.44,50.77,49.01,46.90,
MEMVIRT,T0027,2097152.00,99.38,0.62,0.00,1.91,0.00,0.00,1.86,2241.31,0.00,
PROC,T0027,11.48,0.00,4918.80,15302.41,534.84,96.05,12.15,11.45,40.80,2.00,123.00,
LAN,T0027,150.56,0.01,0.13,16.93,0.37,0.24,82.51,0.07,0.70,76.81,4.14,3.04,0.00,0.00,0.00,
IP,T0027,9.55,4.03,3.04,76.81,9.55,0.07,0.70,82.51,1.83,0.29,0.20,15.88,1.82,0.01,0.13,150.56,
TCPUDP,T0027,81.20,80.12,10.16,7.63,
FILE,T0027,1.01,3662.16,0.00,825140.06,19734.26,
JFSFILE,T0027,15.21,70.68,77.01,73.93,3.89,44.38,
JFSINODE,T0027,3.03,9.22,19.58,4.34,0.02,2.26,
LPAR,T0027,0.19,3.00,12.00,64.00,2.00,128.00,45.94,0.29,0.29,1.00,
ZZZZ,T0028,02:22:19,21-Sep-2019,,
CPU_ALL,T0028,2.82,2.76,0.01,94.41,12.00,
CPU011,T0028,0.00,1.30,0.00,98.70,
CPU010,T0028,0.00,1.29,0.00,98.71,
CPU09,T0028,0.00,1.45,0.00,98.55,
CPU08,T0028,0.00,51.45,0.00,48.55,
CPU07,T0028,0.00,1.27,0.00,98.73,
CPU06,T0028,0.00,1.34,0.00,98.66,
CPU05,T0028,0.00,1.45,0.00,98.55,
CPU04,T0028,0.00,48.98,0.00,51.02,
CPU03,T0028,1.12,3.16,0.00,95.72,
CPU02,T0028,1.09,3.71,0.00,95.20,
CPU01,T0028,7.38,8.30,0.00,84.32,
CPU00,T0028,49.71,46.56,0.01,3.71,
DISKBUSY,T0028,0.00,0.00,0.00,
DISKREAD,T0028,14.03,14.06,0.00,
DISKWRITE,T0028,16.00,60.43,0.00,
DISKXFER,T0028,1.91,6.30,0.00,
DISKSERV,T0028,0.00,0.00,0.00,
DISKWAIT,T0028,0.00,0.00,0.00,
MEMREAL,T0028,9437184.00,21634.80,15.44,50.77,49.01,46.89,
MEMVIRT,T0028,2097152.00,99.38,0.62,0.33,3.08,0.00,0.00,3.05,2243.96,0.00,
PROC,T0028,9.14,0.00,5214.50,14667.17,515.24,204.58,12.17,11.48,41.60,2.20,123.00,
LAN,T0028,185.39,0.01,0.13,49.99,0.40,0.75,227.56,0.09,0.65,221.50,4.52,11.96,0.00,0.00,0.00,
IP,T0028,10.01,4.40,11.96,221.50,10.01,0.09,0.65,227.56,2.10,0.31,0.58,46.96,2.10,0.01,0.13,185.39,
TCPUDP,T0028,226.87,225.31,9.98,7.90,
FILE,T0028,1.05,3385.00,0.00,722349.50,23336.12,
JFSFILE,T0028,15.21,70.68,77.01,73.94,3.89,44.29,
JFSINODE,T0028,3.03,9.22,19.58,4.34,0.02,2.26,
LPAR,T0028,0.20,3.00,12.00,64.00,2.00,128.00,45.96,0.31,0.31,1.00,
ZZZZ,T0029,02:27:19,21-Sep-2019,,
CPU_ALL,T0029,2.89,3.08,0.01,94.02,12.00,
CPU011,T0029,0.00,0.64,0.00,99.36,
CPU010,T0029,0.00,0.64,0.00,99.36,
CPU09,T0029,0.00,0.71,0.00,99.29,
CPU08,T0029,0.00,55.56,0.00,44.44,
CPU07,T0029,0.00,0.62,0.00,99.38,
CPU06,T0029,0.00,0.66,0.00,99.34,
CPU05,T0029,0.00,0.70,0.00,99.30,
CPU04,T0029,0.00,54.59,0.00,45.41,
CPU03,T0029,0.96,2.20,0.00,96.84,
CPU02,T0029,0.45,3.52,0.00,96.03,
CPU01,T0029,7.94,9.00,0.02,83.04,
