CPU_ALL,CPU Total ,User%,Sys%,Wait%,Idle%,CPUs,
CPU011,CPU Total ,User%,Sys%,Wait%,Idle%,
CPU010,CPU Total ,User%,Sys%,Wait%,Idle%,
CPU09,CPU Total ,User%,Sys%,Wait%,Idle%,
CPU08,CPU Total ,User%,Sys%,Wait%,Idle%,
CPU07,CPU Total ,User%,Sys%,Wait%,Idle%,
CPU06,CPU Total ,User%,Sys%,Wait%,Idle%,
CPU05,CPU Total ,User%,Sys%,Wait%,Idle%,
CPU04,CPU Total ,User%,Sys%,Wait%,Idle%,
CPU03,CPU Total ,User%,Sys%,Wait%,Idle%,
CPU02,CPU Total ,User%,Sys%,Wait%,Idle%,
CPU01,CPU Total ,User%,Sys%,Wait%,Idle%,
CPU00,CPU Total ,User%,Sys%,Wait%,Idle%,
DISKBUSY,Disk %Busy ,hdisk1,hdisk99,hdisk0,
DISKREAD,Disk Read 512 bytes per sec ,hdisk1,hdisk99,hdisk0,
DISKWRITE,Disk Write 512 bytes per sec ,hdisk1,hdisk99,hdisk0,
DISKXFER,Disk transfers per second ,hdisk1,hdisk99,hdisk0,
DISKSERV,Disk Avg service time/transfer ,hdisk1,hdisk99,hdisk0,
DISKWAIT,Average wait queue time for read/write transfers,hdisk1,hdisk99,hdisk0,
MEMREAL,Real Memory Statistics,Size 4k pages,free frames 4k,%pinned,%comp,%noncomp,%client,
MEMVIRT,PgSp / Virtual Memory Statistics,PageSpace,%free,%used,pagein,pageout,pgspgin,pgspgout,sio,totfaults,steal,
PROC,Processes ,Runnable,Swap-in,pswitch,syscall,read,write,fork,exec,loadavg,utilavg,numprocs,
LAN,LAN Interfaces Statistics,ent0/kbytesout,ent2/kbytesout,ent1/kbytesout,ent0/kbytesin,ent2/kbytesin,ent1/kbytesin,ent0/framesout,ent2/framesout,ent1/framesout,ent0/framesin,ent2/framesin,ent1/framesin,ent0/recvdrops,ent2/recvdrops,ent1/recvdrops,
IP,IP Statistics for network interface,lo0/ipacket,en2/ipacket,en1/ipacket,en0/ipacket,lo0/opacket,en2/opacket,en1/opacket,en0/opacket,lo0/ioctet_kb,en2/ioctet_kb,en1/ioctet_kb,en0/ioctet_kb,lo0/ooctet_kb,en2/ooctet_kb,en1/ooctet_kb,en0/ooctet_kb,
TCPUDP,IP Protocol statistics,TCPSendTot,TCPRcvTot,UDPSnddgrm,UDPRcvdgrm,
FILE,File I/O ,iget,namei,dirblk,readch,writech,
JFSFILE,JFS Filespace %Used,/,/home,/usr,/var,/tmp,/opt,
JFSINODE,JFS Inode %Used,/,/home,/usr,/var,/tmp,opt,
LPAR,LPAR Stats,PhysicalCPU,VirtualCPUs,LogicalCPUs,poolCPUS,entitled,weight,poolIdle,UsedAllCPU%,UsedPoolCPU%,SharedCPU,
ZZZZ,T0001,00:08:54,30-Sep-2019,,
CPU_ALL,T0001,2.75,2.63,0.00,94.62,12.00,
CPU011,T0001,0.00,1.48,0.00,98.52,
CPU010,T0001,0.00,1.53,0.00,98.47,
CPU09,T0001,0.00,1.64,0.00,98.36,
CPU08,T0001,14.65,41.15,0.00,44.20,
CPU07,T0001,0.00,1.84,0.00,98.16,
CPU06,T0001,0.00,1.96,0.00,98.04,
CPU05,T0001,0.00,2.16,0.00,97.84,
CPU04,T0001,6.45,44.92,0.00,48.63,
CPU03,T0001,1.57,1.76,0.00,96.67,
CPU02,T0001,1.19,1.37,0.01,97.42,
CPU01,T0001,9.96,9.79,0.02,80.22,
CPU00,T0001,49.40,47.17,0.01,3.43,
DISKBUSY,T0001,0.00,0.00,0.00,
DISKREAD,T0001,7.04,7.02,0.00,
DISKWRITE,T0001,8.96,63.36,0.00,
DISKXFER,T0001,0.98,6.91,0.00,
DISKSERV,T0001,0.00,0.00,0.00,
DISKWAIT,T0001,0.00,0.00,0.00,
MEMREAL,T0001,9437184.00,30518.40,15.46,48.54,51.13,47.72,
MEMVIRT,T0001,2097152.00,99.39,0.61,1.41,2.21,0.00,0.00,2.30,2284.71,0.00,
PROC,T0001,12.45,0.00,5181.26,15410.26,546.11,137.84,12.15,11.46,37.60,2.00,122.40,
LAN,T0001,112.01,0.01,0.13,10.69,0.34,0.18,45.93,0.05,0.70,40.47,3.86,1.95,0.00,0.00,0.00,
IP,T0001,10.52,3.74,1.95,40.47,10.52,0.05,0.70,45.92,2.10,0.26,0.15,10.14,2.10,0.00,0.13,112.01,
TCPUDP,T0001,46.08,44.65,10.35,7.71,
FILE,T0001,1.06,3365.60,0.00,879329.44,23571.60,
JFSFILE,T0001,15.20,71.09,77.01,74.08,3.90,44.17,
JFSINODE,T0001,3.03,9.42,19.58,4.36,0.02,2.25,
LPAR,T0001,0.19,3.00,12.00,64.00,2.00,128.00,54.59,0.30,0.30,1.00,
ZZZZ,T0002,00:13:54,30-Sep-2019,,
CPU_ALL,T0002,16.78,4.84,0.00,78.38,12.00,
CPU011,T0002,0.00,0.96,0.00,99.04,
CPU010,T0002,0.00,0.84,0.00,99.16,
CPU09,T0002,0.00,0.93,0.00,99.07,
CPU08,T0002,12.95,43.42,0.00,43.63,
CPU07,T0002,0.00,1.82,0.00,98.17,
CPU06,T0002,0.00,1.97,0.00,98.03,
CPU05,T0002,9.68,3.67,0.00,86.64,
CPU04,T0002,49.49,25.96,0.00,24.55,
CPU03,T0002,0.06,1.82,0.02,98.10,
CPU02,T0002,0.15,2.37,0.00,97.49,
CPU01,T0002,12.41,6.85,0.02,80.71,
CPU00,T0002,64.88,31.42,0.00,3.69,
DISKBUSY,T0002,0.00,0.80,0.00,
DISKREAD,T0002,14.06,9985.75,0.00,
DISKWRITE,T0002,8.51,56.68,0.00,
DISKXFER,T0002,0.99,31.38,0.00,
DISKSERV,T0002,0.00,0.00,0.00,
DISKWAIT,T0002,0.00,0.00,0.00,
MEMREAL,T0002,9437184.00,17333.40,15.46,48.56,51.26,48.01,
MEMVIRT,T0002,2097152.00,99.39,0.61,1246.49,2.22,0.00,0.00,1248.47,2254.01,1183.65,
PROC,T0002,7.55,0.00,8041.71,27494.54,3513.95,4196.35,12.17,11.48,58.60,7.60,124.20,
LAN,T0002,22511.10,0.01,0.13,222.92,0.34,0.23,751.63,0.07,0.63,3231.95,4.01,2.75,0.00,0.00,0.00,
IP,T0002,9.98,3.89,2.75,3231.95,9.98,0.07,0.63,751.62,1.95,0.26,0.19,178.73,1.95,0.01,0.13,9851.70,
TCPUDP,T0002,751.60,3235.60,9.99,7.59,
FILE,T0002,0.95,3250.14,0.00,10646788.00,9959266.00,
JFSFILE,T0002,15.20,71.09,77.01,74.08,3.90,44.17,
JFSINODE,T0002,3.03,9.42,19.58,4.36,0.02,2.25,
LPAR,T0002,0.76,3.00,12.00,64.00,2.00,128.00,55.09,1.18,1.18,1.00,
ZZZZ,T0003,00:18:54,30-Sep-2019,,
CPU_ALL,T0003,5.73,2.95,0.00,91.32,12.00,
CPU011,T0003,0.00,1.55,0.00,98.45,
CPU010,T0003,0.00,1.48,0.00,98.52,
CPU09,T0003,0.00,1.63,0.00,98.37,
CPU08,T0003,0.00,46.62,0.00,53.38,
CPU07,T0003,0.00,1.94,0.00,98.06,
CPU06,T0003,0.00,2.01,0.00,97.99,
CPU05,T0003,1.90,3.01,0.01,95.08,
CPU04,T0003,16.96,36.39,0.00,46.64,
CPU03,T0003,0.40,0.95,0.00,98.65,
CPU02,T0003,0.69,2.50,0.00,96.80,
CPU01,T0003,10.15,9.38,0.00,80.47,
CPU00,T0003,54.03,42.58,0.00,3.39,
DISKBUSY,T0003,0.00,0.00,0.00,
DISKREAD,T0003,7.07,7.02,0.00,
DISKWRITE,T0003,7.44,58.99,0.00,
DISKXFER,T0003,0.88,6.27,0.00,
DISKSERV,T0003,0.00,0.00,0.00,
DISKWAIT,T0003,0.00,0.00,0.00,
MEMREAL,T0003,9437184.00,12083.40,15.46,48.54,51.33,48.18,
MEMVIRT,T0003,2097152.00,99.39,0.61,0.33,1.82,0.00,0.00,1.85,2249.30,2.03,
PROC,T0003,7.45,0.00,5596.74,17536.21,1178.66,1065.44,12.17,11.48,44.20,2.80,122.40,
LAN,T0003,5057.58,0.00,0.13,56.04,0.35,0.18,198.76,0.05,0.66,742.83,3.85,2.05,0.00,0.00,0.00,
IP,T0003,9.84,3.73,2.05,742.83,9.84,0.05,0.66,198.76,1.98,0.27,0.16,45.89,1.98,0.00,0.13,5057.58,
TCPUDP,T0003,198.54,746.41,10.02,7.67,
FILE,T0003,0.93,3253.20,0.00,3711119.50,2966833.00,
JFSFILE,T0003,15.20,71.09,77.01,74.08,3.90,44.18,
JFSINODE,T0003,3.03,9.42,19.58,4.36,0.02,2.25,
LPAR,T0003,0.31,3.00,12.00,64.00,2.00,128.00,55.54,0.48,0.48,1.00,
ZZZZ,T0004,00:23:54,30-Sep-2019,,
CPU_ALL,T0004,2.53,2.57,0.01,94.90,12.00,
CPU011,T0004,0.00,1.75,0.00,98.25,
CPU010,T0004,0.00,1.75,0.00,98.25,
CPU09,T0004,0.00,1.95,0.00,98.05,
CPU08,T0004,0.00,45.79,0.00,54.21,
CPU07,T0004,0.00,1.95,0.00,98.05,
CPU06,T0004,0.00,2.00,0.00,98.00,
CPU05,T0004,0.00,2.19,0.00,97.81,
CPU04,T0004,0.00,42.80,0.00,57.20,
CPU03,T0004,1.05,1.26,0.00,97.70,
CPU02,T0004,0.97,0.93,0.00,98.10,
CPU01,T0004,6.98,10.32,0.00,82.69,
CPU00,T0004,48.56,48.26,0.01,3.18,
DISKBUSY,T0004,0.00,0.00,0.00,
DISKREAD,T0004,14.09,14.06,0.00,
DISKWRITE,T0004,6.35,54.69,0.00,
DISKXFER,T0004,0.82,6.03,0.00,
DISKSERV,T0004,0.00,0.00,0.00,
DISKWAIT,T0004,0.00,0.00,0.00,
MEMREAL,T0004,9437184.00,11792.60,15.46,48.54,51.33,48.18,
MEMVIRT,T0004,2097152.00,99.40,0.60,2.83,2.33,0.00,0.00,2.13,2228.22,0.00,
PROC,T0004,7.03,0.00,4872.83,14908.03,553.08,130.26,12.16,11.47,37.60,2.00,123.00,
LAN,T0004,116.73,0.00,0.11,14.89,0.34,0.62,46.85,0.06,0.52,42.60,3.96,9.78,0.00,0.00,0.00,
IP,T0004,10.16,3.84,9.78,42.60,10.16,0.06,0.52,46.84,2.15,0.26,0.49,14.30,2.15,0.01,0.11,116.73,
TCPUDP,T0004,46.90,46.20,9.94,7.63,
FILE,T0004,0.95,3331.21,0.00,838465.69,25933.61,
JFSFILE,T0004,15.20,71.09,77.01,74.09,3.90,44.18,
JFSINODE,T0004,3.03,9.42,19.58,4.36,0.02,2.25,
LPAR,T0004,0.18,3.00,12.00,64.00,2.00,128.00,55.57,0.28,0.28,1.00,
ZZZZ,T0005,00:28:54,30-Sep-2019,,
CPU_ALL,T0005,2.49,2.59,0.00,94.92,12.00,
CPU011,T0005,0.00,1.89,0.00,98.11,
CPU010,T0005,0.00,1.81,0.00,98.19,
CPU09,T0005,0.00,2.01,0.00,97.99,
CPU08,T0005,0.00,45.90,0.00,54.10,
CPU07,T0005,0.00,1.92,0.00,98.08,
CPU06,T0005,0.00,2.05,0.00,97.95,
CPU05,T0005,0.00,2.29,0.00,97.71,
CPU04,T0005,0.00,42.92,0.00,57.08,
CPU03,T0005,0.50,0.75,0.00,98.75,
CPU02,T0005,0.91,1.17,0.00,97.92,
CPU01,T0005,9.10,10.87,0.01,80.02,
CPU00,T0005,47.75,49.05,0.01,3.20,
DISKBUSY,T0005,0.00,0.00,0.00,
DISKREAD,T0005,7.04,7.02,0.00,
DISKWRITE,T0005,6.96,58.11,0.00,
DISKXFER,T0005,0.86,6.28,0.00,
DISKSERV,T0005,0.00,0.00,0.00,
DISKWAIT,T0005,0.00,0.00,0.00,
MEMREAL,T0005,9437184.00,11608.80,15.46,48.54,51.33,48.19,
MEMVIRT,T0005,2097152.00,99.39,0.61,0.35,1.77,0.00,0.01,1.68,2238.67,0.00,
PROC,T0005,8.70,0.00,4848.97,15120.81,543.40,94.20,12.14,11.45,40.00,2.00,122.40,
LAN,T0005,110.45,0.00,0.13,8.96,0.37,0.74,43.43,0.04,0.63,38.39,3.96,11.87,0.00,0.00,0.00,
IP,T0005,9.59,3.84,11.87,38.39,9.59,0.04,0.63,43.43,1.76,0.28,0.58,8.44,1.76,0.00,0.13,110.45,
TCPUDP,T0005,42.83,41.69,9.97,7.81,
FILE,T0005,0.90,3433.98,0.00,885297.38,19478.75,
JFSFILE,T0005,15.20,71.09,77.01,74.09,3.90,44.18,
JFSINODE,T0005,3.03,9.42,19.58,4.36,0.02,2.25,
LPAR,T0005,0.18,3.00,12.00,64.00,2.00,128.00,54.86,0.28,0.28,1.00,
ZZZZ,T0006,00:33:54,30-Sep-2019,,
CPU_ALL,T0006,2.53,2.54,0.00,94.93,12.00,
CPU011,T0006,0.00,2.01,0.00,97.99,
CPU010,T0006,0.00,2.00,0.00,98.00,
CPU09,T0006,0.00,2.21,0.00,97.79,
CPU08,T0006,0.00,45.64,0.00,54.36,
CPU07,T0006,0.00,1.94,0.00,98.06,
CPU06,T0006,0.00,1.93,0.00,98.07,
CPU05,T0006,0.00,2.12,0.00,97.88,
CPU04,T0006,0.00,44.38,0.00,55.62,
CPU03,T0006,0.67,2.24,0.00,97.09,
CPU02,T0006,0.85,0.85,0.00,98.29,
CPU01,T0006,8.28,8.22,0.06,83.44,
CPU00,T0006,48.66,48.22,0.00,3.11,
DISKBUSY,T0006,0.00,0.00,0.00,
DISKREAD,T0006,14.06,14.22,0.00,
DISKWRITE,T0006,7.04,51.49,0.00,
DISKXFER,T0006,0.89,5.64,0.00,
DISKSERV,T0006,0.00,0.00,0.00,
DISKWAIT,T0006,0.00,0.00,0.00,
MEMREAL,T0006,9437184.00,11517.20,15.46,48.54,51.33,48.19,
MEMVIRT,T0006,2097152.00,99.39,0.61,1.01,1.64,0.00,0.00,1.73,2204.00,0.00,
PROC,T0006,10.96,0.00,4865.85,14506.03,518.88,171.38,12.15,11.46,36.40,2.00,122.40,
LAN,T0006,111.83,0.01,0.13,10.70,0.35,0.37,46.22,0.08,0.65,41.23,4.05,5.35,0.00,0.00,0.00,
IP,T0006,10.06,3.93,5.35,41.23,10.06,0.08,0.65,46.22,2.11,0.27,0.30,10.14,2.11,0.01,0.13,111.83,
TCPUDP,T0006,46.20,44.99,9.71,7.69,
FILE,T0006,0.86,3247.26,0.00,730238.62,21745.95,
JFSFILE,T0006,15.20,71.09,77.01,74.09,3.90,44.19,
JFSINODE,T0006,3.03,9.42,19.58,4.37,0.02,2.25,
LPAR,T0006,0.18,3.00,12.00,64.00,2.00,128.00,53.20,0.28,0.28,1.00,
ZZZZ,T0007,00:38:54,30-Sep-2019,,
CPU_ALL,T0007,2.63,2.57,0.00,94.80,12.00,
CPU011,T0007,0.00,1.58,0.00,98.42,
CPU010,T0007,0.00,1.57,0.00,98.43,
CPU09,T0007,0.00,1.76,0.00,98.24,
CPU08,T0007,10.44,42.98,0.00,46.59,
CPU07,T0007,0.00,2.03,0.00,97.97,
CPU06,T0007,0.00,2.11,0.00,97.89,
CPU05,T0007,0.00,2.28,0.00,97.72,
CPU04,T0007,4.65,42.28,0.00,53.07,
CPU03,T0007,1.03,1.24,0.04,97.69,
CPU02,T0007,1.38,1.15,0.05,97.42,
CPU01,T0007,10.49,10.95,0.02,78.53,
CPU00,T0007,48.95,47.65,0.01,3.40,
DISKBUSY,T0007,0.00,0.00,0.00,
DISKREAD,T0007,7.04,7.18,0.00,
DISKWRITE,T0007,6.27,66.00,0.00,
DISKXFER,T0007,0.78,7.10,0.00,
DISKSERV,T0007,0.00,0.00,0.00,
DISKWAIT,T0007,0.00,0.00,0.00,
MEMREAL,T0007,9437184.00,11905.80,15.46,48.54,51.33,48.18,
MEMVIRT,T0007,2097152.00,99.40,0.60,0.35,2.12,0.00,0.00,2.15,2279.61,2.58,
PROC,T0007,9.80,0.00,4866.13,14965.35,542.88,135.60,12.18,11.49,35.00,2.00,123.00,
LAN,T0007,110.53,0.00,0.13,8.84,0.34,0.20,44.33,0.05,0.67,38.64,3.82,2.35,0.00,0.00,0.00,
IP,T0007,9.74,3.71,2.35,38.64,9.74,0.05,0.67,44.33,1.86,0.26,0.17,8.31,1.86,0.00,0.13,110.53,
TCPUDP,T0007,43.29,42.06,10.35,7.69,
FILE,T0007,1.05,3377.54,0.00,877538.81,21444.77,
JFSFILE,T0007,15.20,71.09,77.01,74.10,3.90,44.19,
JFSINODE,T0007,3.03,9.42,19.58,4.36,0.02,2.25,
LPAR,T0007,0.18,3.00,12.00,64.00,2.00,128.00,55.54,0.28,0.28,1.00,
ZZZZ,T0008,00:43:54,30-Sep-2019,,
CPU_ALL,T0008,2.49,2.57,0.00,94.93,12.00,
CPU011,T0008,0.00,1.94,0.00,98.06,
CPU010,T0008,0.00,1.80,0.00,98.20,
CPU09,T0008,0.00,2.00,0.00,98.00,
CPU08,T0008,0.00,45.16,0.00,54.84,
CPU07,T0008,0.00,1.96,0.00,98.04,
CPU06,T0008,0.00,2.12,0.00,97.88,
CPU05,T0008,0.00,2.32,0.00,97.68,
CPU04,T0008,0.00,41.99,0.00,58.01,
CPU03,T0008,0.35,1.32,0.00,98.33,
CPU02,T0008,0.21,1.25,0.00,98.54,
CPU01,T0008,7.99,7.81,0.09,84.10,
CPU00,T0008,47.99,48.99,0.00,3.02,
DISKBUSY,T0008,0.00,0.00,0.00,
DISKREAD,T0008,14.09,14.06,0.00,
DISKWRITE,T0008,6.53,48.02,0.00,
DISKXFER,T0008,0.85,5.36,0.00,
DISKSERV,T0008,0.00,0.00,0.00,
DISKWAIT,T0008,0.00,0.00,0.00,
MEMREAL,T0008,9437184.00,11981.40,15.46,48.54,51.33,48.18,
MEMVIRT,T0008,2097152.00,99.40,0.60,0.01,1.45,0.00,0.00,1.45,2219.61,0.00,
PROC,T0008,8.65,0.00,4917.90,15146.38,557.84,95.41,12.16,11.47,36.60,2.00,123.00,
LAN,T0008,110.04,0.01,0.13,8.97,0.36,0.31,44.44,0.07,0.67,39.60,4.05,4.17,0.00,0.00,0.00,
IP,T0008,9.95,3.93,4.17,39.60,9.95,0.07,0.67,44.44,2.09,0.28,0.25,8.43,2.09,0.01,0.13,110.03,
TCPUDP,T0008,44.32,42.99,9.65,7.73,
FILE,T0008,0.82,3376.82,0.00,872383.50,19762.28,
JFSFILE,T0008,15.20,71.09,77.01,74.10,3.90,44.20,
JFSINODE,T0008,3.03,9.42,19.58,4.36,0.02,2.25,
LPAR,T0008,0.18,3.00,12.00,64.00,2.00,128.00,55.31,0.28,0.28,1.00,
ZZZZ,T0009,00:48:55,30-Sep-2019,,
CPU_ALL,T0009,2.60,2.57,0.00,94.83,12.00,
CPU011,T0009,0.00,1.88,0.00,98.12,
CPU010,T0009,0.00,1.81,0.00,98.19,
CPU09,T0009,0.00,2.03,0.00,97.97,
CPU08,T0009,0.00,45.30,0.00,54.70,
CPU07,T0009,0.00,1.98,0.00,98.02,
CPU06,T0009,0.00,1.94,0.00,98.06,
CPU05,T0009,0.00,2.15,0.00,97.85,
CPU04,T0009,0.00,41.72,0.00,58.28,
CPU03,T0009,0.56,1.10,0.00,98.34,
CPU02,T0009,0.70,1.00,0.00,98.30,
CPU01,T0009,9.33,11.35,0.00,79.31,
CPU00,T0009,49.00,47.57,0.01,3.43,
DISKBUSY,T0009,0.00,0.00,0.00,
DISKREAD,T0009,7.04,7.23,0.00,
DISKWRITE,T0009,7.81,59.11,0.00,
DISKXFER,T0009,0.90,6.30,0.00,
DISKSERV,T0009,0.00,0.00,0.00,
DISKWAIT,T0009,0.00,0.00,0.00,
MEMREAL,T0009,9437184.00,11925.60,15.46,48.54,51.33,48.18,
MEMVIRT,T0009,2097152.00,99.40,0.60,0.36,1.85,0.00,0.00,1.90,2240.94,0.00,
PROC,T0009,10.90,0.00,5153.48,15016.76,523.52,162.51,12.15,11.46,33.00,2.00,122.40,
LAN,T0009,111.12,0.00,0.13,9.73,0.38,0.53,45.47,0.05,0.69,40.32,4.12,8.13,0.00,0.00,0.00,
IP,T0009,10.16,4.01,8.13,40.32,10.16,0.05,0.69,45.47,1.99,0.30,0.42,9.18,1.99,0.00,0.13,111.12,
TCPUDP,T0009,45.15,44.12,10.04,8.03,
FILE,T0009,0.92,3307.81,0.00,781474.81,21443.19,
JFSFILE,T0009,15.20,71.09,77.01,74.10,3.90,44.20,
JFSINODE,T0009,3.03,9.42,19.58,4.37,0.02,2.25,
LPAR,T0009,0.18,3.00,12.00,64.00,2.00,128.00,55.76,0.28,0.28,1.00,
ZZZZ,T0010,00:53:55,30-Sep-2019,,
CPU_ALL,T0010,2.56,2.59,0.00,94.85,12.00,
CPU011,T0010,0.00,1.84,0.00,98.16,
CPU010,T0010,0.00,1.88,0.00,98.12,
CPU09,T0010,0.00,2.12,0.00,97.88,
CPU08,T0010,0.00,45.07,0.00,54.93,
CPU07,T0010,0.00,2.01,0.00,97.99,
CPU06,T0010,0.00,2.05,0.00,97.95,
CPU05,T0010,0.00,2.29,0.00,97.71,
CPU04,T0010,0.00,40.88,0.00,59.12,
CPU03,T0010,0.57,0.72,0.01,98.71,
CPU02,T0010,0.39,0.80,0.00,98.81,
CPU01,T0010,8.72,8.94,0.02,82.32,
CPU00,T0010,48.32,48.40,0.01,3.27,
DISKBUSY,T0010,0.00,0.00,0.00,
DISKREAD,T0010,14.06,14.09,0.00,
DISKWRITE,T0010,8.29,56.47,0.00,
DISKXFER,T0010,0.96,6.20,0.00,
DISKSERV,T0010,0.00,0.00,0.00,
DISKWAIT,T0010,0.00,0.00,0.00,
MEMREAL,T0010,9437184.00,11699.00,15.46,48.54,51.33,48.18,
MEMVIRT,T0010,2097152.00,99.39,0.61,0.66,2.04,0.00,0.00,2.09,2220.17,0.00,
PROC,T0010,9.34,0.00,5214.36,14915.50,528.30,136.30,12.18,11.49,36.60,2.00,123.00,
LAN,T0010,110.49,0.01,0.13,9.21,0.36,0.20,44.85,0.09,0.65,39.69,4.01,2.36,0.00,0.00,0.00,
IP,T0010,9.87,3.90,2.36,39.69,9.87,0.09,0.65,44.85,1.89,0.27,0.17,8.66,1.89,0.01,0.13,110.49,
TCPUDP,T0010,44.40,43.25,9.90,7.66,
FILE,T0010,0.95,3322.55,0.00,769723.19,21279.45,
JFSFILE,T0010,15.20,71.09,77.01,74.10,3.90,44.20,
JFSINODE,T0010,3.03,9.42,19.58,4.37,0.02,2.25,
LPAR,T0010,0.18,3.00,12.00,64.00,2.00,128.00,55.55,0.28,0.28,1.00,
ZZZZ,T0011,00:58:55,30-Sep-2019,,
CPU_ALL,T0011,2.58,2.61,0.01,94.79,12.00,
CPU011,T0011,0.00,1.88,0.00,98.12,
CPU010,T0011,0.00,1.79,0.00,98.21,
CPU09,T0011,0.00,2.01,0.00,97.99,
CPU08,T0011,0.00,45.13,0.00,54.87,
CPU07,T0011,0.00,1.93,0.00,98.07,
CPU06,T0011,0.00,2.06,0.00,97.94,
CPU05,T0011,0.00,2.32,0.00,97.68,
CPU04,T0011,0.00,41.36,0.00,58.64,
CPU03,T0011,0.40,0.85,0.00,98.75,
CPU02,T0011,0.50,0.78,0.01,98.71,
CPU01,T0011,9.46,9.72,0.06,80.76,
CPU00,T0011,48.27,48.46,0.01,3.26,
DISKBUSY,T0011,0.00,0.00,0.00,
DISKREAD,T0011,7.07,7.10,0.00,
DISKWRITE,T0011,8.56,56.17,0.00,
DISKXFER,T0011,0.97,6.10,0.00,
DISKSERV,T0011,0.00,0.00,0.00,
DISKWAIT,T0011,0.00,0.00,0.00,
MEMREAL,T0011,9437184.00,11575.80,15.46,48.54,51.33,48.19,
MEMVIRT,T0011,2097152.00,99.40,0.60,0.37,2.04,0.00,0.00,1.86,2254.17,0.00,
PROC,T0011,9.55,0.00,5201.40,15722.90,557.26,105.66,12.17,11.48,38.60,2.00,123.00,
LAN,T0011,112.23,0.01,0.13,10.02,0.35,0.18,45.39,0.05,0.67,40.58,3.88,2.01,0.00,0.00,0.00,
IP,T0011,10.56,3.77,2.01,40.58,10.56,0.05,0.67,45.38,2.07,0.27,0.16,9.46,2.07,0.01,0.13,112.22,
TCPUDP,T0011,45.65,44.77,10.04,7.77,
FILE,T0011,0.91,3376.07,0.00,924529.31,21790.32,
JFSFILE,T0011,15.20,71.09,77.01,74.10,3.90,44.21,
JFSINODE,T0011,3.03,9.42,19.58,4.37,0.02,2.25,
LPAR,T0011,0.18,3.00,12.00,64.00,2.00,128.00,55.22,0.29,0.29,1.00,
ZZZZ,T0012,01:03:55,30-Sep-2019,,
CPU_ALL,T0012,2.60,2.60,0.00,94.80,12.00,
CPU011,T0012,0.00,1.87,0.00,98.13,
CPU010,T0012,0.00,1.85,0.00,98.15,
CPU09,T0012,0.00,2.07,0.00,97.93,
CPU08,T0012,0.00,46.21,0.00,53.79,
CPU07,T0012,0.00,2.01,0.00,97.99,
CPU06,T0012,0.00,1.98,0.00,98.02,
CPU05,T0012,0.00,2.20,0.00,97.80,
CPU04,T0012,0.00,42.19,0.00,57.81,
CPU03,T0012,0.83,1.63,0.00,97.53,
CPU02,T0012,0.81,0.95,0.00,98.24,
CPU01,T0012,8.98,10.80,0.05,80.17,
CPU00,T0012,48.79,47.83,0.00,3.38,
DISKBUSY,T0012,0.00,0.00,0.00,
DISKREAD,T0012,7.04,7.02,0.00,
DISKWRITE,T0012,8.43,51.08,0.00,
DISKXFER,T0012,0.94,5.54,0.00,
DISKSERV,T0012,0.00,0.00,0.00,
DISKWAIT,T0012,0.00,0.00,0.00,
MEMREAL,T0012,9437184.00,11402.20,15.46,48.54,51.33,48.19,
MEMVIRT,T0012,2097152.00,99.40,0.60,0.33,1.78,0.00,0.00,1.79,2223.43,0.00,
PROC,T0012,10.02,0.20,5197.37,15147.15,533.95,157.75,12.15,11.46,40.00,2.00,123.00,
LAN,T0012,110.91,0.00,0.13,9.79,0.36,0.20,45.64,0.07,0.69,41.03,4.13,2.27,0.00,0.00,0.00,
IP,T0012,10.34,4.02,2.27,41.03,10.34,0.07,0.69,45.64,2.17,0.27,0.17,9.23,2.17,0.01,0.13,110.91,
TCPUDP,T0012,46.30,44.86,9.65,7.78,
FILE,T0012,0.83,3324.68,0.00,747428.31,21811.02,
JFSFILE,T0012,15.21,71.09,77.01,74.11,3.90,44.21,
JFSINODE,T0012,3.03,9.42,19.58,4.37,0.02,2.25,
LPAR,T0012,0.18,3.00,12.00,64.00,2.00,128.00,53.44,0.29,0.29,1.00,
ZZZZ,T0013,01:08:55,30-Sep-2019,,
CPU_ALL,T0013,2.97,2.75,0.01,94.27,12.00,
CPU011,T0013,0.00,1.47,0.00,98.53,
CPU010,T0013,0.00,1.47,0.00,98.53,
CPU09,T0013,0.28,1.91,0.00,97.81,
CPU08,T0013,23.78,40.36,0.02,35.85,
CPU07,T0013,0.00,1.64,0.00,98.36,
CPU06,T0013,0.00,1.63,0.00,98.37,
CPU05,T0013,0.00,1.82,0.00,98.18,
CPU04,T0013,20.27,41.60,0.02,38.11,
CPU03,T0013,0.67,0.96,0.01,98.36,
CPU02,T0013,0.77,1.17,0.00,98.06,
CPU01,T0013,12.91,11.49,0.06,75.53,
CPU00,T0013,50.08,46.48,0.02,3.42,
DISKBUSY,T0013,0.00,0.20,0.00,
DISKREAD,T0013,498.19,753.93,0.00,
DISKWRITE,T0013,8.64,95.71,0.00,
DISKXFER,T0013,3.30,14.22,0.00,
DISKSERV,T0013,0.00,0.00,0.00,
DISKWAIT,T0013,0.00,0.00,0.00,
MEMREAL,T0013,9437184.00,12073.00,15.46,48.54,51.33,48.18,
MEMVIRT,T0013,2097152.00,99.39,0.61,0.50,3.06,0.00,0.00,3.23,3243.52,3.57,
PROC,T0013,8.59,0.00,5244.13,15733.83,612.51,236.14,16.54,15.94,41.20,2.00,122.40,
LAN,T0013,111.96,0.01,0.12,9.49,0.34,0.28,48.62,0.04,0.60,40.16,3.82,3.72,0.00,0.00,0.00,
IP,T0013,11.71,3.71,3.72,40.16,11.71,0.04,0.60,48.62,2.12,0.26,0.23,8.94,2.12,0.00,0.12,111.96,
TCPUDP,T0013,46.66,45.23,13.86,8.02,
FILE,T0013,2.30,3367.19,0.00,1509974.25,27231.26,
JFSFILE,T0013,15.21,71.10,77.01,74.11,3.90,44.22,
JFSINODE,T0013,3.03,9.42,19.58,4.37,0.02,2.25,
LPAR,T0013,0.20,3.00,12.00,64.00,2.00,128.00,53.76,0.31,0.31,1.00,
ZZZZ,T0014,01:13:55,30-Sep-2019,,
CPU_ALL,T0014,2.55,2.57,0.01,94.87,12.00,
CPU011,T0014,0.00,1.87,0.00,98.13,
CPU010,T0014,0.00,1.77,0.00,98.23,
CPU09,T0014,0.00,1.97,0.00,98.03,
CPU08,T0014,0.00,45.43,0.00,54.57,
CPU07,T0014,0.00,1.98,0.00,98.02,
CPU06,T0014,0.00,2.11,0.00,97.89,
CPU05,T0014,0.00,2.35,0.00,97.65,
CPU04,T0014,0.00,42.04,0.00,57.96,
CPU03,T0014,0.47,0.64,0.00,98.89,
CPU02,T0014,1.12,0.91,0.00,97.98,
CPU01,T0014,7.12,8.85,0.10,83.93,
CPU00,T0014,48.61,48.32,0.01,3.07,
DISKBUSY,T0014,0.00,0.00,0.00,
DISKREAD,T0014,7.07,8.32,0.00,
DISKWRITE,T0014,7.39,53.97,0.00,
DISKXFER,T0014,0.87,6.14,0.00,
DISKSERV,T0014,0.00,0.00,0.00,
DISKWAIT,T0014,0.00,0.00,0.00,
MEMREAL,T0014,9437184.00,12194.20,15.46,48.54,51.33,48.18,
MEMVIRT,T0014,2097152.00,99.39,0.61,0.17,1.80,0.00,0.00,1.96,2206.82,0.00,
PROC,T0014,8.96,0.00,5033.40,14738.94,530.39,129.42,12.13,11.43,34.60,2.00,122.40,
LAN,T0014,111.75,0.01,0.14,9.26,0.34,0.34,44.53,0.09,0.73,39.57,3.95,4.78,0.00,0.00,0.00,
IP,T0014,10.02,3.83,4.78,39.57,10.02,0.09,0.73,44.53,2.06,0.26,0.28,8.72,2.06,0.01,0.14,111.75,
TCPUDP,T0014,44.86,43.29,9.87,7.58,
FILE,T0014,0.93,3323.94,0.00,772630.19,20458.20,
JFSFILE,T0014,15.21,71.10,77.01,74.11,3.90,44.22,
JFSINODE,T0014,3.03,9.42,19.58,4.37,0.02,2.25,
LPAR,T0014,0.18,3.00,12.00,64.00,2.00,128.00,54.24,0.28,0.28,1.00,
ZZZZ,T0015,01:18:55,30-Sep-2019,,
CPU_ALL,T0015,2.59,2.54,0.00,94.87,12.00,
CPU011,T0015,0.00,1.96,0.00,98.04,
CPU010,T0015,0.00,1.87,0.00,98.13,
CPU09,T0015,0.00,2.09,0.00,97.91,
CPU08,T0015,0.00,46.46,0.00,53.54,
CPU07,T0015,0.00,2.01,0.00,97.99,
CPU06,T0015,0.00,2.02,0.00,97.98,
CPU05,T0015,0.00,2.22,0.00,97.78,
CPU04,T0015,0.00,45.27,0.00,54.73,
CPU03,T0015,0.67,0.71,0.00,98.62,
CPU02,T0015,2.58,1.47,0.00,95.94,
CPU01,T0015,7.81,8.82,0.01,83.37,
CPU00,T0015,48.99,47.87,0.01,3.13,
DISKBUSY,T0015,0.00,0.00,0.00,
DISKREAD,T0015,14.06,14.06,0.00,
DISKWRITE,T0015,6.29,64.65,0.00,
DISKXFER,T0015,0.82,7.15,0.00,
DISKSERV,T0015,0.00,0.00,0.00,
DISKWAIT,T0015,0.00,0.00,0.00,
MEMREAL,T0015,9437184.00,11955.20,15.46,48.54,51.33,48.18,
MEMVIRT,T0015,2097152.00,99.40,0.60,0.99,2.33,0.00,0.00,2.41,2261.00,0.00,
PROC,T0015,11.81,0.00,4883.39,14463.44,522.88,274.04,12.20,11.51,40.00,2.00,123.00,
LAN,T0015,111.89,0.00,0.15,10.15,0.34,0.20,45.48,0.05,0.84,39.69,3.81,2.14,0.00,0.00,0.00,
IP,T0015,9.90,3.69,2.14,39.69,9.90,0.05,0.84,45.48,1.96,0.26,0.17,9.61,1.96,0.00,0.15,111.89,
TCPUDP,T0015,44.96,43.18,10.55,7.73,
FILE,T0015,1.11,3154.82,0.00,761624.19,24617.56,
JFSFILE,T0015,15.21,71.10,77.01,74.12,3.90,44.23,
JFSINODE,T0015,3.03,9.42,19.58,4.37,0.02,2.25,
LPAR,T0015,0.18,3.00,12.00,64.00,2.00,128.00,52.63,0.28,0.28,1.00,
ZZZZ,T0016,01:23:55,30-Sep-2019,,
CPU_ALL,T0016,1.91,2.42,0.00,95.66,12.00,
CPU011,T0016,0.00,1.90,0.00,98.10,
CPU010,T0016,0.00,1.95,0.00,98.05,
CPU09,T0016,0.00,2.19,0.00,97.81,
CPU08,T0016,0.00,45.84,0.00,54.16,
CPU07,T0016,0.00,2.12,0.00,97.88,
CPU06,T0016,0.00,2.21,0.00,97.79,
CPU05,T0016,0.00,2.44,0.00,97.56,
CPU04,T0016,0.00,42.22,0.00,57.78,
CPU03,T0016,0.34,1.53,0.00,98.12,
CPU02,T0016,1.42,1.98,0.00,96.60,
CPU01,T0016,6.49,10.16,0.00,83.34,
CPU00,T0016,42.74,53.51,0.01,3.74,
DISKBUSY,T0016,0.00,0.00,0.00,
DISKREAD,T0016,7.07,7.02,0.00,
DISKWRITE,T0016,6.53,60.24,0.00,
DISKXFER,T0016,0.81,6.81,0.00,
DISKSERV,T0016,0.00,0.00,0.00,
DISKWAIT,T0016,0.00,0.00,0.00,
MEMREAL,T0016,9437184.00,11827.00,15.46,48.54,51.33,48.19,
MEMVIRT,T0016,2097152.00,99.39,0.61,0.33,2.28,0.00,0.00,2.30,2206.48,0.00,
PROC,T0016,7.85,0.00,4958.70,12024.19,470.59,275.16,12.11,11.42,32.00,1.80,123.00,
LAN,T0016,110.19,0.01,0.14,8.55,0.34,0.20,43.40,0.09,0.79,37.98,3.96,2.14,0.00,0.00,0.00,
IP,T0016,9.38,3.84,2.14,37.98,9.38,0.09,0.79,43.40,1.76,0.26,0.17,8.03,1.76,0.01,0.14,110.19,
TCPUDP,T0016,43.15,40.98,9.80,7.56,
FILE,T0016,0.95,2904.80,0.00,533992.88,22366.80,
JFSFILE,T0016,15.21,71.10,77.01,74.12,3.90,44.23,
JFSINODE,T0016,3.03,9.42,19.58,4.37,0.02,2.25,
LPAR,T0016,0.15,3.00,12.00,64.00,2.00,128.00,53.20,0.24,0.24,1.00,
ZZZZ,T0017,01:28:55,30-Sep-2019,,
CPU_ALL,T0017,2.29,2.52,0.00,95.19,12.00,
CPU011,T0017,0.00,1.90,0.00,98.10,
CPU010,T0017,0.00,1.82,0.00,98.18,
CPU09,T0017,0.00,2.03,0.00,97.97,
CPU08,T0017,0.00,45.57,0.00,54.43,
CPU07,T0017,0.00,1.99,0.00,98.01,
CPU06,T0017,0.00,2.10,0.00,97.90,
CPU05,T0017,0.00,2.36,0.00,97.64,
CPU04,T0017,0.00,42.15,0.00,57.85,
CPU03,T0017,0.34,0.67,0.00,98.99,
CPU02,T0017,2.00,3.32,0.00,94.68,
CPU01,T0017,8.84,9.64,0.02,81.50,
CPU00,T0017,45.91,50.44,0.01,3.64,
DISKBUSY,T0017,0.00,0.00,0.00,
DISKREAD,T0017,14.08,14.33,0.00,
DISKWRITE,T0017,6.24,78.83,0.00,
DISKXFER,T0017,0.81,8.91,0.00,
DISKSERV,T0017,0.00,0.00,0.00,
DISKWAIT,T0017,0.00,0.00,0.00,
MEMREAL,T0017,9437184.00,11808.00,15.46,48.54,51.33,48.19,
MEMVIRT,T0017,2097152.00,99.40,0.60,0.15,3.14,0.00,0.00,3.28,2266.12,0.00,
PROC,T0017,11.01,0.00,4917.89,13898.74,521.91,443.18,12.15,11.47,37.60,1.80,122.60,
LAN,T0017,110.62,0.01,0.13,9.28,0.37,0.18,45.63,0.04,0.66,39.81,3.98,1.99,0.00,0.00,0.00,
IP,T0017,10.49,3.86,1.99,39.81,10.49,0.04,0.66,45.63,2.22,0.29,0.15,8.73,2.22,0.00,0.13,110.62,
TCPUDP,T0017,45.51,43.75,10.68,7.90,
FILE,T0017,1.20,3154.26,0.00,776291.25,26456.73,
JFSFILE,T0017,15.21,71.10,77.01,74.12,3.90,44.23,
JFSINODE,T0017,3.03,9.42,19.58,4.37,0.02,2.25,
LPAR,T0017,0.17,3.00,12.00,64.00,2.00,128.00,55.83,0.26,0.26,1.00,
ZZZZ,T0018,01:33:55,30-Sep-2019,,
CPU_ALL,T0018,2.75,2.70,0.01,94.54,12.00,
CPU011,T0018,0.00,1.56,0.00,98.44,
CPU010,T0018,0.00,1.61,0.00,98.39,
CPU09,T0018,0.00,1.84,0.00,98.16,
CPU08,T0018,10.87,44.32,0.00,44.81,
CPU07,T0018,0.00,1.81,0.00,98.19,
CPU06,T0018,0.00,1.76,0.00,98.24,
CPU05,T0018,0.01,1.92,0.00,98.07,
CPU04,T0018,10.68,42.08,0.00,47.23,
CPU03,T0018,0.62,1.04,0.00,98.34,
CPU02,T0018,2.27,1.75,0.00,95.98,
CPU01,T0018,8.29,10.28,0.10,81.33,
CPU00,T0018,49.09,47.77,0.01,3.13,
DISKBUSY,T0018,0.00,0.00,0.00,
DISKREAD,T0018,21.07,39.21,0.00,
DISKWRITE,T0018,6.59,76.65,0.00,
DISKXFER,T0018,0.88,7.38,0.00,
DISKSERV,T0018,0.00,0.00,0.00,
DISKWAIT,T0018,0.00,0.00,0.00,
MEMREAL,T0018,9437184.00,17050.80,15.46,48.55,51.27,48.13,
MEMVIRT,T0018,2097152.00,99.40,0.60,1.15,3.75,0.00,0.00,4.28,2882.01,24.64,
PROC,T0018,8.76,0.00,4916.64,15025.33,595.44,230.69,16.57,14.47,38.60,2.00,125.00,
LAN,T0018,109.72,0.01,0.13,9.38,0.35,0.56,44.78,0.08,0.64,39.04,4.05,8.65,0.00,0.00,0.00,
IP,T0018,9.56,3.93,8.65,39.04,9.56,0.08,0.64,44.78,1.81,0.27,0.44,8.85,1.81,0.01,0.13,109.72,
TCPUDP,T0018,44.17,42.32,10.35,7.64,
FILE,T0018,1.13,3213.56,0.00,921269.62,44740.97,
JFSFILE,T0018,15.21,71.10,77.01,74.13,3.90,44.24,
JFSINODE,T0018,3.03,9.42,19.58,4.37,0.02,2.25,
LPAR,T0018,0.19,3.00,12.00,64.00,2.00,128.00,53.67,0.30,0.30,1.00,
ZZZZ,T0019,01:38:55,30-Sep-2019,,
CPU_ALL,T0019,2.66,2.62,0.00,94.71,12.00,
CPU011,T0019,0.00,1.50,0.00,98.50,
CPU010,T0019,0.00,1.49,0.00,98.51,
CPU09,T0019,0.00,1.65,0.00,98.35,
CPU08,T0019,15.28,39.76,0.00,44.96,
CPU07,T0019,0.00,1.83,0.00,98.17,
CPU06,T0019,0.00,1.94,0.00,98.06,
CPU05,T0019,0.00,2.14,0.00,97.86,
CPU04,T0019,6.32,42.58,0.00,51.10,
CPU03,T0019,0.72,0.83,0.00,98.44,
CPU02,T0019,1.14,1.50,0.00,97.36,
CPU01,T0019,11.35,10.50,0.17,77.97,
CPU00,T0019,48.41,48.14,0.01,3.45,
DISKBUSY,T0019,0.00,0.00,0.00,
DISKREAD,T0019,14.06,14.03,0.00,
DISKWRITE,T0019,6.72,61.15,0.00,
DISKXFER,T0019,0.87,6.49,0.00,
DISKSERV,T0019,0.00,0.00,0.00,
DISKWAIT,T0019,0.00,0.00,0.00,
MEMREAL,T0019,9437184.00,18273.80,15.46,48.55,51.26,48.11,
MEMVIRT,T0019,2097152.00,99.39,0.61,0.05,2.69,0.00,0.00,2.07,2313.13,0.00,
PROC,T0019,9.46,0.00,4897.79,15298.21,549.36,96.94,12.19,11.51,33.80,2.00,125.60,
LAN,T0019,114.25,0.00,0.14,10.22,0.35,0.60,45.31,0.05,0.76,40.89,3.92,9.31,0.00,0.00,0.00,
IP,T0019,10.02,3.80,9.31,40.89,10.02,0.05,0.76,45.30,2.01,0.27,0.47,9.66,2.01,0.00,0.14,114.25,
TCPUDP,T0019,45.43,44.59,10.08,7.72,
FILE,T0019,0.94,3490.63,0.00,906090.38,22880.88,
JFSFILE,T0019,15.21,71.10,77.01,74.13,3.90,44.24,
JFSINODE,T0019,3.03,9.42,19.58,4.37,0.02,2.25,
LPAR,T0019,0.19,3.00,12.00,64.00,2.00,128.00,55.09,0.29,0.29,1.00,
ZZZZ,T0020,01:43:55,30-Sep-2019,,
CPU_ALL,T0020,2.54,2.61,0.01,94.84,12.00,
CPU011,T0020,0.00,1.85,0.00,98.15,
CPU010,T0020,0.00,1.73,0.00,98.27,
CPU09,T0020,0.00,1.94,0.00,98.06,
CPU08,T0020,0.00,44.58,0.00,55.42,
CPU07,T0020,0.00,1.97,0.00,98.03,
CPU06,T0020,0.00,2.12,0.00,97.88,
CPU05,T0020,0.00,2.31,0.00,97.69,
CPU04,T0020,0.00,40.99,0.00,59.01,
CPU03,T0020,0.51,0.75,0.00,98.73,
CPU02,T0020,1.80,1.24,0.00,96.96,
CPU01,T0020,7.54,10.31,0.07,82.08,
CPU00,T0020,48.13,48.62,0.00,3.25,
DISKBUSY,T0020,0.00,0.00,0.00,
DISKREAD,T0020,7.04,7.02,0.00,
DISKWRITE,T0020,7.65,49.29,0.00,
DISKXFER,T0020,0.89,5.38,0.00,
DISKSERV,T0020,0.00,0.00,0.00,
DISKWAIT,T0020,0.00,0.00,0.00,
MEMREAL,T0020,9437184.00,18180.60,15.46,48.55,51.26,48.12,
MEMVIRT,T0020,2097152.00,99.39,0.61,0.33,1.56,0.00,0.00,1.58,2207.74,0.00,
PROC,T0020,11.41,0.00,5131.71,15336.03,550.44,96.00,12.14,11.45,41.80,2.00,125.80,
LAN,T0020,110.76,0.01,0.13,9.76,0.35,0.19,44.72,0.07,0.70,39.73,4.05,2.04,0.00,0.00,0.00,
IP,T0020,10.10,3.93,2.04,39.73,10.10,0.07,0.70,44.72,1.98,0.27,0.16,9.22,1.98,0.01,0.13,88.70,
TCPUDP,T0020,45.37,43.51,9.62,7.66,
FILE,T0020,0.81,3426.08,0.00,836148.75,20342.42,
JFSFILE,T0020,15.21,71.10,77.01,74.13,3.90,44.25,
JFSINODE,T0020,3.03,9.42,19.58,4.37,0.02,2.25,
LPAR,T0020,0.18,3.00,12.00,64.00,2.00,128.00,56.06,0.28,0.28,1.00,
ZZZZ,T0021,01:48:55,30-Sep-2019,,
CPU_ALL,T0021,2.67,2.56,0.00,94.76,12.00,
CPU011,T0021,0.00,1.82,0.00,98.18,
CPU010,T0021,0.00,1.80,0.00,98.20,
CPU09,T0021,0.00,2.00,0.00,98.00,
CPU08,T0021,0.00,45.24,0.00,54.76,
CPU07,T0021,0.00,2.11,0.00,97.89,
CPU06,T0021,0.00,2.01,0.00,97.99,
CPU05,T0021,0.00,2.22,0.00,97.78,
CPU04,T0021,0.00,41.78,0.00,58.22,
CPU03,T0021,0.73,1.12,0.00,98.16,
CPU02,T0021,1.92,1.68,0.00,96.40,
CPU01,T0021,9.03,8.49,0.09,82.39,
CPU00,T0021,49.47,47.20,0.00,3.33,
DISKBUSY,T0021,0.00,0.00,0.00,
DISKREAD,T0021,14.08,14.03,0.00,
DISKWRITE,T0021,8.27,63.11,0.00,
DISKXFER,T0021,0.97,6.90,0.00,
DISKSERV,T0021,0.00,0.00,0.00,
DISKWAIT,T0021,0.00,0.00,0.00,
MEMREAL,T0021,9437184.00,18131.60,15.46,48.55,51.26,48.12,
MEMVIRT,T0021,2097152.00,99.40,0.60,0.33,2.21,0.00,0.00,2.23,2264.92,0.00,
PROC,T0021,7.23,0.00,5198.22,14828.82,529.54,214.11,12.15,11.47,32.20,2.00,125.40,
LAN,T0021,110.76,0.00,0.14,9.52,0.39,0.25,45.36,0.05,0.79,39.89,4.15,3.15,0.00,0.00,0.00,
IP,T0021,10.44,4.04,3.15,39.89,10.44,0.05,0.79,45.36,2.20,0.30,0.21,8.98,2.21,0.00,0.14,110.76,
TCPUDP,T0021,45.71,43.84,10.23,8.02,
FILE,T0021,1.06,3147.43,0.00,782618.56,23234.27,
JFSFILE,T0021,15.21,71.10,77.01,74.14,3.90,44.25,
JFSINODE,T0021,3.03,9.42,19.58,4.37,0.02,2.26,
LPAR,T0021,0.18,3.00,12.00,64.00,2.00,128.00,55.35,0.29,0.29,1.00,
ZZZZ,T0022,01:53:55,30-Sep-2019,,
CPU_ALL,T0022,2.55,2.61,0.00,94.84,12.00,
CPU011,T0022,0.00,1.83,0.00,98.17,
CPU010,T0022,0.00,1.87,0.00,98.13,
CPU09,T0022,0.00,2.09,0.00,97.91,
CPU08,T0022,0.00,45.35,0.00,54.65,
CPU07,T0022,0.00,2.06,0.00,97.94,
CPU06,T0022,0.00,2.12,0.00,97.88,
CPU05,T0022,0.00,2.32,0.00,97.68,
CPU04,T0022,0.00,41.20,0.00,58.80,
CPU03,T0022,0.77,0.94,0.00,98.29,
CPU02,T0022,1.17,1.32,0.00,97.52,
CPU01,T0022,6.19,7.83,0.00,85.97,
CPU00,T0022,48.21,48.70,0.01,3.08,
DISKBUSY,T0022,0.00,0.00,0.00,
DISKREAD,T0022,7.07,7.07,0.00,
DISKWRITE,T0022,8.67,50.98,0.00,
DISKXFER,T0022,0.97,5.57,0.00,
DISKSERV,T0022,0.00,0.00,0.00,
DISKWAIT,T0022,0.00,0.00,0.00,
MEMREAL,T0022,9437184.00,18135.40,15.46,48.55,51.26,48.12,
MEMVIRT,T0022,2097152.00,99.40,0.60,0.04,1.97,0.00,0.00,1.76,2194.27,0.00,
PROC,T0022,9.01,0.20,5191.80,15321.74,536.47,94.84,12.04,11.35,43.40,2.00,125.00,
LAN,T0022,111.72,0.01,0.14,9.51,0.36,0.20,45.17,0.09,0.78,40.30,4.02,2.16,0.00,0.00,0.00,
IP,T0022,10.17,3.90,2.16,40.30,10.17,0.09,0.78,45.17,2.04,0.27,0.17,8.96,2.03,0.01,0.14,111.72,
TCPUDP,T0022,45.72,44.14,9.81,7.69,
FILE,T0022,0.80,3397.87,0.00,812448.12,20630.49,
JFSFILE,T0022,15.21,71.10,77.01,74.14,3.90,44.21,
JFSINODE,T0022,3.03,9.42,19.58,4.37,0.02,2.25,
LPAR,T0022,0.18,3.00,12.00,64.00,2.00,128.00,55.93,0.28,0.28,1.00,
ZZZZ,T0023,01:58:55,30-Sep-2019,,
CPU_ALL,T0023,2.59,2.63,0.00,94.78,12.00,
CPU011,T0023,0.00,1.92,0.00,98.08,
CPU010,T0023,0.00,1.81,0.00,98.19,
CPU09,T0023,0.00,2.00,0.00,98.00,
CPU08,T0023,0.00,45.52,0.00,54.48,
CPU07,T0023,0.00,2.01,0.00,97.99,
CPU06,T0023,0.00,2.14,0.00,97.86,
CPU05,T0023,0.00,2.36,0.00,97.64,
CPU04,T0023,0.00,41.79,0.00,58.21,
CPU03,T0023,1.24,0.80,0.00,97.97,
CPU02,T0023,0.52,1.17,0.00,98.31,
CPU01,T0023,6.99,10.85,0.20,81.96,
CPU00,T0023,48.57,48.18,0.01,3.25,
DISKBUSY,T0023,0.00,0.00,0.00,
DISKREAD,T0023,14.06,14.03,0.00,
DISKWRITE,T0023,8.59,57.38,0.00,
DISKXFER,T0023,0.98,6.21,0.00,
DISKSERV,T0023,0.00,0.00,0.00,
DISKWAIT,T0023,0.00,0.00,0.00,
MEMREAL,T0023,9437184.00,17962.40,15.46,48.55,51.26,48.12,
MEMVIRT,T0023,2097152.00,99.40,0.60,0.00,1.74,0.00,0.00,1.71,2275.05,0.00,
PROC,T0023,6.89,0.00,5212.17,15526.10,541.69,96.09,12.20,11.51,31.20,2.00,126.00,
LAN,T0023,109.45,0.00,0.14,8.23,0.35,0.47,43.31,0.05,0.77,37.90,3.88,6.99,0.00,0.00,0.00,
IP,T0023,10.13,3.77,6.99,37.90,10.13,0.05,0.77,43.31,1.86,0.27,0.37,7.72,1.86,0.00,0.14,109.44,
TCPUDP,T0023,43.65,41.70,9.95,7.68,
FILE,T0023,0.91,3461.49,0.00,869613.38,19425.79,
JFSFILE,T0023,15.22,71.10,77.01,74.14,3.90,44.21,
JFSINODE,T0023,3.03,9.42,19.58,4.37,0.02,2.25,
LPAR,T0023,0.18,3.00,12.00,64.00,2.00,128.00,55.92,0.29,0.29,1.00,
ZZZZ,T0024,02:03:55,30-Sep-2019,,
CPU_ALL,T0024,2.75,2.58,0.00,94.66,12.00,
CPU011,T0024,0.00,1.89,0.00,98.11,
CPU010,T0024,0.00,1.85,0.00,98.15,
CPU09,T0024,0.00,2.10,0.00,97.90,
CPU08,T0024,0.00,46.61,0.00,53.39,
CPU07,T0024,0.00,2.11,0.00,97.89,
CPU06,T0024,0.00,2.00,0.00,98.00,
CPU05,T0024,0.00,2.20,0.00,97.80,
CPU04,T0024,0.00,43.28,0.00,56.72,
CPU03,T0024,0.40,0.76,0.00,98.83,
CPU02,T0024,0.51,1.12,0.00,98.38,
CPU01,T0024,9.61,10.18,0.02,80.19,
CPU00,T0024,50.33,46.45,0.01,3.22,
DISKBUSY,T0024,0.00,0.00,0.00,
DISKREAD,T0024,7.26,7.72,0.00,
DISKWRITE,T0024,9.01,61.57,0.00,
DISKXFER,T0024,1.01,5.98,0.00,
DISKSERV,T0024,0.00,0.00,0.00,
DISKWAIT,T0024,0.00,0.00,0.00,
MEMREAL,T0024,9437184.00,18188.80,15.46,48.54,51.26,48.12,
MEMVIRT,T0024,2097152.00,99.39,0.61,0.21,3.13,0.00,0.00,3.19,2246.81,0.00,
PROC,T0024,11.11,0.00,5203.92,14852.07,527.21,197.77,12.28,11.62,43.80,2.00,123.40,
LAN,T0024,111.64,0.01,1.72,10.33,0.37,0.43,46.79,0.07,2.01,41.60,4.19,4.17,0.00,0.00,0.00,
IP,T0024,10.78,4.08,4.17,41.60,10.78,0.07,2.01,46.79,2.17,0.28,0.38,9.76,2.17,0.01,1.72,111.64,
TCPUDP,T0024,47.36,45.68,11.58,9.48,
FILE,T0024,0.90,3179.48,0.00,725799.25,26108.02,
JFSFILE,T0024,15.22,71.10,77.01,74.15,3.90,44.22,
JFSINODE,T0024,3.03,9.42,19.58,4.37,0.02,2.25,
LPAR,T0024,0.19,3.00,12.00,64.00,2.00,128.00,53.86,0.29,0.29,1.00,
ZZZZ,T0025,02:08:55,30-Sep-2019,,
CPU_ALL,T0025,2.70,2.62,0.00,94.68,12.00,
CPU011,T0025,0.00,1.93,0.00,98.07,
CPU010,T0025,0.00,1.77,0.00,98.23,
CPU09,T0025,0.00,2.04,0.00,97.96,
CPU08,T0025,3.58,46.18,0.00,50.24,
CPU07,T0025,0.00,1.72,0.00,98.28,
CPU06,T0025,0.00,1.81,0.00,98.19,
CPU05,T0025,0.00,2.01,0.00,97.99,
CPU04,T0025,16.05,36.54,0.00,47.41,
CPU03,T0025,1.42,1.05,0.00,97.53,
CPU02,T0025,0.57,1.19,0.00,98.24,
CPU01,T0025,9.69,9.14,0.00,81.17,
CPU00,T0025,48.91,47.82,0.01,3.27,
DISKBUSY,T0025,0.00,0.00,0.00,
DISKREAD,T0025,14.14,14.06,0.00,
DISKWRITE,T0025,7.87,66.14,0.00,
DISKXFER,T0025,0.96,7.22,0.00,
DISKSERV,T0025,0.00,0.00,0.00,
DISKWAIT,T0025,0.00,0.00,0.00,
MEMREAL,T0025,9437184.00,18056.60,15.46,48.54,51.26,48.12,
MEMVIRT,T0025,2097152.00,99.40,0.60,0.02,2.17,0.00,0.00,2.17,2300.35,0.00,
PROC,T0025,8.12,0.00,5051.68,15267.37,547.71,127.80,12.17,11.49,35.40,2.00,123.20,
LAN,T0025,109.76,0.00,0.13,8.43,0.35,0.23,44.35,0.05,0.70,38.65,3.92,2.78,0.00,0.00,0.00,
IP,T0025,9.81,3.81,2.78,38.65,9.81,0.05,0.70,44.35,1.88,0.27,0.19,7.90,1.89,0.00,0.13,109.76,
TCPUDP,T0025,43.73,41.92,10.34,7.70,
FILE,T0025,1.07,3380.91,0.00,890877.19,21098.75,
JFSFILE,T0025,15.22,71.10,77.01,74.15,3.90,44.22,
JFSINODE,T0025,3.03,9.42,19.58,4.37,0.02,2.25,
LPAR,T0025,0.19,3.00,12.00,64.00,2.00,128.00,55.40,0.29,0.29,1.00,
ZZZZ,T0026,02:13:55,30-Sep-2019,,
CPU_ALL,T0026,3.44,2.71,0.00,93.84,12.00,
CPU011,T0026,0.00,1.88,0.00,98.12,
CPU010,T0026,0.00,1.51,0.00,98.49,
CPU09,T0026,0.00,1.70,0.00,98.30,
CPU08,T0026,0.00,47.71,0.00,52.29,
CPU07,T0026,0.00,1.64,0.00,98.36,
CPU06,T0026,0.00,1.71,0.00,98.29,
CPU05,T0026,0.00,2.06,0.00,97.94,
CPU04,T0026,0.00,45.04,0.00,54.96,
CPU03,T0026,0.89,1.10,0.00,98.02,
CPU02,T0026,0.84,1.24,0.00,97.92,
CPU01,T0026,8.21,7.45,0.08,84.26,
CPU00,T0026,52.65,44.23,0.01,3.11,
DISKBUSY,T0026,0.00,0.00,0.00,
DISKREAD,T0026,7.28,9.79,0.00,
DISKWRITE,T0026,8.51,54.56,0.00,
DISKXFER,T0026,0.97,6.32,0.00,
DISKSERV,T0026,0.00,0.00,0.00,
DISKWAIT,T0026,0.00,0.00,0.00,
MEMREAL,T0026,9437184.00,17902.00,15.46,48.54,51.27,48.12,
MEMVIRT,T0026,2097152.00,99.40,0.60,0.45,2.12,0.00,0.00,2.47,2204.62,0.00,
PROC,T0026,8.76,0.00,5352.71,14679.49,522.18,190.55,12.14,11.43,36.60,2.60,123.20,
LAN,T0026,175.17,0.01,0.14,196.55,0.34,0.20,284.93,0.07,0.73,284.11,3.94,2.32,0.00,0.00,0.00,
IP,T0026,10.25,3.83,2.32,284.11,10.25,0.07,0.73,284.93,2.26,0.26,0.17,192.67,2.25,0.01,0.14,175.17,
TCPUDP,T0026,285.16,287.98,9.92,7.59,
FILE,T0026,0.95,3156.16,0.00,733187.25,24838.21,
JFSFILE,T0026,15.22,71.10,77.01,74.15,3.90,44.23,
JFSINODE,T0026,3.03,9.42,19.58,4.37,0.02,2.25,
LPAR,T0026,0.22,3.00,12.00,64.00,2.00,128.00,55.67,0.34,0.34,1.00,
ZZZZ,T0027,02:18:55,30-Sep-2019,,
CPU_ALL,T0027,8.16,3.90,0.01,87.94,12.00,
CPU011,T0027,0.00,0.34,0.00,99.66,
CPU010,T0027,0.00,0.17,0.00,99.83,
CPU09,T0027,0.00,0.40,0.00,99.60,
CPU08,T0027,0.00,58.24,0.00,41.76,
CPU07,T0027,0.00,0.38,0.00,99.62,
CPU06,T0027,0.00,0.16,0.00,99.84,
CPU05,T0027,0.00,0.29,0.00,99.71,
CPU04,T0027,0.00,58.05,0.00,41.95,
CPU03,T0027,0.24,2.41,0.00,97.34,
CPU02,T0027,0.53,2.58,0.00,96.89,
CPU01,T0027,10.75,8.23,0.11,80.91,
CPU00,T0027,67.49,28.53,0.00,3.98,
DISKBUSY,T0027,0.00,0.00,0.00,
DISKREAD,T0027,14.24,14.03,0.00,
DISKWRITE,T0027,14.77,58.74,0.00,
DISKXFER,T0027,1.35,6.29,0.00,
DISKSERV,T0027,0.00,0.00,0.00,
DISKWAIT,T0027,0.00,0.00,0.00,
MEMREAL,T0027,9437184.00,17667.20,15.46,48.54,51.27,48.12,
MEMVIRT,T0027,2097152.00,99.40,0.60,0.03,2.73,0.00,0.00,2.24,2258.93,0.00,
PROC,T0027,8.88,0.00,7877.77,18182.31,528.56,164.09,12.18,11.50,49.80,5.80,123.00,
LAN,T0027,536.56,0.00,0.12,1270.19,0.34,0.42,1673.97,0.05,0.64,1694.80,3.84,6.26,0.00,0.00,0.00,
IP,T0027,9.65,3.72,6.26,1694.80,9.65,0.05,0.64,1673.96,1.83,0.26,0.34,1247.02,1.82,0.01,0.12,536.56,
TCPUDP,T0027,1673.66,1698.12,9.98,7.71,
FILE,T0027,0.94,3333.05,0.00,800540.06,22598.54,
JFSFILE,T0027,15.22,71.10,77.01,74.15,3.90,44.23,
JFSINODE,T0027,3.03,9.42,19.58,4.37,0.02,2.25,
LPAR,T0027,0.43,3.00,12.00,64.00,2.00,128.00,55.20,0.68,0.68,1.00,
ZZZZ,T0028,02:23:55,30-Sep-2019,,
CPU_ALL,T0028,8.59,3.99,0.00,87.42,12.00,
CPU011,T0028,0.00,0.22,0.00,99.78,
CPU010,T0028,0.00,0.14,0.00,99.86,
CPU09,T0028,0.00,0.32,0.00,99.68,
CPU08,T0028,0.00,58.15,0.00,41.85,
CPU07,T0028,0.00,0.27,0.00,99.73,
CPU06,T0028,0.00,0.16,0.00,99.84,
CPU05,T0028,0.00,0.35,0.00,99.65,
CPU04,T0028,0.00,58.10,0.00,41.90,
CPU03,T0028,0.30,2.46,0.00,97.23,
CPU02,T0028,0.32,2.53,0.00,97.15,
CPU01,T0028,10.28,8.58,0.02,81.12,
CPU00,T0028,68.27,27.71,0.00,4.01,
DISKBUSY,T0028,0.00,0.00,0.00,
DISKREAD,T0028,7.18,7.02,0.00,
DISKWRITE,T0028,15.17,55.88,0.00,
DISKXFER,T0028,1.29,6.03,0.00,
DISKSERV,T0028,0.00,0.00,0.00,
DISKWAIT,T0028,0.00,0.00,0.00,
MEMREAL,T0028,9437184.00,17291.20,15.46,48.54,51.27,48.13,
MEMVIRT,T0028,2097152.00,99.40,0.60,1.10,2.93,0.00,0.00,2.44,2200.46,0.00,
PROC,T0028,9.41,0.00,8168.61,18237.26,534.10,156.70,12.14,11.45,60.20,6.00,123.00,
LAN,T0028,580.54,0.01,0.13,1392.74,0.34,0.20,1826.55,0.08,0.66,1846.76,3.94,2.26,0.00,0.00,0.00,
IP,T0028,9.68,3.82,2.26,1846.76,9.68,0.08,0.66,1826.53,1.89,0.26,0.17,1367.50,1.90,0.01,0.13,580.53,
TCPUDP,T0028,1825.92,1850.12,9.98,7.61,
FILE,T0028,0.94,3302.66,0.00,767828.38,24908.40,
JFSFILE,T0028,15.22,71.10,77.01,74.16,3.90,44.23,
JFSINODE,T0028,3.03,9.42,19.58,4.37,0.02,2.25,
LPAR,T0028,0.45,3.00,12.00,64.00,2.00,128.00,54.99,0.71,0.71,1.00,
ZZZZ,T0029,02:28:55,30-Sep-2019,,
CPU_ALL,T0029,8.86,4.08,0.01,87.06,12.00,
CPU011,T0029,0.00,0.28,0.00,99.72,
CPU010,T0029,0.00,0.14,0.00,99.86,
CPU09,T0029,0.00,0.23,0.00,99.77,
CPU08,T0029,0.00,58.19,0.00,41.81,
CPU07,T0029,0.00,0.20,0.00,99.80,
CPU06,T0029,0.00,0.16,0.00,99.84,
CPU05,T0029,0.00,0.30,0.00,99.70,
CPU04,T0029,0.00,58.05,0.00,41.95,
CPU03,T0029,0.61,2.67,0.02,96.70,
CPU02,T0029,0.54,2.71,0.00,96.75,
CPU01,T0029,10.73,9.64,0.08,79.54,
CPU00,T0029,68.66,27.23,0.00,4.11,
DISKBUSY,T0029,0.00,0.00,0.00,
DISKREAD,T0029,14.30,14.06,0.00,
