CPU_ALL,CPU Total ,User%,Sys%,Wait%,Idle%,CPUs,
CPU011,CPU Total ,User%,Sys%,Wait%,Idle%,
CPU010,CPU Total ,User%,Sys%,Wait%,Idle%,
CPU09,CPU Total ,User%,Sys%,Wait%,Idle%,
CPU08,CPU Total ,User%,Sys%,Wait%,Idle%,
CPU07,CPU Total ,User%,Sys%,Wait%,Idle%,
CPU06,CPU Total ,User%,Sys%,Wait%,Idle%,
CPU05,CPU Total ,User%,Sys%,Wait%,Idle%,
CPU04,CPU Total ,User%,Sys%,Wait%,Idle%,
CPU03,CPU Total ,User%,Sys%,Wait%,Idle%,
CPU02,CPU Total ,User%,Sys%,Wait%,Idle%,
CPU01,CPU Total ,User%,Sys%,Wait%,Idle%,
CPU00,CPU Total ,User%,Sys%,Wait%,Idle%,
DISKBUSY,Disk %Busy ,hdisk1,hdisk99,hdisk0,
DISKREAD,Disk Read 512 bytes per sec ,hdisk1,hdisk99,hdisk0,
DISKWRITE,Disk Write 512 bytes per sec ,hdisk1,hdisk99,hdisk0,
DISKXFER,Disk transfers per second ,hdisk1,hdisk99,hdisk0,
DISKSERV,Disk Avg service time/transfer ,hdisk1,hdisk99,hdisk0,
DISKWAIT,Average wait queue time for read/write transfers,hdisk1,hdisk99,hdisk0,
MEMREAL,Real Memory Statistics,Size 4k pages,free frames 4k,%pinned,%comp,%noncomp,%client,
MEMVIRT,PgSp / Virtual Memory Statistics,PageSpace,%free,%used,pagein,pageout,pgspgin,pgspgout,sio,totfaults,steal,
PROC,Processes ,Runnable,Swap-in,pswitch,syscall,read,write,fork,exec,loadavg,utilavg,numprocs,
LAN,LAN Interfaces Statistics,ent0/kbytesout,ent2/kbytesout,ent1/kbytesout,ent0/kbytesin,ent2/kbytesin,ent1/kbytesin,ent0/framesout,ent2/framesout,ent1/framesout,ent0/framesin,ent2/framesin,ent1/framesin,ent0/recvdrops,ent2/recvdrops,ent1/recvdrops,
IP,IP Statistics for network interface,lo0/ipacket,en2/ipacket,en1/ipacket,en0/ipacket,lo0/opacket,en2/opacket,en1/opacket,en0/opacket,lo0/ioctet_kb,en2/ioctet_kb,en1/ioctet_kb,en0/ioctet_kb,lo0/ooctet_kb,en2/ooctet_kb,en1/ooctet_kb,en0/ooctet_kb,
TCPUDP,IP Protocol statistics,TCPSendTot,TCPRcvTot,UDPSnddgrm,UDPRcvdgrm,
FILE,File I/O ,iget,namei,dirblk,readch,writech,
JFSFILE,JFS Filespace %Used,/,/home,/usr,/var,/tmp,/opt,
JFSINODE,JFS Inode %Used,/,/home,/usr,/var,/tmp,opt,
LPAR,LPAR Stats,PhysicalCPU,VirtualCPUs,LogicalCPUs,poolCPUS,entitled,weight,poolIdle,UsedAllCPU%,UsedPoolCPU%,SharedCPU,
ZZZZ,T0001,00:06:58,19-Sep-2019,,
CPU_ALL,T0001,3.97,3.09,0.00,92.94,12.00,
CPU011,T0001,0.00,1.30,0.00,98.70,
CPU010,T0001,0.00,1.15,0.00,98.85,
CPU09,T0001,0.00,1.44,0.00,98.56,
CPU08,T0001,0.00,55.09,0.00,44.91,
CPU07,T0001,0.00,1.16,0.00,98.84,
CPU06,T0001,0.00,1.23,0.00,98.77,
CPU05,T0001,0.00,1.38,0.00,98.62,
CPU04,T0001,0.00,54.00,0.00,46.00,
CPU03,T0001,1.49,1.88,0.00,96.62,
CPU02,T0001,1.06,1.64,0.01,97.28,
CPU01,T0001,10.48,12.92,0.04,76.56,
CPU00,T0001,54.51,41.83,0.01,3.65,
DISKBUSY,T0001,0.00,0.00,0.00,
DISKREAD,T0001,14.03,14.03,0.00,
DISKWRITE,T0001,11.95,64.27,0.00,
DISKXFER,T0001,1.31,6.88,0.00,
DISKSERV,T0001,0.00,0.00,0.00,
DISKWAIT,T0001,0.00,0.00,0.00,
MEMREAL,T0001,9437184.00,26821.60,15.42,50.59,49.13,47.28,
MEMVIRT,T0001,2097152.00,99.38,0.62,5.92,6.70,0.00,0.00,3.32,2259.17,0.00,
PROC,T0001,9.80,0.00,5393.58,15089.11,546.38,192.10,12.16,11.49,44.20,2.60,123.20,
LAN,T0001,278.17,0.00,0.13,151.67,0.36,0.75,312.49,0.05,0.74,311.56,4.15,11.88,0.00,0.00,0.00,
IP,T0001,9.73,4.03,11.88,311.56,9.73,0.05,0.74,312.49,1.87,0.27,0.58,147.41,1.87,0.00,0.13,278.17,
TCPUDP,T0001,311.32,315.14,10.45,7.52,
FILE,T0001,1.16,3414.19,0.00,815066.62,47102.06,
JFSFILE,T0001,15.19,70.74,77.01,73.82,3.89,44.61,
JFSINODE,T0001,3.03,9.23,19.58,4.32,0.02,2.27,
LPAR,T0001,0.25,3.00,12.00,64.00,2.00,128.00,45.51,0.39,0.39,1.00,
ZZZZ,T0002,00:11:58,19-Sep-2019,,
CPU_ALL,T0002,9.48,4.13,0.01,86.38,12.00,
CPU011,T0002,0.00,0.68,0.00,99.32,
CPU010,T0002,0.00,0.45,0.00,99.55,
CPU09,T0002,0.00,0.67,0.00,99.33,
CPU08,T0002,11.15,52.16,0.00,36.69,
CPU07,T0002,0.00,0.97,0.00,99.03,
CPU06,T0002,0.00,0.72,0.00,99.28,
CPU05,T0002,4.22,1.60,0.00,94.17,
CPU04,T0002,16.64,49.32,0.00,34.03,
CPU03,T0002,0.43,2.13,0.00,97.44,
CPU02,T0002,0.76,2.32,0.00,96.92,
CPU01,T0002,12.80,11.76,0.06,75.39,
CPU00,T0002,65.45,30.61,0.01,3.93,
DISKBUSY,T0002,0.00,0.00,0.00,
DISKREAD,T0002,7.02,7.04,0.00,
DISKWRITE,T0002,9.81,67.00,0.00,
DISKXFER,T0002,1.03,6.63,0.00,
DISKSERV,T0002,0.00,0.00,0.00,
DISKWAIT,T0002,0.00,0.00,0.00,
MEMREAL,T0002,9437184.00,26940.20,15.42,50.59,49.13,47.27,
MEMVIRT,T0002,2097152.00,99.38,0.62,18.18,18.98,0.00,0.00,6.83,2245.82,0.00,
PROC,T0002,7.88,0.20,7386.49,18859.95,1129.53,1009.56,12.18,11.48,49.80,5.80,123.40,
LAN,T0002,5077.31,0.01,0.14,559.81,0.33,0.54,1186.13,0.07,0.75,1702.84,3.92,8.31,0.00,0.00,0.00,
IP,T0002,10.20,3.80,8.31,1702.84,10.20,0.07,0.75,1186.12,2.18,0.25,0.43,536.52,2.18,0.01,0.14,470.43,
TCPUDP,T0002,1185.36,1706.65,10.74,7.50,
FILE,T0002,1.21,3401.87,0.00,2666295.00,2006774.25,
JFSFILE,T0002,15.19,70.74,77.01,73.82,3.89,44.61,
JFSINODE,T0002,3.03,9.23,19.58,4.32,0.02,2.27,
LPAR,T0002,0.48,3.00,12.00,64.00,2.00,128.00,46.81,0.75,0.75,1.00,
ZZZZ,T0003,00:16:58,19-Sep-2019,,
CPU_ALL,T0003,22.01,5.91,0.00,72.08,12.00,
CPU011,T0003,0.00,0.16,0.00,99.84,
CPU010,T0003,0.00,0.13,0.00,99.87,
CPU09,T0003,0.00,0.26,0.00,99.74,
CPU08,T0003,0.00,57.12,0.00,42.88,
CPU07,T0003,0.19,1.59,0.00,98.22,
CPU06,T0003,0.01,1.52,0.00,98.47,
CPU05,T0003,15.00,3.80,0.00,81.21,
CPU04,T0003,49.29,31.88,0.00,18.83,
CPU03,T0003,0.28,2.59,0.00,97.13,
CPU02,T0003,0.26,2.55,0.00,97.18,
CPU01,T0003,18.26,9.49,0.01,72.24,
CPU00,T0003,73.22,22.77,0.00,4.00,
DISKBUSY,T0003,0.00,0.00,0.00,
DISKREAD,T0003,7.02,7.02,0.00,
DISKWRITE,T0003,10.21,58.02,0.00,
DISKXFER,T0003,1.03,6.18,0.00,
DISKSERV,T0003,0.00,0.00,0.00,
DISKWAIT,T0003,0.00,0.00,0.00,
MEMREAL,T0003,9437184.00,27612.80,15.42,50.59,49.12,47.26,
MEMVIRT,T0003,2097152.00,99.38,0.62,3.16,4.71,0.00,0.01,2.45,2263.00,0.00,
PROC,T0003,7.92,0.00,10389.76,31054.56,3592.17,4203.68,12.15,11.45,70.40,10.00,123.40,
LAN,T0003,23594.62,0.00,0.13,881.63,0.35,0.20,2161.21,0.04,0.71,4766.42,4.01,2.19,0.00,0.00,0.00,
IP,T0003,9.80,3.89,2.19,4766.42,9.80,0.04,0.71,2161.20,1.92,0.27,0.17,816.46,1.92,0.00,0.13,16604.52,
TCPUDP,T0003,2160.57,4769.92,10.10,7.50,
FILE,T0003,0.96,3721.36,0.00,11714514.00,10957299.00,
JFSFILE,T0003,15.19,70.74,77.01,73.82,3.89,44.62,
JFSINODE,T0003,3.03,9.23,19.58,4.32,0.02,2.27,
LPAR,T0003,0.98,3.00,12.00,64.00,2.00,128.00,46.27,1.53,1.53,1.00,
ZZZZ,T0004,00:21:58,19-Sep-2019,,
CPU_ALL,T0004,7.47,3.97,0.00,88.56,12.00,
CPU011,T0004,0.00,0.35,0.00,99.65,
CPU010,T0004,0.00,0.21,0.00,99.79,
CPU09,T0004,0.00,0.43,0.00,99.57,
CPU08,T0004,0.00,58.63,0.00,41.37,
CPU07,T0004,0.00,0.25,0.00,99.75,
CPU06,T0004,0.00,0.21,0.00,99.79,
CPU05,T0004,0.00,0.30,0.00,99.70,
CPU04,T0004,0.00,58.47,0.00,41.53,
CPU03,T0004,0.40,2.28,0.00,97.32,
CPU02,T0004,0.39,2.39,0.00,97.22,
CPU01,T0004,11.11,11.13,0.01,77.75,
CPU00,T0004,65.46,30.53,0.00,4.00,
DISKBUSY,T0004,0.00,0.00,0.00,
DISKREAD,T0004,14.03,14.03,0.00,
DISKWRITE,T0004,10.64,59.29,0.00,
DISKXFER,T0004,1.10,6.43,0.00,
DISKSERV,T0004,0.00,0.00,0.00,
DISKWAIT,T0004,0.00,0.00,0.00,
MEMREAL,T0004,9437184.00,28023.60,15.42,50.58,49.12,47.26,
MEMVIRT,T0004,2097152.00,99.38,0.62,0.33,2.46,0.00,0.00,2.26,2271.50,0.00,
PROC,T0004,8.78,0.00,7477.76,16965.62,515.60,207.04,12.24,11.54,55.20,5.20,122.40,
LAN,T0004,675.22,0.01,0.13,601.33,0.42,0.28,1380.70,0.07,0.68,1374.98,4.47,3.61,0.00,0.00,0.00,
IP,T0004,9.99,4.36,3.61,1374.98,9.99,0.07,0.68,1380.70,2.04,0.33,0.23,582.54,2.04,0.01,0.13,675.21,
TCPUDP,T0004,1380.07,1378.49,10.23,8.40,
FILE,T0004,1.02,3398.42,0.00,725276.06,23940.20,
JFSFILE,T0004,15.19,70.74,77.01,73.83,3.89,44.62,
JFSINODE,T0004,3.03,9.23,19.58,4.32,0.02,2.27,
LPAR,T0004,0.41,3.00,12.00,64.00,2.00,128.00,45.06,0.64,0.64,1.00,
ZZZZ,T0005,00:26:58,19-Sep-2019,,
CPU_ALL,T0005,4.56,3.30,0.00,92.14,12.00,
CPU011,T0005,0.00,1.29,0.00,98.71,
CPU010,T0005,0.00,1.30,0.00,98.70,
CPU09,T0005,0.00,1.54,0.00,98.46,
CPU08,T0005,0.00,53.39,0.00,46.61,
CPU07,T0005,0.00,1.35,0.00,98.65,
CPU06,T0005,0.00,1.42,0.00,98.58,
CPU05,T0005,0.00,1.64,0.00,98.36,
CPU04,T0005,0.00,51.59,0.00,48.41,
CPU03,T0005,0.34,1.34,0.00,98.32,
CPU02,T0005,0.70,1.58,0.00,97.72,
CPU01,T0005,10.88,13.12,0.03,75.97,
CPU00,T0005,54.95,41.41,0.00,3.63,
DISKBUSY,T0005,0.00,0.00,0.00,
DISKREAD,T0005,7.02,7.02,0.00,
DISKWRITE,T0005,9.87,57.10,0.00,
DISKXFER,T0005,1.03,6.06,0.00,
DISKSERV,T0005,0.00,0.00,0.00,
DISKWAIT,T0005,0.00,0.00,0.00,
MEMREAL,T0005,9437184.00,27878.40,15.42,50.58,49.12,47.26,
MEMVIRT,T0005,2097152.00,99.38,0.62,1.63,1.98,0.00,0.01,2.02,2278.87,0.00,
PROC,T0005,12.02,0.00,6073.47,16817.24,556.90,107.92,12.16,11.48,45.60,3.60,123.00,
LAN,T0005,335.43,0.00,0.13,174.74,0.34,0.39,525.65,0.05,0.65,519.60,3.99,5.62,0.00,0.00,0.00,
IP,T0005,10.18,3.88,5.62,519.60,10.18,0.05,0.65,525.64,1.99,0.26,0.31,167.64,1.99,0.00,0.13,335.43,
TCPUDP,T0005,525.19,523.67,9.74,7.35,
FILE,T0005,0.91,3640.28,0.00,899202.00,23341.84,
JFSFILE,T0005,15.19,70.74,77.01,73.83,3.89,44.62,
JFSINODE,T0005,3.03,9.23,19.58,4.32,0.02,2.27,
LPAR,T0005,0.28,3.00,12.00,64.00,2.00,128.00,46.06,0.44,0.44,1.00,
ZZZZ,T0006,00:31:58,19-Sep-2019,,
CPU_ALL,T0006,2.79,2.83,0.00,94.38,12.00,
CPU011,T0006,0.00,1.97,0.00,98.03,
CPU010,T0006,0.00,1.96,0.00,98.04,
CPU09,T0006,0.00,2.21,0.00,97.79,
CPU08,T0006,0.00,49.98,0.00,50.02,
CPU07,T0006,0.00,2.10,0.00,97.90,
CPU06,T0006,0.00,2.23,0.00,97.77,
CPU05,T0006,0.00,2.37,0.00,97.63,
CPU04,T0006,0.00,47.48,0.00,52.52,
CPU03,T0006,0.52,0.77,0.00,98.71,
CPU02,T0006,0.54,0.93,0.00,98.53,
CPU01,T0006,9.81,13.09,0.01,77.09,
CPU00,T0006,48.57,47.98,0.01,3.44,
DISKBUSY,T0006,0.00,0.00,0.00,
DISKREAD,T0006,14.03,14.03,0.00,
DISKWRITE,T0006,8.67,50.79,0.00,
DISKXFER,T0006,1.00,5.55,0.00,
DISKSERV,T0006,0.00,0.00,0.00,
DISKWAIT,T0006,0.00,0.00,0.00,
MEMREAL,T0006,9437184.00,27811.40,15.42,50.58,49.12,47.26,
MEMVIRT,T0006,2097152.00,99.38,0.62,0.98,1.77,0.00,0.00,1.83,2210.23,0.00,
PROC,T0006,9.60,0.00,5189.08,15348.30,532.22,113.21,12.09,11.40,42.80,2.00,122.40,
LAN,T0006,143.33,0.01,0.14,10.81,0.35,0.30,50.23,0.06,0.76,45.60,4.03,3.98,0.00,0.00,0.00,
IP,T0006,10.37,3.91,3.98,45.60,10.37,0.06,0.76,50.23,2.08,0.27,0.25,10.19,2.08,0.01,0.14,143.33,
TCPUDP,T0006,49.94,49.71,9.66,7.66,
FILE,T0006,0.83,3550.79,0.00,815067.19,22175.53,
JFSFILE,T0006,15.19,70.74,77.01,73.83,3.89,44.63,
JFSINODE,T0006,3.03,9.23,19.58,4.32,0.02,2.27,
LPAR,T0006,0.20,3.00,12.00,64.00,2.00,128.00,45.65,0.31,0.31,1.00,
ZZZZ,T0007,00:36:58,19-Sep-2019,,
CPU_ALL,T0007,2.79,2.78,0.00,94.42,12.00,
CPU011,T0007,0.00,1.88,0.00,98.12,
CPU010,T0007,0.00,1.92,0.00,98.08,
CPU09,T0007,0.00,2.15,0.00,97.85,
CPU08,T0007,0.00,48.58,0.00,51.42,
CPU07,T0007,0.00,1.75,0.00,98.25,
CPU06,T0007,0.00,1.88,0.00,98.12,
CPU05,T0007,0.00,2.08,0.00,97.92,
CPU04,T0007,0.00,48.27,0.00,51.73,
CPU03,T0007,0.62,0.85,0.00,98.53,
CPU02,T0007,0.43,0.58,0.00,98.98,
CPU01,T0007,9.85,11.05,0.10,79.00,
CPU00,T0007,48.80,47.97,0.01,3.22,
DISKBUSY,T0007,0.00,0.00,0.00,
DISKREAD,T0007,7.02,7.02,0.00,
DISKWRITE,T0007,8.40,61.19,0.00,
DISKXFER,T0007,0.94,6.51,0.00,
DISKSERV,T0007,0.00,0.00,0.00,
DISKWAIT,T0007,0.00,0.00,0.00,
MEMREAL,T0007,9437184.00,27609.00,15.42,50.58,49.12,47.27,
MEMVIRT,T0007,2097152.00,99.38,0.62,0.33,2.13,0.00,0.00,2.15,2225.74,0.00,
PROC,T0007,9.13,0.00,5179.03,14762.29,522.90,186.86,12.14,11.45,37.60,2.00,123.00,
LAN,T0007,142.06,0.01,0.14,9.42,0.35,0.22,49.82,0.08,0.81,44.77,4.04,2.51,0.00,0.00,0.00,
IP,T0007,10.28,3.92,2.51,44.77,10.28,0.08,0.81,49.82,2.00,0.26,0.19,8.80,2.00,0.01,0.14,142.06,
TCPUDP,T0007,49.02,48.74,10.06,7.42,
FILE,T0007,1.03,3379.83,0.00,762698.06,22456.49,
JFSFILE,T0007,15.19,70.74,77.01,73.84,3.89,44.63,
JFSINODE,T0007,3.03,9.23,19.58,4.33,0.02,2.27,
LPAR,T0007,0.20,3.00,12.00,64.00,2.00,128.00,45.19,0.31,0.31,1.00,
ZZZZ,T0008,00:41:58,19-Sep-2019,,
CPU_ALL,T0008,2.82,2.89,0.01,94.28,12.00,
CPU011,T0008,0.00,1.61,0.00,98.39,
CPU010,T0008,0.00,1.62,0.00,98.38,
CPU09,T0008,0.00,1.79,0.00,98.21,
CPU08,T0008,0.00,49.80,0.00,50.20,
CPU07,T0008,0.00,1.77,0.00,98.23,
CPU06,T0008,0.00,1.90,0.00,98.10,
CPU05,T0008,0.00,2.04,0.00,97.96,
CPU04,T0008,0.00,47.25,0.00,52.75,
CPU03,T0008,0.54,0.83,0.05,98.58,
CPU02,T0008,0.62,0.92,0.00,98.46,
CPU01,T0008,10.75,12.71,0.01,76.52,
CPU00,T0008,48.16,48.47,0.01,3.36,
DISKBUSY,T0008,0.00,0.00,0.00,
DISKREAD,T0008,7.02,7.44,0.00,
DISKWRITE,T0008,9.36,52.93,0.00,
DISKXFER,T0008,1.05,5.81,0.00,
DISKSERV,T0008,0.00,0.00,0.00,
DISKWAIT,T0008,0.00,0.00,0.00,
MEMREAL,T0008,9437184.00,27654.40,15.42,50.58,49.12,47.27,
MEMVIRT,T0008,2097152.00,99.38,0.62,13.48,4.17,0.00,0.00,3.58,2230.56,0.00,
PROC,T0008,12.33,0.20,5214.02,15698.33,543.90,97.04,12.14,11.44,35.20,2.00,122.40,
LAN,T0008,170.19,0.01,0.15,34.47,0.34,0.21,71.47,0.07,0.82,70.64,3.90,2.35,0.00,0.00,0.00,
IP,T0008,9.97,3.78,2.35,70.64,9.97,0.07,0.82,71.47,1.98,0.26,0.18,33.50,1.98,0.01,0.15,170.19,
TCPUDP,T0008,70.48,74.13,10.01,7.74,
FILE,T0008,0.94,3651.92,0.00,839066.75,35344.08,
JFSFILE,T0008,15.19,70.74,77.01,73.84,3.89,44.64,
JFSINODE,T0008,3.03,9.23,19.58,4.32,0.02,2.27,
LPAR,T0008,0.20,3.00,12.00,64.00,2.00,128.00,48.25,0.31,0.31,1.00,
ZZZZ,T0009,00:46:58,19-Sep-2019,,
CPU_ALL,T0009,2.98,3.02,0.05,93.95,12.00,
CPU011,T0009,0.00,1.31,0.00,98.69,
CPU010,T0009,0.00,1.30,0.00,98.70,
CPU09,T0009,0.00,1.45,0.00,98.55,
CPU08,T0009,0.00,53.01,0.00,46.99,
CPU07,T0009,0.00,1.46,0.00,98.54,
CPU06,T0009,0.00,1.54,0.00,98.46,
CPU05,T0009,0.00,1.66,0.00,98.34,
CPU04,T0009,0.00,50.74,0.00,49.26,
CPU03,T0009,0.44,0.95,0.00,98.62,
CPU02,T0009,1.25,1.52,0.00,97.23,
CPU01,T0009,9.60,10.81,0.16,79.43,
CPU00,T0009,48.51,48.28,0.03,3.18,
DISKBUSY,T0009,0.00,0.00,0.00,
DISKREAD,T0009,7.02,7.02,0.00,
DISKWRITE,T0009,9.20,61.50,0.00,
DISKXFER,T0009,1.03,6.60,0.00,
DISKSERV,T0009,0.00,0.00,0.00,
DISKWAIT,T0009,0.00,0.00,0.00,
MEMREAL,T0009,9437184.00,28015.00,15.42,50.58,49.12,47.26,
MEMVIRT,T0009,2097152.00,99.38,0.62,28.35,7.32,0.00,0.00,5.73,2250.63,0.00,
PROC,T0009,11.66,0.20,5234.52,16048.15,573.25,114.00,12.15,11.46,47.60,2.00,123.00,
LAN,T0009,202.43,0.01,0.14,64.22,0.35,0.24,100.77,0.08,0.73,104.25,4.15,3.02,0.00,0.00,0.00,
IP,T0009,10.39,4.03,3.02,104.25,10.39,0.08,0.73,100.77,2.11,0.27,0.20,62.79,2.11,0.01,0.14,202.43,
TCPUDP,T0009,99.87,108.35,10.54,7.67,
FILE,T0009,1.18,3648.45,0.00,894503.56,52943.88,
JFSFILE,T0009,15.19,70.74,77.01,73.84,3.89,44.64,
JFSINODE,T0009,3.03,9.23,19.58,4.32,0.02,2.27,
LPAR,T0009,0.21,3.00,12.00,64.00,2.00,128.00,49.26,0.33,0.33,1.00,
ZZZZ,T0010,00:51:58,19-Sep-2019,,
CPU_ALL,T0010,2.83,2.78,0.02,94.37,12.00,
CPU011,T0010,0.00,1.72,0.00,98.28,
CPU010,T0010,0.00,1.64,0.00,98.36,
CPU09,T0010,0.00,1.80,0.00,98.20,
CPU08,T0010,0.00,50.01,0.00,49.99,
CPU07,T0010,0.00,1.66,0.00,98.34,
CPU06,T0010,0.00,1.76,0.00,98.24,
CPU05,T0010,0.00,1.89,0.00,98.11,
CPU04,T0010,0.00,47.06,0.00,52.94,
CPU03,T0010,0.45,0.79,0.00,98.76,
CPU02,T0010,1.08,0.81,0.00,98.11,
CPU01,T0010,9.66,11.69,0.05,78.60,
CPU00,T0010,49.20,47.53,0.02,3.25,
DISKBUSY,T0010,0.00,0.00,0.00,
DISKREAD,T0010,14.03,14.03,0.00,
DISKWRITE,T0010,6.96,59.64,0.00,
DISKXFER,T0010,0.89,6.47,0.00,
DISKSERV,T0010,0.00,0.00,0.00,
DISKWAIT,T0010,0.00,0.00,0.00,
MEMREAL,T0010,9437184.00,28131.80,15.42,50.58,49.12,47.26,
MEMVIRT,T0010,2097152.00,99.38,0.62,12.44,4.59,0.00,0.00,3.77,2258.10,0.00,
PROC,T0010,7.27,0.20,4904.86,14336.54,521.50,204.75,12.21,11.52,34.00,2.00,123.00,
LAN,T0010,168.53,0.01,0.13,33.78,0.34,0.31,71.46,0.06,0.72,69.87,3.94,4.17,0.00,0.00,0.00,
IP,T0010,9.81,3.82,4.17,69.87,9.81,0.06,0.72,71.46,1.95,0.26,0.25,32.83,1.95,0.01,0.13,168.53,
TCPUDP,T0010,70.40,73.46,10.15,7.55,
FILE,T0010,1.08,3347.84,0.00,733848.06,35865.14,
JFSFILE,T0010,15.19,70.74,77.01,73.85,3.89,44.64,
JFSINODE,T0010,3.03,9.23,19.58,4.33,0.02,2.27,
LPAR,T0010,0.20,3.00,12.00,64.00,2.00,128.00,47.30,0.31,0.31,1.00,
ZZZZ,T0011,00:56:58,19-Sep-2019,,
CPU_ALL,T0011,2.75,2.75,0.00,94.50,12.00,
CPU011,T0011,0.00,1.42,0.00,98.58,
CPU010,T0011,0.00,1.45,0.00,98.55,
CPU09,T0011,0.00,1.59,0.00,98.41,
CPU08,T0011,18.09,38.59,0.00,43.32,
CPU07,T0011,0.00,2.03,0.00,97.97,
CPU06,T0011,0.00,2.08,0.00,97.92,
CPU05,T0011,0.00,2.25,0.00,97.75,
CPU04,T0011,4.27,44.33,0.00,51.40,
CPU03,T0011,1.68,1.32,0.00,97.01,
CPU02,T0011,0.71,2.56,0.00,96.72,
CPU01,T0011,7.52,10.89,0.06,81.52,
CPU00,T0011,48.65,48.29,0.00,3.05,
DISKBUSY,T0011,0.00,0.00,0.00,
DISKREAD,T0011,7.02,7.02,0.00,
DISKWRITE,T0011,6.43,57.65,0.00,
DISKXFER,T0011,0.80,6.15,0.00,
DISKSERV,T0011,0.00,0.00,0.00,
DISKWAIT,T0011,0.00,0.00,0.00,
MEMREAL,T0011,9437184.00,28003.80,15.42,50.58,49.12,47.26,
MEMVIRT,T0011,2097152.00,99.38,0.62,0.33,1.62,0.00,0.00,1.64,2289.07,0.00,
PROC,T0011,12.14,0.00,4850.85,15269.57,550.48,94.30,12.15,11.47,43.60,2.00,123.00,
LAN,T0011,140.91,0.01,0.14,9.34,0.35,0.29,48.21,0.07,0.76,43.28,4.03,3.75,0.00,0.00,0.00,
IP,T0011,9.77,3.92,3.75,43.28,9.77,0.07,0.76,48.21,1.92,0.26,0.24,8.75,1.92,0.01,0.14,140.91,
TCPUDP,T0011,47.55,46.54,9.90,7.58,
FILE,T0011,0.90,3617.80,0.00,903933.62,19865.70,
JFSFILE,T0011,15.20,70.74,77.01,73.85,3.89,44.65,
JFSINODE,T0011,3.03,9.23,19.58,4.33,0.02,2.27,
LPAR,T0011,0.19,3.00,12.00,64.00,2.00,128.00,47.87,0.30,0.30,1.00,
ZZZZ,T0012,01:01:58,19-Sep-2019,,
CPU_ALL,T0012,3.02,2.91,0.01,94.06,12.00,
CPU011,T0012,0.00,1.31,0.00,98.69,
CPU010,T0012,0.00,1.30,0.00,98.70,
CPU09,T0012,0.00,1.42,0.00,98.58,
CPU08,T0012,0.00,50.75,0.00,49.25,
CPU07,T0012,0.00,1.43,0.00,98.57,
CPU06,T0012,0.00,1.49,0.00,98.51,
CPU05,T0012,0.00,1.59,0.00,98.41,
CPU04,T0012,0.00,48.81,0.00,51.19,
CPU03,T0012,0.64,1.29,0.00,98.07,
CPU02,T0012,1.67,3.76,0.00,94.57,
CPU01,T0012,6.95,6.81,0.08,86.16,
CPU00,T0012,49.75,47.13,0.00,3.11,
DISKBUSY,T0012,0.00,0.00,0.00,
DISKREAD,T0012,14.03,14.06,0.00,
DISKWRITE,T0012,7.52,50.04,0.00,
DISKXFER,T0012,0.93,5.53,0.00,
DISKSERV,T0012,0.00,0.00,0.00,
DISKWAIT,T0012,0.00,0.00,0.00,
MEMREAL,T0012,9437184.00,28057.60,15.42,50.58,49.12,47.26,
MEMVIRT,T0012,2097152.00,99.38,0.62,0.00,1.58,0.00,0.00,1.54,2253.97,0.00,
PROC,T0012,8.66,0.00,5129.40,15523.07,536.08,94.42,12.16,11.47,44.80,2.20,122.00,
LAN,T0012,189.22,0.01,0.14,54.12,0.34,0.20,187.83,0.06,0.76,186.26,3.98,2.22,0.00,0.00,0.00,
IP,T0012,9.84,3.86,2.22,186.26,9.84,0.06,0.76,187.82,2.01,0.26,0.17,51.57,2.01,0.00,0.14,189.22,
TCPUDP,T0012,187.98,189.83,9.64,7.59,
FILE,T0012,0.84,3649.87,0.00,829884.94,19723.05,
JFSFILE,T0012,15.20,70.74,77.01,73.85,3.89,44.65,
JFSINODE,T0012,3.03,9.23,19.58,4.33,0.02,2.27,
LPAR,T0012,0.21,3.00,12.00,64.00,2.00,128.00,45.63,0.33,0.33,1.00,
ZZZZ,T0013,01:06:58,19-Sep-2019,,
CPU_ALL,T0013,7.53,3.52,0.01,88.93,12.00,
CPU011,T0013,0.00,0.68,0.00,99.32,
CPU010,T0013,0.15,0.77,0.00,99.07,
CPU09,T0013,0.00,0.76,0.00,99.24,
CPU08,T0013,7.59,54.17,0.03,38.21,
CPU07,T0013,0.00,0.72,0.00,99.28,
CPU06,T0013,0.00,0.76,0.00,99.24,
CPU05,T0013,2.43,2.11,0.01,95.45,
CPU04,T0013,10.40,52.83,0.04,36.73,
CPU03,T0013,0.86,1.80,0.00,97.34,
CPU02,T0013,0.87,2.74,0.00,96.39,
CPU01,T0013,12.50,8.02,0.03,79.44,
CPU00,T0013,65.60,31.40,0.01,2.99,
DISKBUSY,T0013,0.00,0.00,0.00,
DISKREAD,T0013,498.14,753.54,0.00,
DISKWRITE,T0013,11.07,90.04,0.00,
DISKXFER,T0013,3.37,13.55,0.00,
DISKSERV,T0013,0.00,0.00,0.00,
DISKWAIT,T0013,0.00,0.00,0.00,
MEMREAL,T0013,9437184.00,27652.60,15.42,50.58,49.12,47.26,
MEMVIRT,T0013,2097152.00,99.38,0.62,1.49,3.26,0.00,0.00,3.15,3209.36,0.00,
PROC,T0013,7.13,0.00,6266.17,16964.52,614.59,231.79,16.54,15.94,48.60,4.60,123.00,
LAN,T0013,489.71,0.00,0.14,799.16,0.35,0.22,776.06,0.07,0.74,801.45,4.06,2.50,0.00,0.00,0.00,
IP,T0013,11.42,3.94,2.50,801.45,11.42,0.07,0.74,776.05,2.18,0.27,0.18,788.20,2.18,0.01,0.14,489.69,
TCPUDP,T0013,773.41,806.07,13.93,8.07,
FILE,T0013,2.29,3568.82,0.00,1467616.75,30697.28,
JFSFILE,T0013,15.20,70.74,77.01,73.85,3.89,44.66,
JFSINODE,T0013,3.03,9.23,19.58,4.33,0.02,2.27,
LPAR,T0013,0.39,3.00,12.00,64.00,2.00,128.00,44.63,0.60,0.60,1.00,
ZZZZ,T0014,01:11:58,19-Sep-2019,,
CPU_ALL,T0014,5.81,3.25,0.03,90.91,12.00,
CPU011,T0014,0.00,0.68,0.00,99.32,
CPU010,T0014,0.00,0.67,0.00,99.33,
CPU09,T0014,0.00,0.75,0.00,99.25,
CPU08,T0014,0.00,55.82,0.00,44.18,
CPU07,T0014,0.00,0.66,0.00,99.34,
CPU06,T0014,0.00,0.69,0.00,99.31,
CPU05,T0014,0.00,0.75,0.00,99.25,
CPU04,T0014,0.00,54.93,0.00,45.07,
CPU03,T0014,0.40,1.75,0.04,97.80,
CPU02,T0014,1.54,2.63,0.00,95.83,
CPU01,T0014,8.67,7.77,0.08,83.48,
CPU00,T0014,61.45,35.25,0.01,3.29,
DISKBUSY,T0014,0.00,0.00,0.00,
DISKREAD,T0014,14.03,14.03,0.00,
DISKWRITE,T0014,10.27,61.82,0.00,
DISKXFER,T0014,1.06,6.56,0.00,
DISKSERV,T0014,0.00,0.00,0.00,
DISKWAIT,T0014,0.00,0.00,0.00,
MEMREAL,T0014,9437184.00,27269.60,15.42,50.58,49.13,47.27,
MEMVIRT,T0014,2097152.00,99.38,0.62,1.20,2.91,0.00,0.00,2.46,2243.09,0.00,
PROC,T0014,13.19,0.20,6048.17,15482.19,512.79,205.69,12.19,11.50,54.40,3.80,123.00,
LAN,T0014,409.45,0.01,0.13,513.55,0.35,0.22,684.02,0.07,0.68,695.09,3.99,2.60,0.00,0.00,0.00,
IP,T0014,9.97,3.87,2.60,695.09,9.97,0.07,0.68,684.01,1.98,0.27,0.18,327.10,1.98,0.01,0.13,409.44,
TCPUDP,T0014,683.76,698.90,9.84,7.53,
FILE,T0014,0.98,3360.94,0.00,716355.31,24675.40,
JFSFILE,T0014,15.20,70.74,77.01,73.85,3.89,44.66,
JFSINODE,T0014,3.03,9.23,19.58,4.33,0.02,2.27,
LPAR,T0014,0.32,3.00,12.00,64.00,2.00,128.00,45.80,0.50,0.50,1.00,
ZZZZ,T0015,01:16:58,19-Sep-2019,,
CPU_ALL,T0015,3.11,2.85,0.00,94.04,12.00,
CPU011,T0015,0.00,1.49,0.00,98.51,
CPU010,T0015,0.00,1.48,0.00,98.52,
CPU09,T0015,0.00,1.65,0.00,98.35,
CPU08,T0015,0.00,49.25,0.00,50.75,
CPU07,T0015,0.00,1.66,0.00,98.34,
CPU06,T0015,0.00,1.76,0.00,98.24,
CPU05,T0015,0.00,1.92,0.00,98.08,
CPU04,T0015,0.00,48.04,0.00,51.96,
CPU03,T0015,0.32,1.41,0.00,98.26,
CPU02,T0015,0.60,3.52,0.00,95.88,
CPU01,T0015,8.47,7.84,0.13,83.56,
CPU00,T0015,50.31,46.62,0.01,3.06,
DISKBUSY,T0015,0.00,0.00,0.00,
DISKREAD,T0015,7.02,7.02,0.00,
DISKWRITE,T0015,7.63,53.27,0.00,
DISKXFER,T0015,0.89,5.85,0.00,
DISKSERV,T0015,0.00,0.00,0.00,
DISKWAIT,T0015,0.00,0.00,0.00,
MEMREAL,T0015,9437184.00,27150.60,15.42,50.58,49.13,47.27,
MEMVIRT,T0015,2097152.00,99.38,0.62,0.35,2.06,0.00,0.00,1.73,2236.39,0.00,
PROC,T0015,8.50,0.00,4993.43,15338.86,542.85,103.98,12.15,11.45,39.20,2.20,123.00,
LAN,T0015,173.11,0.01,0.12,94.03,0.34,0.33,109.52,0.06,0.60,108.27,4.01,4.56,0.00,0.00,0.00,
IP,T0015,9.85,3.90,4.56,108.27,9.85,0.06,0.60,109.52,1.97,0.26,0.26,92.55,1.97,0.01,0.12,173.00,
TCPUDP,T0015,108.80,111.62,9.95,7.56,
FILE,T0015,0.90,3613.00,0.00,851618.56,21882.10,
JFSFILE,T0015,15.20,70.74,77.01,73.85,3.89,44.67,
JFSINODE,T0015,3.03,9.23,19.58,4.33,0.02,2.27,
LPAR,T0015,0.21,3.00,12.00,64.00,2.00,128.00,48.68,0.33,0.33,1.00,
ZZZZ,T0016,01:21:58,19-Sep-2019,,
CPU_ALL,T0016,2.73,2.69,0.01,94.58,12.00,
CPU011,T0016,0.00,1.81,0.00,98.19,
CPU010,T0016,0.00,1.81,0.00,98.19,
CPU09,T0016,0.00,1.99,0.00,98.01,
CPU08,T0016,0.00,47.12,0.00,52.88,
CPU07,T0016,0.00,1.72,0.00,98.28,
CPU06,T0016,0.00,1.85,0.00,98.15,
CPU05,T0016,0.00,2.02,0.00,97.98,
CPU04,T0016,0.00,49.23,0.00,50.77,
CPU03,T0016,0.61,2.13,0.00,97.26,
CPU02,T0016,1.50,2.28,0.00,96.21,
CPU01,T0016,8.32,8.92,0.01,82.75,
CPU00,T0016,49.35,47.56,0.01,3.08,
DISKBUSY,T0016,0.00,0.00,0.00,
DISKREAD,T0016,14.03,14.03,0.00,
DISKWRITE,T0016,6.93,59.00,0.00,
DISKXFER,T0016,0.87,6.40,0.00,
DISKSERV,T0016,0.00,0.00,0.00,
DISKWAIT,T0016,0.00,0.00,0.00,
MEMREAL,T0016,9437184.00,27099.20,15.42,50.58,49.13,47.27,
MEMVIRT,T0016,2097152.00,99.38,0.62,0.03,2.54,0.00,0.00,2.14,2251.18,0.00,
PROC,T0016,9.47,0.00,4919.00,14273.64,508.33,202.83,12.16,11.46,42.00,2.00,122.40,
LAN,T0016,143.43,0.00,0.12,11.15,0.43,0.29,50.03,0.06,0.60,45.14,4.52,3.85,0.00,0.00,0.00,
IP,T0016,9.89,4.40,3.85,45.14,9.89,0.06,0.60,50.03,1.95,0.34,0.24,10.53,1.95,0.00,0.12,143.43,
TCPUDP,T0016,49.49,48.91,9.86,8.02,
FILE,T0016,0.98,3340.59,0.00,716357.00,23584.75,
JFSFILE,T0016,15.20,70.74,77.01,73.86,3.89,44.67,
JFSINODE,T0016,3.03,9.23,19.58,4.33,0.02,2.27,
LPAR,T0016,0.19,3.00,12.00,64.00,2.00,128.00,50.69,0.30,0.30,1.00,
ZZZZ,T0017,01:26:58,19-Sep-2019,,
CPU_ALL,T0017,2.81,2.82,0.00,94.37,12.00,
CPU011,T0017,0.00,1.37,0.00,98.63,
CPU010,T0017,0.00,1.38,0.00,98.62,
CPU09,T0017,0.00,1.53,0.00,98.47,
CPU08,T0017,17.95,41.91,0.00,40.14,
CPU07,T0017,0.00,1.69,0.00,98.31,
CPU06,T0017,0.00,1.81,0.00,98.19,
CPU05,T0017,0.00,1.93,0.00,98.07,
CPU04,T0017,4.58,50.22,0.00,45.20,
CPU03,T0017,0.19,0.94,0.00,98.87,
CPU02,T0017,0.60,1.63,0.00,97.76,
CPU01,T0017,9.29,10.58,0.00,80.12,
CPU00,T0017,48.44,48.52,0.01,3.04,
DISKBUSY,T0017,0.00,0.00,0.00,
DISKREAD,T0017,7.02,7.02,0.00,
DISKWRITE,T0017,7.39,56.51,0.00,
DISKXFER,T0017,0.87,6.01,0.00,
DISKSERV,T0017,0.00,0.00,0.00,
DISKWAIT,T0017,0.00,0.00,0.00,
MEMREAL,T0017,9437184.00,27117.40,15.42,50.58,49.13,47.27,
MEMVIRT,T0017,2097152.00,99.38,0.62,0.03,2.12,0.00,0.00,1.75,2289.97,0.00,
PROC,T0017,9.99,0.00,4939.42,15670.61,563.11,97.65,12.16,11.48,37.80,2.20,123.00,
LAN,T0017,144.61,0.01,0.13,11.40,0.35,0.37,50.48,0.06,0.63,45.18,4.03,5.31,0.00,0.00,0.00,
IP,T0017,10.08,3.91,5.31,45.18,10.08,0.06,0.63,50.47,2.00,0.27,0.30,10.78,2.00,0.01,0.13,144.61,
TCPUDP,T0017,49.91,48.75,10.23,7.80,
FILE,T0017,0.90,3628.39,0.00,924496.06,21971.03,
JFSFILE,T0017,15.20,70.74,77.01,73.86,3.89,44.65,
JFSINODE,T0017,3.03,9.23,19.58,4.33,0.02,2.27,
LPAR,T0017,0.20,3.00,12.00,64.00,2.00,128.00,51.59,0.31,0.31,1.00,
ZZZZ,T0018,01:31:58,19-Sep-2019,,
CPU_ALL,T0018,2.87,2.99,0.00,94.14,12.00,
CPU011,T0018,0.00,1.56,0.00,98.44,
CPU010,T0018,0.00,1.54,0.00,98.46,
CPU09,T0018,0.10,1.93,0.00,97.97,
CPU08,T0018,9.20,47.38,0.00,43.41,
CPU07,T0018,0.00,1.57,0.00,98.43,
CPU06,T0018,0.00,1.71,0.00,98.29,
CPU05,T0018,0.03,1.83,0.00,98.14,
CPU04,T0018,11.62,45.53,0.01,42.84,
CPU03,T0018,1.99,1.44,0.00,96.57,
CPU02,T0018,0.72,4.55,0.02,94.71,
CPU01,T0018,10.93,9.52,0.02,79.53,
CPU00,T0018,47.50,49.22,0.01,3.27,
DISKBUSY,T0018,0.00,0.00,0.00,
DISKREAD,T0018,28.06,46.74,0.00,
DISKWRITE,T0018,7.79,72.43,0.00,
DISKXFER,T0018,1.02,6.98,0.00,
DISKSERV,T0018,0.00,0.00,0.00,
DISKWAIT,T0018,0.00,0.00,0.00,
MEMREAL,T0018,9437184.00,29685.60,15.42,50.58,49.10,47.24,
MEMVIRT,T0018,2097152.00,99.38,0.62,0.60,3.85,0.00,0.00,4.06,2927.37,0.00,
PROC,T0018,9.12,0.20,5056.91,16414.51,613.48,125.07,16.62,14.53,48.20,2.00,122.40,
LAN,T0018,144.48,0.01,0.13,11.77,0.35,0.22,51.32,0.06,0.65,45.93,4.04,2.59,0.00,0.00,0.00,
IP,T0018,10.17,3.92,2.59,45.93,10.17,0.06,0.65,51.32,2.06,0.27,0.18,11.14,2.06,0.01,0.13,144.48,
TCPUDP,T0018,50.83,49.85,10.22,7.62,
FILE,T0018,1.02,3749.10,0.00,1039432.00,45024.21,
JFSFILE,T0018,15.20,70.74,77.01,73.86,3.89,44.19,
JFSINODE,T0018,3.03,9.23,19.58,4.33,0.02,2.25,
LPAR,T0018,0.20,3.00,12.00,64.00,2.00,128.00,50.95,0.32,0.32,1.00,
ZZZZ,T0019,01:36:58,19-Sep-2019,,
CPU_ALL,T0019,2.76,2.74,0.01,94.50,12.00,
CPU011,T0019,0.00,1.80,0.00,98.20,
CPU010,T0019,0.00,1.85,0.00,98.15,
CPU09,T0019,0.00,2.04,0.00,97.96,
CPU08,T0019,0.00,50.31,0.00,49.69,
CPU07,T0019,0.00,1.70,0.00,98.30,
CPU06,T0019,0.00,1.80,0.00,98.20,
CPU05,T0019,0.00,1.96,0.00,98.04,
CPU04,T0019,0.00,49.31,0.00,50.69,
CPU03,T0019,1.07,0.93,0.00,98.00,
CPU02,T0019,0.68,2.64,0.01,96.67,
CPU01,T0019,9.35,9.40,0.09,81.16,
CPU00,T0019,49.04,47.78,0.01,3.17,
DISKBUSY,T0019,0.00,0.00,0.00,
DISKREAD,T0019,7.02,7.02,0.00,
DISKWRITE,T0019,6.99,65.57,0.00,
DISKXFER,T0019,0.84,6.90,0.00,
DISKSERV,T0019,0.00,0.00,0.00,
DISKWAIT,T0019,0.00,0.00,0.00,
MEMREAL,T0019,9437184.00,29263.80,15.42,50.59,49.10,47.24,
MEMVIRT,T0019,2097152.00,99.38,0.62,1.11,2.57,0.00,0.00,2.29,2241.51,0.00,
PROC,T0019,7.87,0.00,5021.99,14411.76,513.21,204.39,12.14,11.45,39.40,2.00,123.00,
LAN,T0019,146.64,0.01,0.12,12.50,0.34,0.21,50.94,0.06,0.62,46.33,4.05,2.56,0.00,0.00,0.00,
IP,T0019,10.22,3.93,2.56,46.33,10.22,0.06,0.62,50.94,2.04,0.26,0.18,11.87,2.03,0.00,0.12,117.21,
TCPUDP,T0019,50.55,50.17,10.16,7.45,
FILE,T0019,1.04,3360.45,0.00,710050.06,26441.44,
JFSFILE,T0019,15.20,70.74,77.01,73.87,3.89,44.19,
JFSINODE,T0019,3.03,9.23,19.58,4.33,0.02,2.25,
LPAR,T0019,0.19,3.00,12.00,64.00,2.00,128.00,50.80,0.30,0.30,1.00,
ZZZZ,T0020,01:41:58,19-Sep-2019,,
CPU_ALL,T0020,2.71,2.81,0.01,94.47,12.00,
CPU011,T0020,0.00,1.84,0.00,98.16,
CPU010,T0020,0.00,1.86,0.00,98.14,
CPU09,T0020,0.00,2.08,0.00,97.92,
CPU08,T0020,0.00,49.36,0.00,50.64,
CPU07,T0020,0.00,1.71,0.00,98.29,
CPU06,T0020,0.00,1.83,0.00,98.17,
CPU05,T0020,0.00,1.99,0.00,98.01,
CPU04,T0020,0.00,49.44,0.00,50.56,
CPU03,T0020,0.71,1.17,0.06,98.07,
CPU02,T0020,0.84,1.58,0.06,97.51,
CPU01,T0020,8.21,7.84,0.04,83.91,
CPU00,T0020,47.82,49.23,0.01,2.94,
DISKBUSY,T0020,0.00,0.00,0.00,
DISKREAD,T0020,14.03,14.09,0.00,
DISKWRITE,T0020,7.55,49.94,0.00,
DISKXFER,T0020,0.91,5.52,0.00,
DISKSERV,T0020,0.00,0.00,0.00,
DISKWAIT,T0020,0.00,0.00,0.00,
MEMREAL,T0020,9437184.00,29127.00,15.42,50.58,49.11,47.25,
MEMVIRT,T0020,2097152.00,99.38,0.62,1.87,2.05,0.00,0.00,1.83,2241.80,0.00,
PROC,T0020,8.11,0.00,5007.37,15517.15,544.68,103.45,12.15,11.46,39.40,2.00,122.40,
LAN,T0020,146.46,0.01,0.12,13.66,0.35,0.29,51.57,0.08,0.59,46.91,3.97,3.81,0.00,0.00,0.00,
IP,T0020,10.26,3.85,3.81,46.91,10.26,0.08,0.59,51.57,2.07,0.26,0.23,13.02,2.07,0.01,0.12,146.45,
TCPUDP,T0020,51.86,50.95,9.59,7.50,
FILE,T0020,0.84,3599.83,0.00,861493.00,23085.48,
JFSFILE,T0020,15.20,70.74,77.01,73.87,3.89,44.19,
JFSINODE,T0020,3.03,9.23,19.58,4.33,0.02,2.25,
LPAR,T0020,0.19,3.00,12.00,64.00,2.00,128.00,52.38,0.30,0.30,1.00,
ZZZZ,T0021,01:46:58,19-Sep-2019,,
CPU_ALL,T0021,2.71,2.77,0.00,94.51,12.00,
CPU011,T0021,0.00,1.78,0.00,98.22,
CPU010,T0021,0.00,1.79,0.00,98.21,
CPU09,T0021,0.00,1.99,0.00,98.01,
CPU08,T0021,0.00,48.14,0.00,51.86,
CPU07,T0021,0.00,1.72,0.00,98.28,
CPU06,T0021,0.00,1.85,0.00,98.15,
CPU05,T0021,0.00,2.02,0.00,97.98,
CPU04,T0021,0.00,49.02,0.00,50.98,
CPU03,T0021,0.73,0.81,0.00,98.46,
CPU02,T0021,0.84,1.26,0.00,97.90,
CPU01,T0021,9.51,10.30,0.05,80.14,
CPU00,T0021,48.18,48.65,0.01,3.16,
DISKBUSY,T0021,0.00,0.00,0.00,
DISKREAD,T0021,7.02,7.02,0.00,
DISKWRITE,T0021,7.44,57.85,0.00,
DISKXFER,T0021,0.89,6.15,0.00,
DISKSERV,T0021,0.00,0.00,0.00,
DISKWAIT,T0021,0.00,0.00,0.00,
MEMREAL,T0021,9437184.00,28894.20,15.42,50.59,49.11,47.25,
MEMVIRT,T0021,2097152.00,99.38,0.62,1.44,2.21,0.00,0.00,1.92,2237.84,0.00,
PROC,T0021,10.90,0.20,5008.90,15234.04,543.45,112.78,12.15,11.46,44.60,2.00,123.00,
LAN,T0021,145.40,0.00,0.13,12.69,0.36,0.22,50.43,0.06,0.66,45.44,4.21,2.72,0.00,0.00,0.00,
IP,T0021,9.71,4.09,2.72,45.44,9.71,0.06,0.66,50.43,1.88,0.27,0.19,12.07,1.88,0.01,0.13,145.40,
TCPUDP,T0021,49.86,48.88,9.95,7.70,
FILE,T0021,0.91,3567.20,0.00,827963.06,23571.39,
JFSFILE,T0021,15.20,70.74,77.01,73.87,3.89,44.20,
JFSINODE,T0021,3.03,9.23,19.58,4.33,0.02,2.25,
LPAR,T0021,0.19,3.00,12.00,64.00,2.00,128.00,52.28,0.30,0.30,1.00,
ZZZZ,T0022,01:51:58,19-Sep-2019,,
CPU_ALL,T0022,2.77,2.72,0.01,94.51,12.00,
CPU011,T0022,0.00,1.84,0.00,98.16,
CPU010,T0022,0.00,1.88,0.00,98.12,
CPU09,T0022,0.00,2.06,0.00,97.94,
CPU08,T0022,0.00,47.78,0.00,52.22,
CPU07,T0022,0.00,1.79,0.00,98.21,
CPU06,T0022,0.00,1.90,0.00,98.10,
CPU05,T0022,0.00,2.06,0.00,97.94,
CPU04,T0022,0.00,46.67,0.00,53.33,
CPU03,T0022,1.33,1.30,0.00,97.37,
CPU02,T0022,1.11,0.97,0.00,97.91,
CPU01,T0022,8.67,10.00,0.08,81.25,
CPU00,T0022,49.09,47.70,0.01,3.20,
DISKBUSY,T0022,0.00,0.00,0.00,
DISKREAD,T0022,14.03,14.03,0.00,
DISKWRITE,T0022,7.04,57.01,0.00,
DISKXFER,T0022,0.88,6.31,0.00,
DISKSERV,T0022,0.00,0.00,0.00,
DISKWAIT,T0022,0.00,0.00,0.00,
MEMREAL,T0022,9437184.00,28682.00,15.42,50.59,49.11,47.25,
MEMVIRT,T0022,2097152.00,99.38,0.62,0.78,2.39,0.00,0.00,2.08,2248.95,0.00,
PROC,T0022,10.19,0.00,4980.77,14555.83,531.16,187.81,12.18,11.49,33.20,2.00,123.00,
LAN,T0022,145.31,0.01,0.13,12.64,0.34,0.20,51.85,0.07,0.66,47.12,3.95,2.20,0.00,0.00,0.00,
IP,T0022,10.59,3.83,2.20,47.12,10.59,0.07,0.66,51.85,2.28,0.26,0.17,12.00,2.29,0.01,0.13,145.31,
TCPUDP,T0022,52.03,51.21,10.19,7.84,
FILE,T0022,0.96,3377.77,0.00,779389.31,24444.73,
JFSFILE,T0022,15.20,70.74,77.01,73.88,3.89,44.20,
JFSINODE,T0022,3.03,9.23,19.58,4.33,0.02,2.25,
LPAR,T0022,0.19,3.00,12.00,64.00,2.00,128.00,52.69,0.30,0.30,1.00,
ZZZZ,T0023,01:56:58,19-Sep-2019,,
CPU_ALL,T0023,2.78,2.80,0.01,94.42,12.00,
CPU011,T0023,0.00,1.75,0.00,98.25,
CPU010,T0023,0.00,1.74,0.00,98.26,
CPU09,T0023,0.00,1.90,0.00,98.10,
CPU08,T0023,6.29,46.42,0.01,47.28,
CPU07,T0023,0.00,1.57,0.00,98.43,
CPU06,T0023,0.00,1.67,0.00,98.33,
CPU05,T0023,0.00,1.76,0.00,98.24,
CPU04,T0023,18.31,35.85,0.00,45.84,
CPU03,T0023,0.79,0.91,0.00,98.30,
CPU02,T0023,0.79,3.14,0.00,96.07,
CPU01,T0023,8.59,10.15,0.00,81.25,
CPU00,T0023,48.30,48.44,0.01,3.25,
DISKBUSY,T0023,0.00,0.00,0.00,
DISKREAD,T0023,7.02,7.02,0.00,
DISKWRITE,T0023,7.52,56.42,0.00,
DISKXFER,T0023,0.87,5.99,0.00,
DISKSERV,T0023,0.00,0.00,0.00,
DISKWAIT,T0023,0.00,0.00,0.00,
MEMREAL,T0023,9437184.00,28572.20,15.42,50.59,49.11,47.25,
MEMVIRT,T0023,2097152.00,99.38,0.62,0.35,2.11,0.00,0.00,1.77,2283.71,0.00,
PROC,T0023,10.29,0.00,5043.91,15531.28,536.44,94.70,12.15,11.46,47.60,2.00,123.00,
LAN,T0023,143.96,0.01,0.14,11.07,0.35,0.25,49.34,0.06,0.75,44.23,4.02,3.18,0.00,0.00,0.00,
IP,T0023,9.73,3.90,3.18,44.23,9.73,0.06,0.75,49.34,1.75,0.26,0.21,10.47,1.75,0.01,0.14,143.96,
TCPUDP,T0023,49.01,47.62,9.84,7.47,
FILE,T0023,0.90,3677.02,0.00,855974.38,21157.02,
JFSFILE,T0023,15.21,70.74,77.01,73.88,3.89,44.21,
JFSINODE,T0023,3.03,9.23,19.58,4.33,0.02,2.25,
LPAR,T0023,0.20,3.00,12.00,64.00,2.00,128.00,53.53,0.31,0.31,1.00,
ZZZZ,T0024,02:01:58,19-Sep-2019,,
CPU_ALL,T0024,2.81,2.82,0.01,94.36,12.00,
CPU011,T0024,0.00,1.51,0.00,98.49,
CPU010,T0024,0.00,1.50,0.00,98.50,
CPU09,T0024,0.00,1.67,0.00,98.33,
CPU08,T0024,0.00,49.77,0.00,50.23,
CPU07,T0024,0.00,1.65,0.00,98.35,
CPU06,T0024,0.00,1.77,0.00,98.23,
CPU05,T0024,0.00,1.90,0.00,98.10,
CPU04,T0024,0.00,47.03,0.00,52.97,
CPU03,T0024,1.09,1.25,0.01,97.66,
CPU02,T0024,1.19,1.98,0.00,96.83,
CPU01,T0024,9.45,9.97,0.11,80.48,
CPU00,T0024,48.56,48.21,0.01,3.22,
DISKBUSY,T0024,0.00,0.00,0.00,
DISKREAD,T0024,7.04,7.02,0.00,
DISKWRITE,T0024,8.56,51.61,0.00,
DISKXFER,T0024,1.00,5.65,0.00,
DISKSERV,T0024,0.00,0.00,0.00,
DISKWAIT,T0024,0.00,0.00,0.00,
MEMREAL,T0024,9437184.00,28423.00,15.42,50.59,49.11,47.25,
MEMVIRT,T0024,2097152.00,99.38,0.62,0.36,2.19,0.00,0.00,1.82,2232.68,0.00,
PROC,T0024,7.92,0.00,5095.29,15707.21,544.66,105.23,12.16,11.46,35.60,2.20,123.20,
LAN,T0024,155.21,0.00,0.18,24.05,0.36,0.60,84.85,0.06,0.68,80.07,4.13,9.19,0.00,0.00,0.00,
IP,T0024,10.16,4.01,9.19,80.07,10.16,0.06,0.68,84.85,2.07,0.28,0.47,22.96,2.07,0.00,0.18,155.20,
TCPUDP,T0024,84.86,83.91,9.97,7.76,
FILE,T0024,0.88,3637.59,0.00,854523.00,23536.87,
JFSFILE,T0024,15.21,70.74,77.01,73.88,3.89,44.21,
JFSINODE,T0024,3.03,9.23,19.58,4.33,0.02,2.25,
LPAR,T0024,0.20,3.00,12.00,64.00,2.00,128.00,51.80,0.31,0.31,1.00,
ZZZZ,T0025,02:06:58,19-Sep-2019,,
CPU_ALL,T0025,5.36,4.19,0.08,90.38,12.00,
CPU011,T0025,0.00,0.66,0.00,99.34,
CPU010,T0025,0.00,0.66,0.00,99.34,
CPU09,T0025,0.00,0.71,0.00,99.29,
CPU08,T0025,0.00,57.69,0.00,42.31,
CPU07,T0025,0.00,0.71,0.00,99.29,
CPU06,T0025,0.00,0.77,0.00,99.23,
CPU05,T0025,0.00,0.81,0.00,99.19,
CPU04,T0025,0.00,56.54,0.00,43.46,
CPU03,T0025,0.82,2.02,0.00,97.15,
CPU02,T0025,1.29,2.57,0.01,96.13,
CPU01,T0025,13.02,10.05,0.11,76.82,
CPU00,T0025,54.59,42.36,0.09,2.97,
DISKBUSY,T0025,0.00,0.00,0.00,
DISKREAD,T0025,14.03,14.11,0.00,
DISKWRITE,T0025,14.75,131.15,0.00,
DISKXFER,T0025,1.53,11.94,0.00,
DISKSERV,T0025,0.00,0.00,0.00,
DISKWAIT,T0025,0.00,0.00,0.00,
MEMREAL,T0025,9437184.00,15337.80,15.42,50.59,49.25,47.39,
MEMVIRT,T0025,2097152.00,99.38,0.62,158.95,556.68,0.00,0.00,82.37,2349.54,0.00,
PROC,T0025,8.51,0.20,6343.24,17003.15,877.63,340.35,12.16,11.48,57.40,4.00,123.00,
LAN,T0025,2117.74,0.01,0.13,703.38,0.37,0.40,567.36,0.05,0.65,681.11,4.39,5.88,0.00,0.00,0.00,
IP,T0025,33.56,4.27,5.88,681.11,33.56,0.05,0.65,567.36,66.80,0.28,0.32,694.07,66.80,0.01,0.13,2117.53,
TCPUDP,T0025,576.21,708.50,24.05,7.54,
FILE,T0025,2.89,3582.93,0.00,2239791.25,1661806.25,
JFSFILE,T0025,15.21,70.74,77.01,73.89,3.89,44.22,
JFSINODE,T0025,3.03,9.23,19.58,4.33,0.02,2.25,
LPAR,T0025,0.33,3.00,12.00,64.00,2.00,128.00,51.68,0.52,0.52,1.00,
ZZZZ,T0026,02:11:59,19-Sep-2019,,
CPU_ALL,T0026,5.89,4.70,0.12,89.28,12.00,
CPU011,T0026,0.00,0.45,0.00,99.55,
CPU010,T0026,0.00,0.45,0.00,99.55,
CPU09,T0026,0.00,0.53,0.00,99.47,
CPU08,T0026,0.00,58.61,0.00,41.39,
CPU07,T0026,0.00,0.46,0.00,99.54,
CPU06,T0026,0.00,0.49,0.00,99.51,
CPU05,T0026,0.00,0.53,0.00,99.47,
CPU04,T0026,0.00,58.48,0.00,41.52,
CPU03,T0026,0.65,1.69,0.01,97.66,
CPU02,T0026,0.77,1.60,0.00,97.63,
CPU01,T0026,11.96,11.68,0.21,76.15,
CPU00,T0026,54.60,42.61,0.12,2.67,
DISKBUSY,T0026,0.00,0.00,0.00,
DISKREAD,T0026,7.02,7.18,0.00,
DISKWRITE,T0026,16.77,191.41,0.00,
DISKXFER,T0026,1.69,14.51,0.00,
DISKSERV,T0026,0.00,0.00,0.00,
DISKWAIT,T0026,0.00,0.00,0.00,
MEMREAL,T0026,9437184.00,8527.80,15.42,50.59,49.32,47.46,
MEMVIRT,T0026,2097152.00,99.38,0.62,135.57,308.30,0.00,0.01,72.78,2311.85,21.02,
PROC,T0026,10.93,1.00,6521.15,17805.52,828.05,365.47,12.18,11.47,53.20,4.60,123.00,
LAN,T0026,1659.56,0.00,0.14,661.08,0.34,0.22,612.62,0.06,0.74,771.51,3.95,2.65,0.00,0.00,0.00,
IP,T0026,48.97,3.83,2.65,771.51,48.97,0.06,0.74,612.60,110.08,0.26,0.19,650.53,110.08,0.00,0.14,1659.46,
TCPUDP,T0026,628.76,813.87,32.18,7.83,
FILE,T0026,3.83,3686.54,0.00,1629728.12,1093696.88,
JFSFILE,T0026,15.21,70.74,77.01,73.89,3.89,44.22,
JFSINODE,T0026,3.03,9.23,19.58,4.33,0.02,2.25,
LPAR,T0026,0.37,3.00,12.00,64.00,2.00,128.00,52.82,0.58,0.58,1.00,
ZZZZ,T0027,02:16:59,19-Sep-2019,,
CPU_ALL,T0027,2.83,2.86,0.00,94.31,12.00,
CPU011,T0027,0.00,1.38,0.00,98.62,
CPU010,T0027,0.00,1.33,0.00,98.67,
CPU09,T0027,0.00,1.50,0.00,98.50,
CPU08,T0027,0.00,50.10,0.00,49.90,
CPU07,T0027,0.00,1.53,0.00,98.47,
CPU06,T0027,0.00,1.65,0.00,98.35,
CPU05,T0027,0.00,1.76,0.00,98.24,
CPU04,T0027,0.00,47.59,0.00,52.41,
CPU03,T0027,1.93,1.41,0.00,96.66,
CPU02,T0027,0.58,2.80,0.00,96.62,
CPU01,T0027,7.97,8.19,0.08,83.76,
CPU00,T0027,48.51,48.22,0.01,3.26,
DISKBUSY,T0027,0.00,0.00,0.00,
DISKREAD,T0027,14.06,14.03,0.00,
DISKWRITE,T0027,15.44,52.09,0.00,
DISKXFER,T0027,1.67,5.85,0.00,
DISKSERV,T0027,0.00,0.00,0.00,
DISKWAIT,T0027,0.00,0.00,0.00,
MEMREAL,T0027,9437184.00,9784.60,15.42,50.59,49.31,47.45,
MEMVIRT,T0027,2097152.00,99.38,0.62,0.00,2.13,0.00,0.00,2.08,2248.27,1.86,
PROC,T0027,8.13,0.00,5241.23,15726.74,549.91,100.64,12.16,11.48,47.20,2.00,123.00,
LAN,T0027,153.46,0.01,0.13,21.07,0.35,0.24,95.57,0.06,0.69,90.31,4.10,2.99,0.00,0.00,0.00,
IP,T0027,10.35,3.99,2.99,90.31,10.35,0.06,0.69,95.56,2.10,0.27,0.20,19.84,2.10,0.01,0.13,153.46,
TCPUDP,T0027,94.65,94.44,10.31,7.52,
FILE,T0027,1.12,3630.71,0.00,872615.00,21889.93,
JFSFILE,T0027,15.21,70.74,77.01,73.89,3.89,44.22,
JFSINODE,T0027,3.03,9.23,19.58,4.33,0.02,2.25,
LPAR,T0027,0.20,3.00,12.00,64.00,2.00,128.00,53.85,0.31,0.31,1.00,
ZZZZ,T0028,02:21:59,19-Sep-2019,,
CPU_ALL,T0028,2.85,2.77,0.00,94.38,12.00,
CPU011,T0028,0.00,1.52,0.00,98.48,
CPU010,T0028,0.00,1.52,0.00,98.48,
CPU09,T0028,0.00,1.67,0.00,98.33,
CPU08,T0028,0.00,49.43,0.00,50.57,
CPU07,T0028,0.00,1.53,0.00,98.47,
CPU06,T0028,0.00,1.62,0.00,98.38,
CPU05,T0028,0.00,1.74,0.00,98.26,
CPU04,T0028,0.00,46.76,0.00,53.24,
CPU03,T0028,0.72,1.90,0.09,97.28,
CPU02,T0028,0.50,3.47,0.00,96.03,
CPU01,T0028,9.13,8.06,0.01,82.79,
CPU00,T0028,49.56,46.96,0.01,3.48,
DISKBUSY,T0028,0.00,0.00,0.00,
DISKREAD,T0028,7.10,7.02,0.00,
DISKWRITE,T0028,10.56,60.47,0.00,
DISKXFER,T0028,1.17,6.40,0.00,
DISKSERV,T0028,0.00,0.00,0.00,
DISKWAIT,T0028,0.00,0.00,0.00,
MEMREAL,T0028,9437184.00,10126.40,15.42,50.58,49.31,47.45,
MEMVIRT,T0028,2097152.00,99.38,0.62,0.69,2.77,0.00,0.00,2.62,2218.56,0.00,
PROC,T0028,9.30,0.00,5313.48,14705.94,511.75,203.26,12.14,11.44,42.00,2.00,123.20,
LAN,T0028,158.59,0.00,0.13,25.32,0.41,0.35,117.08,0.05,0.68,112.59,4.45,4.90,0.00,0.00,0.00,
IP,T0028,10.06,4.33,4.90,112.59,10.06,0.05,0.68,117.07,1.90,0.33,0.28,23.79,1.90,0.00,0.13,158.59,
TCPUDP,T0028,116.04,116.28,9.92,8.06,
FILE,T0028,0.98,3345.03,0.00,705490.12,23970.45,
JFSFILE,T0028,15.21,70.74,77.01,73.89,3.89,44.23,
JFSINODE,T0028,3.03,9.23,19.58,4.33,0.02,2.25,
LPAR,T0028,0.20,3.00,12.00,64.00,2.00,128.00,54.09,0.31,0.31,1.00,
ZZZZ,T0029,02:26:59,19-Sep-2019,,
CPU_ALL,T0029,3.89,3.48,0.01,92.61,12.00,
CPU011,T0029,0.00,0.46,0.00,99.54,
CPU010,T0029,0.00,0.47,0.00,99.53,
CPU09,T0029,0.00,0.51,0.00,99.49,
CPU08,T0029,6.25,56.48,0.02,37.25,
CPU07,T0029,0.00,0.38,0.00,99.62,
CPU06,T0029,0.00,0.38,0.00,99.62,
CPU05,T0029,0.00,0.41,0.00,99.59,
CPU04,T0029,14.73,49.42,0.00,35.84,
CPU03,T0029,0.75,3.01,0.00,96.23,
CPU02,T0029,1.15,3.69,0.00,95.16,
