CPU_ALL,CPU Total ,User%,Sys%,Wait%,Idle%,CPUs,
CPU011,CPU Total ,User%,Sys%,Wait%,Idle%,
CPU010,CPU Total ,User%,Sys%,Wait%,Idle%,
CPU09,CPU Total ,User%,Sys%,Wait%,Idle%,
CPU08,CPU Total ,User%,Sys%,Wait%,Idle%,
CPU07,CPU Total ,User%,Sys%,Wait%,Idle%,
CPU06,CPU Total ,User%,Sys%,Wait%,Idle%,
CPU05,CPU Total ,User%,Sys%,Wait%,Idle%,
CPU04,CPU Total ,User%,Sys%,Wait%,Idle%,
CPU03,CPU Total ,User%,Sys%,Wait%,Idle%,
CPU02,CPU Total ,User%,Sys%,Wait%,Idle%,
CPU01,CPU Total ,User%,Sys%,Wait%,Idle%,
CPU00,CPU Total ,User%,Sys%,Wait%,Idle%,
DISKBUSY,Disk %Busy ,hdisk1,hdisk99,hdisk0,
DISKREAD,Disk Read 512 bytes per sec ,hdisk1,hdisk99,hdisk0,
DISKWRITE,Disk Write 512 bytes per sec ,hdisk1,hdisk99,hdisk0,
DISKXFER,Disk transfers per second ,hdisk1,hdisk99,hdisk0,
DISKSERV,Disk Avg service time/transfer ,hdisk1,hdisk99,hdisk0,
DISKWAIT,Average wait queue time for read/write transfers,hdisk1,hdisk99,hdisk0,
MEMREAL,Real Memory Statistics,Size 4k pages,free frames 4k,%pinned,%comp,%noncomp,%client,
MEMVIRT,PgSp / Virtual Memory Statistics,PageSpace,%free,%used,pagein,pageout,pgspgin,pgspgout,sio,totfaults,steal,
PROC,Processes ,Runnable,Swap-in,pswitch,syscall,read,write,fork,exec,loadavg,utilavg,numprocs,
LAN,LAN Interfaces Statistics,ent0/kbytesout,ent2/kbytesout,ent1/kbytesout,ent0/kbytesin,ent2/kbytesin,ent1/kbytesin,ent0/framesout,ent2/framesout,ent1/framesout,ent0/framesin,ent2/framesin,ent1/framesin,ent0/recvdrops,ent2/recvdrops,ent1/recvdrops,
IP,IP Statistics for network interface,lo0/ipacket,en2/ipacket,en1/ipacket,en0/ipacket,lo0/opacket,en2/opacket,en1/opacket,en0/opacket,lo0/ioctet_kb,en2/ioctet_kb,en1/ioctet_kb,en0/ioctet_kb,lo0/ooctet_kb,en2/ooctet_kb,en1/ooctet_kb,en0/ooctet_kb,
TCPUDP,IP Protocol statistics,TCPSendTot,TCPRcvTot,UDPSnddgrm,UDPRcvdgrm,
FILE,File I/O ,iget,namei,dirblk,readch,writech,
JFSFILE,JFS Filespace %Used,/,/home,/usr,/var,/tmp,/opt,
JFSINODE,JFS Inode %Used,/,/home,/usr,/var,/tmp,opt,
LPAR,LPAR Stats,PhysicalCPU,VirtualCPUs,LogicalCPUs,poolCPUS,entitled,weight,poolIdle,UsedAllCPU%,UsedPoolCPU%,SharedCPU,
ZZZZ,T0001,00:08:23,27-Sep-2019,,
CPU_ALL,T0001,3.78,3.07,0.01,93.15,12.00,
CPU011,T0001,0.00,0.85,0.00,99.15,
CPU010,T0001,0.00,0.85,0.00,99.15,
CPU09,T0001,0.00,0.94,0.00,99.06,
CPU08,T0001,18.06,44.63,0.00,37.31,
CPU07,T0001,0.00,1.27,0.00,98.73,
CPU06,T0001,0.00,1.20,0.00,98.80,
CPU05,T0001,0.00,1.50,0.00,98.50,
CPU04,T0001,4.51,53.45,0.00,42.05,
CPU03,T0001,0.62,1.64,0.00,97.74,
CPU02,T0001,0.68,1.61,0.00,97.72,
CPU01,T0001,10.91,10.72,0.03,78.34,
CPU00,T0001,52.39,44.07,0.01,3.52,
DISKBUSY,T0001,0.00,0.00,0.00,
DISKREAD,T0001,14.03,14.06,0.00,
DISKWRITE,T0001,11.33,67.67,0.00,
DISKXFER,T0001,1.19,7.37,0.00,
DISKSERV,T0001,0.00,0.00,0.00,
DISKWAIT,T0001,0.00,0.00,0.00,
MEMREAL,T0001,9437184.00,147762.20,15.44,48.19,50.25,48.24,
MEMVIRT,T0001,2097152.00,99.40,0.60,4.40,6.46,0.00,0.00,3.61,2325.37,0.00,
PROC,T0001,8.41,0.00,5707.43,15820.92,570.68,140.38,12.15,11.48,41.60,2.80,123.00,
LAN,T0001,243.38,0.00,0.13,115.00,0.34,0.73,312.48,0.04,0.64,312.67,3.90,11.65,0.00,0.00,0.00,
IP,T0001,10.30,3.78,11.65,312.67,10.30,0.04,0.64,312.48,2.13,0.26,0.57,110.73,2.13,0.00,0.13,243.37,
TCPUDP,T0001,310.65,316.64,10.82,7.70,
FILE,T0001,1.21,3368.32,0.00,925756.31,40331.05,
JFSFILE,T0001,15.20,71.09,77.01,74.05,3.90,44.28,
JFSINODE,T0001,3.03,9.40,19.58,4.36,0.02,2.26,
LPAR,T0001,0.24,3.00,12.00,64.00,2.00,128.00,42.64,0.38,0.38,1.00,
ZZZZ,T0002,00:13:23,27-Sep-2019,,
CPU_ALL,T0002,17.90,9.92,0.58,71.60,12.00,
CPU011,T0002,0.63,3.85,0.38,95.13,
CPU010,T0002,0.84,4.09,0.37,94.69,
CPU09,T0002,3.51,11.69,0.92,83.88,
CPU08,T0002,7.60,57.58,0.48,34.35,
CPU07,T0002,0.77,4.43,0.30,94.50,
CPU06,T0002,0.79,4.34,0.34,94.53,
CPU05,T0002,14.00,13.68,0.81,71.50,
CPU04,T0002,38.65,41.83,0.41,19.11,
CPU03,T0002,1.36,5.72,0.25,92.66,
CPU02,T0002,1.79,5.72,0.30,92.19,
CPU01,T0002,17.30,15.92,0.70,66.08,
CPU00,T0002,63.40,31.40,0.29,4.91,
DISKBUSY,T0002,0.00,0.00,0.00,
DISKREAD,T0002,7.02,7.04,0.00,
DISKWRITE,T0002,13.15,93.47,0.00,
DISKXFER,T0002,1.19,8.63,0.00,
DISKSERV,T0002,0.00,0.00,0.00,
DISKWAIT,T0002,0.00,0.00,0.00,
MEMREAL,T0002,9437184.00,198347.80,15.44,48.20,49.70,47.70,
MEMVIRT,T0002,2097152.00,99.40,0.60,3463.32,1167.73,0.00,0.01,340.64,2344.89,0.00,
PROC,T0002,8.24,0.48,12583.89,28428.81,2739.63,3282.77,12.15,11.44,81.80,10.60,123.20,
LAN,T0002,20784.57,0.00,0.13,4854.83,0.36,0.30,2626.78,0.05,0.64,4631.91,4.10,4.07,0.00,0.00,0.00,
IP,T0002,10.63,3.98,4.07,4631.91,10.63,0.05,0.64,2626.70,2.07,0.27,0.24,4791.50,2.07,0.01,0.13,13794.63,
TCPUDP,T0002,2590.56,4635.79,45.96,7.78,
FILE,T0002,1.30,3675.84,0.00,8567947.00,7964361.50,
JFSFILE,T0002,15.20,71.09,77.01,74.05,3.90,44.29,
JFSINODE,T0002,3.03,9.40,19.58,4.36,0.02,2.26,
LPAR,T0002,0.96,3.00,12.00,64.00,2.00,128.00,41.58,1.49,1.49,1.00,
ZZZZ,T0003,00:18:23,27-Sep-2019,,
CPU_ALL,T0003,14.14,4.82,0.01,81.03,12.00,
CPU011,T0003,0.00,0.24,0.00,99.76,
CPU010,T0003,0.00,0.15,0.00,99.85,
CPU09,T0003,0.00,0.35,0.00,99.65,
CPU08,T0003,0.00,57.60,0.00,42.40,
CPU07,T0003,0.00,1.09,0.00,98.91,
CPU06,T0003,0.00,1.04,0.00,98.96,
CPU05,T0003,8.33,2.21,0.00,89.46,
CPU04,T0003,32.99,40.71,0.00,26.30,
CPU03,T0003,0.33,2.72,0.00,96.94,
CPU02,T0003,0.25,2.53,0.00,97.22,
CPU01,T0003,15.14,8.51,0.07,76.29,
CPU00,T0003,68.13,27.55,0.00,4.31,
DISKBUSY,T0003,0.00,0.00,0.00,
DISKREAD,T0003,14.03,14.03,0.00,
DISKWRITE,T0003,13.57,61.33,0.00,
DISKXFER,T0003,1.28,6.20,0.00,
DISKSERV,T0003,0.00,0.00,0.00,
DISKWAIT,T0003,0.00,0.00,0.00,
MEMREAL,T0003,9437184.00,199450.20,15.44,48.19,49.69,47.69,
MEMVIRT,T0003,2097152.00,99.40,0.60,9.89,11.16,0.00,0.00,4.98,2292.50,0.00,
PROC,T0003,7.84,0.00,9206.30,24509.78,2085.91,2190.19,12.19,11.51,53.80,7.60,123.60,
LAN,T0003,12177.11,0.00,0.12,606.38,0.37,0.24,1750.37,0.03,0.63,3025.29,4.08,3.09,0.00,0.00,0.00,
IP,T0003,10.73,3.96,3.09,3025.29,10.73,0.03,0.63,1750.35,2.09,0.29,0.20,565.02,2.09,0.00,0.12,5187.63,
TCPUDP,T0003,1749.95,3029.91,10.40,7.89,
FILE,T0003,1.08,3377.11,0.00,9961701.00,9163161.00,
JFSFILE,T0003,15.20,71.09,77.01,74.05,3.90,44.29,
JFSINODE,T0003,3.03,9.40,19.58,4.36,0.02,2.26,
LPAR,T0003,0.67,3.00,12.00,64.00,2.00,128.00,43.72,1.05,1.05,1.00,
ZZZZ,T0004,00:23:23,27-Sep-2019,,
CPU_ALL,T0004,6.94,3.83,0.00,89.22,12.00,
CPU011,T0004,0.00,0.18,0.00,99.82,
CPU010,T0004,0.00,0.17,0.00,99.83,
CPU09,T0004,0.00,0.24,0.00,99.76,
CPU08,T0004,0.00,58.80,0.00,41.20,
CPU07,T0004,0.00,0.28,0.00,99.72,
CPU06,T0004,0.00,0.19,0.00,99.81,
CPU05,T0004,0.00,0.31,0.00,99.69,
CPU04,T0004,0.00,58.44,0.00,41.56,
CPU03,T0004,0.48,2.44,0.00,97.09,
CPU02,T0004,0.38,2.53,0.00,97.09,
CPU01,T0004,8.95,8.79,0.03,82.23,
CPU00,T0004,64.38,31.56,0.00,4.06,
DISKBUSY,T0004,0.00,0.00,0.00,
DISKREAD,T0004,7.02,7.02,0.00,
DISKWRITE,T0004,13.07,60.18,0.00,
DISKXFER,T0004,1.19,6.40,0.00,
DISKSERV,T0004,0.00,0.00,0.00,
DISKWAIT,T0004,0.00,0.00,0.00,
MEMREAL,T0004,9437184.00,199560.00,15.44,48.19,49.70,47.69,
MEMVIRT,T0004,2097152.00,99.40,0.60,2.49,2.56,0.00,0.00,2.53,2202.44,0.00,
PROC,T0004,10.19,0.00,7820.54,17405.34,523.93,181.27,12.13,11.43,57.40,5.00,123.00,
LAN,T0004,668.59,0.00,0.13,478.59,0.35,0.25,1424.69,0.06,0.71,1418.43,4.10,3.06,0.00,0.00,0.00,
IP,T0004,10.37,3.98,3.06,1418.43,10.37,0.06,0.71,1424.67,2.01,0.27,0.20,459.20,2.01,0.01,0.13,668.58,
TCPUDP,T0004,1424.25,1422.47,10.04,7.77,
FILE,T0004,0.97,3214.40,0.00,742567.88,25262.01,
JFSFILE,T0004,15.20,71.09,77.01,74.06,3.90,44.30,
JFSINODE,T0004,3.03,9.40,19.58,4.36,0.02,2.26,
LPAR,T0004,0.39,3.00,12.00,64.00,2.00,128.00,44.04,0.61,0.61,1.00,
ZZZZ,T0005,00:28:23,27-Sep-2019,,
CPU_ALL,T0005,7.11,3.99,0.00,88.89,12.00,
CPU011,T0005,0.00,0.24,0.00,99.76,
CPU010,T0005,0.00,0.17,0.00,99.83,
CPU09,T0005,0.00,0.29,0.00,99.71,
CPU08,T0005,0.00,58.57,0.00,41.43,
CPU07,T0005,0.00,0.19,0.00,99.81,
CPU06,T0005,0.00,0.17,0.00,99.83,
CPU05,T0005,0.00,0.22,0.00,99.78,
CPU04,T0005,0.00,58.26,0.00,41.74,
CPU03,T0005,0.80,2.68,0.01,96.51,
CPU02,T0005,0.56,2.63,0.00,96.82,
CPU01,T0005,10.33,10.99,0.01,78.67,
CPU00,T0005,64.14,31.53,0.00,4.33,
DISKBUSY,T0005,0.00,0.00,0.00,
DISKREAD,T0005,14.03,14.03,0.00,
DISKWRITE,T0005,12.08,53.54,0.00,
DISKXFER,T0005,1.18,5.92,0.00,
DISKSERV,T0005,0.00,0.00,0.00,
DISKWAIT,T0005,0.00,0.00,0.00,
MEMREAL,T0005,9437184.00,199286.80,15.44,48.19,49.70,47.69,
MEMVIRT,T0005,2097152.00,99.40,0.60,0.98,2.14,0.00,0.00,1.98,2262.80,0.00,
PROC,T0005,10.80,0.00,7982.40,18492.14,556.73,103.90,12.17,11.50,53.20,5.40,123.00,
LAN,T0005,707.48,0.00,0.13,490.02,0.36,0.31,1508.77,0.04,0.67,1502.36,3.93,4.18,0.00,0.00,0.00,
IP,T0005,10.59,3.82,4.18,1502.36,10.59,0.04,0.67,1508.73,2.17,0.27,0.25,469.48,2.17,0.00,0.13,707.46,
TCPUDP,T0005,1508.66,1506.67,9.94,7.75,
FILE,T0005,0.92,3475.99,0.00,887975.00,23209.18,
JFSFILE,T0005,15.20,71.09,77.01,74.06,3.90,44.30,
JFSINODE,T0005,3.03,9.40,19.58,4.36,0.02,2.26,
LPAR,T0005,0.40,3.00,12.00,64.00,2.00,128.00,44.80,0.63,0.63,1.00,
ZZZZ,T0006,00:33:24,27-Sep-2019,,
CPU_ALL,T0006,7.00,3.92,0.00,89.08,12.00,
CPU011,T0006,0.00,0.19,0.00,99.81,
CPU010,T0006,0.00,0.18,0.00,99.82,
CPU09,T0006,0.00,0.25,0.00,99.75,
CPU08,T0006,0.00,58.69,0.00,41.31,
CPU07,T0006,0.00,0.20,0.00,99.80,
CPU06,T0006,0.00,0.19,0.00,99.81,
CPU05,T0006,0.00,0.25,0.00,99.75,
CPU04,T0006,0.00,58.60,0.00,41.40,
CPU03,T0006,0.43,2.55,0.00,97.02,
CPU02,T0006,0.36,2.64,0.00,97.00,
CPU01,T0006,8.88,10.17,0.01,80.95,
CPU00,T0006,64.29,31.40,0.00,4.31,
DISKBUSY,T0006,0.00,0.00,0.00,
DISKREAD,T0006,7.02,7.02,0.00,
DISKWRITE,T0006,11.97,50.06,0.00,
DISKXFER,T0006,1.15,5.41,0.00,
DISKSERV,T0006,0.00,0.00,0.00,
DISKWAIT,T0006,0.00,0.00,0.00,
MEMREAL,T0006,9437184.00,198938.41,15.44,48.19,49.70,47.69,
MEMVIRT,T0006,2097152.00,99.40,0.60,2.08,2.37,0.00,0.01,2.21,2197.95,0.00,
PROC,T0006,9.71,0.20,7998.93,17508.47,509.11,195.32,12.14,11.43,62.20,5.00,123.00,
LAN,T0006,718.20,0.01,0.13,432.09,0.34,0.32,1524.26,0.06,0.70,1517.41,3.98,4.29,0.00,0.00,0.00,
IP,T0006,10.29,3.87,4.29,1517.41,10.29,0.06,0.70,1524.23,2.08,0.26,0.26,411.34,2.09,0.00,0.13,718.18,
TCPUDP,T0006,1524.12,1521.14,9.81,7.68,
FILE,T0006,0.86,3155.46,0.00,697119.81,24033.04,
JFSFILE,T0006,15.20,71.09,77.01,74.06,3.90,44.30,
JFSINODE,T0006,3.03,9.40,19.58,4.36,0.02,2.26,
LPAR,T0006,0.40,3.00,12.00,64.00,2.00,128.00,40.79,0.62,0.62,1.00,
ZZZZ,T0007,00:38:24,27-Sep-2019,,
CPU_ALL,T0007,3.79,2.99,0.00,93.22,12.00,
CPU011,T0007,0.00,0.95,0.00,99.05,
CPU010,T0007,0.00,0.96,0.00,99.04,
CPU09,T0007,0.00,1.03,0.00,98.97,
CPU08,T0007,8.49,50.13,0.00,41.38,
CPU07,T0007,0.00,1.28,0.00,98.72,
CPU06,T0007,0.00,1.38,0.00,98.62,
CPU05,T0007,0.00,1.47,0.00,98.53,
CPU04,T0007,3.41,51.75,0.02,44.82,
CPU03,T0007,0.68,1.62,0.00,97.70,
CPU02,T0007,0.48,1.35,0.00,98.17,
CPU01,T0007,11.22,11.42,0.02,77.33,
CPU00,T0007,52.94,43.26,0.01,3.79,
DISKBUSY,T0007,0.00,0.00,0.00,
DISKREAD,T0007,14.03,14.03,0.00,
DISKWRITE,T0007,8.69,64.43,0.00,
DISKXFER,T0007,1.01,7.05,0.00,
DISKSERV,T0007,0.00,0.00,0.00,
DISKWAIT,T0007,0.00,0.00,0.00,
MEMREAL,T0007,9437184.00,198729.80,15.44,48.19,49.70,47.70,
MEMVIRT,T0007,2097152.00,99.40,0.60,0.33,2.27,0.00,0.00,2.21,2315.28,0.00,
PROC,T0007,8.57,0.00,5727.66,16154.67,567.30,118.80,12.19,11.52,38.60,3.00,123.20,
LAN,T0007,271.40,0.00,0.13,117.68,0.36,0.35,444.17,0.04,0.64,438.10,3.91,4.93,0.00,0.00,0.00,
IP,T0007,9.93,3.79,4.93,438.10,9.93,0.04,0.64,444.15,1.98,0.28,0.28,111.69,1.98,0.00,0.13,271.40,
TCPUDP,T0007,442.91,441.71,10.27,7.81,
FILE,T0007,1.06,3378.01,0.00,954758.62,21937.26,
JFSFILE,T0007,15.20,71.09,77.01,74.07,3.90,44.31,
JFSINODE,T0007,3.03,9.40,19.58,4.36,0.02,2.26,
LPAR,T0007,0.24,3.00,12.00,64.00,2.00,128.00,45.70,0.38,0.38,1.00,
ZZZZ,T0008,00:43:24,27-Sep-2019,,
CPU_ALL,T0008,2.46,2.68,0.01,94.85,12.00,
CPU011,T0008,0.00,1.67,0.00,98.33,
CPU010,T0008,0.00,1.73,0.00,98.27,
CPU09,T0008,0.00,1.86,0.00,98.14,
CPU08,T0008,0.00,48.37,0.00,51.63,
CPU07,T0008,0.00,1.65,0.00,98.35,
CPU06,T0008,0.00,1.74,0.00,98.26,
CPU05,T0008,0.00,1.87,0.00,98.13,
CPU04,T0008,0.00,49.28,0.00,50.72,
CPU03,T0008,0.38,1.02,0.00,98.61,
CPU02,T0008,0.83,1.13,0.00,98.03,
CPU01,T0008,6.47,9.82,0.07,83.63,
CPU00,T0008,47.04,49.87,0.01,3.08,
DISKBUSY,T0008,0.00,0.00,0.00,
DISKREAD,T0008,7.02,7.02,0.00,
DISKWRITE,T0008,6.80,50.45,0.00,
DISKXFER,T0008,0.84,5.58,0.00,
DISKSERV,T0008,0.00,0.00,0.00,
DISKWAIT,T0008,0.00,0.00,0.00,
MEMREAL,T0008,9437184.00,198854.20,15.44,48.19,49.70,47.70,
MEMVIRT,T0008,2097152.00,99.40,0.60,1.03,4.09,0.00,0.00,2.25,2205.69,0.00,
PROC,T0008,8.61,0.00,4895.47,14986.95,533.73,94.62,12.13,11.43,42.40,2.00,123.00,
LAN,T0008,122.82,0.00,0.13,23.36,0.35,0.19,59.09,0.06,0.64,55.64,3.99,2.05,0.00,0.00,0.00,
IP,T0008,9.64,3.87,2.05,55.64,9.64,0.06,0.64,59.09,1.82,0.26,0.16,22.60,1.82,0.01,0.13,122.82,
TCPUDP,T0008,58.14,58.97,9.71,7.65,
FILE,T0008,0.83,3400.79,0.00,803622.38,30965.32,
JFSFILE,T0008,15.20,71.09,77.01,74.07,3.90,44.31,
JFSINODE,T0008,3.03,9.40,19.58,4.36,0.02,2.26,
LPAR,T0008,0.18,3.00,12.00,64.00,2.00,128.00,45.11,0.28,0.28,1.00,
ZZZZ,T0009,00:48:24,27-Sep-2019,,
CPU_ALL,T0009,2.64,2.66,0.01,94.69,12.00,
CPU011,T0009,0.00,1.59,0.00,98.41,
CPU010,T0009,0.00,1.59,0.00,98.41,
CPU09,T0009,0.00,1.75,0.00,98.25,
CPU08,T0009,0.00,49.13,0.00,50.87,
CPU07,T0009,0.00,1.78,0.00,98.22,
CPU06,T0009,0.00,1.88,0.00,98.12,
CPU05,T0009,0.00,2.03,0.00,97.97,
CPU04,T0009,0.00,47.06,0.00,52.94,
CPU03,T0009,0.45,0.93,0.00,98.62,
CPU02,T0009,0.83,1.07,0.00,98.10,
CPU01,T0009,8.63,12.10,0.03,79.23,
CPU00,T0009,48.92,47.81,0.02,3.25,
DISKBUSY,T0009,0.00,0.00,0.00,
DISKREAD,T0009,14.03,14.08,0.00,
DISKWRITE,T0009,6.96,52.18,0.00,
DISKXFER,T0009,0.89,5.71,0.00,
DISKSERV,T0009,0.00,0.00,0.00,
DISKWAIT,T0009,0.00,0.00,0.00,
MEMREAL,T0009,9437184.00,199061.00,15.44,48.19,49.70,47.69,
MEMVIRT,T0009,2097152.00,99.40,0.60,1.30,5.56,0.00,0.00,2.90,2273.67,0.00,
PROC,T0009,12.63,0.40,4900.42,14572.37,542.58,191.04,12.17,11.50,46.40,2.00,123.00,
LAN,T0009,129.18,0.01,0.13,29.95,0.35,0.19,66.16,0.06,0.65,63.16,3.95,2.14,0.00,0.00,0.00,
IP,T0009,10.20,3.83,2.14,63.16,10.20,0.06,0.65,66.16,2.09,0.27,0.16,29.08,2.09,0.00,0.13,129.18,
TCPUDP,T0009,65.60,67.06,9.94,7.78,
FILE,T0009,0.92,3192.50,0.00,815526.00,38292.00,
JFSFILE,T0009,15.20,71.09,77.01,74.07,3.90,44.32,
JFSINODE,T0009,3.03,9.40,19.58,4.37,0.02,2.26,
LPAR,T0009,0.19,3.00,12.00,64.00,2.00,128.00,46.85,0.29,0.29,1.00,
ZZZZ,T0010,00:53:24,27-Sep-2019,,
CPU_ALL,T0010,2.53,2.70,0.01,94.76,12.00,
CPU011,T0010,0.00,1.56,0.00,98.44,
CPU010,T0010,0.00,1.59,0.00,98.41,
CPU09,T0010,0.00,1.68,0.00,98.32,
CPU08,T0010,0.00,49.67,0.00,50.33,
CPU07,T0010,0.00,1.79,0.00,98.21,
CPU06,T0010,0.00,1.86,0.00,98.14,
CPU05,T0010,0.00,2.00,0.00,98.00,
CPU04,T0010,0.00,47.39,0.00,52.61,
CPU03,T0010,0.59,0.95,0.00,98.45,
CPU02,T0010,0.89,1.14,0.00,97.98,
CPU01,T0010,7.03,10.48,0.02,82.48,
CPU00,T0010,47.51,49.35,0.01,3.13,
DISKBUSY,T0010,0.00,0.00,0.00,
DISKREAD,T0010,7.02,7.02,0.00,
DISKWRITE,T0010,6.75,60.75,0.00,
DISKXFER,T0010,0.83,6.56,0.00,
DISKSERV,T0010,0.00,0.00,0.00,
DISKWAIT,T0010,0.00,0.00,0.00,
MEMREAL,T0010,9437184.00,199044.20,15.44,48.19,49.70,47.69,
MEMVIRT,T0010,2097152.00,99.40,0.60,2.56,5.36,0.00,0.00,3.00,2217.36,0.00,
PROC,T0010,7.49,0.00,4954.75,14951.50,551.98,122.79,12.16,11.46,38.80,2.00,123.00,
LAN,T0010,128.82,0.01,0.13,29.59,0.34,0.35,64.19,0.06,0.71,60.69,4.00,4.82,0.00,0.00,0.00,
IP,T0010,9.73,3.89,4.82,60.69,9.73,0.06,0.71,64.19,1.97,0.26,0.28,28.76,1.98,0.01,0.13,128.82,
TCPUDP,T0010,63.27,63.89,10.03,7.66,
FILE,T0010,0.95,3296.46,0.00,848314.25,37806.45,
JFSFILE,T0010,15.20,71.09,77.01,74.07,3.90,44.32,
JFSINODE,T0010,3.03,9.40,19.58,4.37,0.02,2.26,
LPAR,T0010,0.18,3.00,12.00,64.00,2.00,128.00,46.14,0.29,0.29,1.00,
ZZZZ,T0011,00:58:24,27-Sep-2019,,
CPU_ALL,T0011,2.61,2.74,0.00,94.65,12.00,
CPU011,T0011,0.00,1.69,0.00,98.31,
CPU010,T0011,0.00,1.67,0.00,98.33,
CPU09,T0011,0.00,1.84,0.00,98.16,
CPU08,T0011,0.00,48.43,0.00,51.57,
CPU07,T0011,0.00,1.72,0.00,98.28,
CPU06,T0011,0.00,1.84,0.00,98.16,
CPU05,T0011,0.00,1.96,0.00,98.04,
CPU04,T0011,0.00,46.45,0.00,53.55,
CPU03,T0011,0.45,0.71,0.00,98.84,
CPU02,T0011,2.34,1.98,0.01,95.68,
CPU01,T0011,8.47,10.47,0.02,81.04,
CPU00,T0011,47.46,49.23,0.01,3.30,
DISKBUSY,T0011,0.00,0.00,0.00,
DISKREAD,T0011,14.03,14.03,0.00,
DISKWRITE,T0011,8.43,52.86,0.00,
DISKXFER,T0011,0.97,5.89,0.00,
DISKSERV,T0011,0.00,0.00,0.00,
DISKWAIT,T0011,0.00,0.00,0.00,
MEMREAL,T0011,9437184.00,199410.00,15.44,48.19,49.70,47.69,
MEMVIRT,T0011,2097152.00,99.40,0.60,0.78,4.92,0.00,0.00,2.65,2279.26,0.00,
PROC,T0011,8.50,0.20,5170.20,15433.51,553.68,99.09,12.18,11.50,47.60,2.00,123.20,
LAN,T0011,125.89,0.00,0.13,26.42,0.35,0.19,62.91,0.05,0.67,59.36,3.92,2.09,0.00,0.00,0.00,
IP,T0011,10.37,3.80,2.09,59.36,10.37,0.05,0.67,62.91,2.08,0.27,0.16,25.61,2.08,0.00,0.13,125.89,
TCPUDP,T0011,62.72,63.37,9.92,7.82,
FILE,T0011,0.90,3408.18,0.00,892751.56,34937.48,
JFSFILE,T0011,15.20,71.09,77.01,74.07,3.90,44.32,
JFSINODE,T0011,3.03,9.40,19.58,4.37,0.02,2.26,
LPAR,T0011,0.19,3.00,12.00,64.00,2.00,128.00,45.58,0.29,0.29,1.00,
ZZZZ,T0012,01:03:24,27-Sep-2019,,
CPU_ALL,T0012,4.55,3.33,0.02,92.10,12.00,
CPU011,T0012,0.00,0.92,0.00,99.08,
CPU010,T0012,0.00,0.92,0.00,99.08,
CPU09,T0012,0.00,1.00,0.00,99.00,
CPU08,T0012,0.00,54.22,0.00,45.78,
CPU07,T0012,0.00,0.99,0.00,99.01,
CPU06,T0012,0.00,1.08,0.00,98.92,
CPU05,T0012,0.00,1.16,0.00,98.84,
CPU04,T0012,0.00,52.96,0.00,47.04,
CPU03,T0012,0.77,1.70,0.01,97.52,
CPU02,T0012,0.69,2.05,0.00,97.26,
CPU01,T0012,8.74,9.49,0.06,81.72,
CPU00,T0012,55.47,41.08,0.01,3.43,
DISKBUSY,T0012,0.00,0.00,0.00,
DISKREAD,T0012,7.02,7.07,0.00,
DISKWRITE,T0012,11.49,52.22,0.00,
DISKXFER,T0012,1.19,5.56,0.00,
DISKSERV,T0012,0.00,0.00,0.00,
DISKWAIT,T0012,0.00,0.00,0.00,
MEMREAL,T0012,9437184.00,199750.80,15.44,48.19,49.69,47.69,
MEMVIRT,T0012,2097152.00,99.40,0.60,16.03,7.09,0.00,0.00,4.10,2213.64,0.00,
PROC,T0012,9.10,0.00,6547.69,16392.38,530.70,171.15,12.14,11.44,44.20,3.40,123.00,
LAN,T0012,424.77,0.00,0.13,331.47,0.36,0.30,838.18,0.05,0.69,854.68,4.17,3.97,0.00,0.00,0.00,
IP,T0012,10.33,4.05,3.97,854.68,10.33,0.05,0.69,838.17,2.06,0.28,0.24,319.79,2.06,0.01,0.13,424.76,
TCPUDP,T0012,837.85,858.66,9.88,7.83,
FILE,T0012,0.88,3222.30,0.00,743942.00,43443.54,
JFSFILE,T0012,15.21,71.09,77.01,74.08,3.90,44.33,
JFSINODE,T0012,3.03,9.40,19.58,4.37,0.02,2.26,
LPAR,T0012,0.28,3.00,12.00,64.00,2.00,128.00,42.33,0.44,0.44,1.00,
ZZZZ,T0013,01:08:24,27-Sep-2019,,
CPU_ALL,T0013,8.69,3.58,0.02,87.71,12.00,
CPU011,T0013,0.00,0.91,0.00,99.09,
CPU010,T0013,0.00,0.93,0.00,99.07,
CPU09,T0013,0.73,1.08,0.00,98.19,
CPU08,T0013,31.52,42.64,0.04,25.80,
CPU07,T0013,0.00,0.89,0.00,99.11,
CPU06,T0013,0.79,1.02,0.00,98.19,
CPU05,T0013,5.98,3.38,0.18,90.46,
CPU04,T0013,33.34,42.41,0.04,24.21,
CPU03,T0013,0.53,1.55,0.00,97.92,
CPU02,T0013,0.50,1.60,0.00,97.91,
CPU01,T0013,14.98,9.02,0.02,75.99,
CPU00,T0013,67.94,28.97,0.01,3.07,
DISKBUSY,T0013,0.00,0.20,0.00,
DISKREAD,T0013,505.15,760.53,0.00,
DISKWRITE,T0013,13.92,93.45,0.00,
DISKXFER,T0013,3.62,14.09,0.00,
DISKSERV,T0013,0.00,0.00,0.00,
DISKWAIT,T0013,0.00,0.00,0.00,
MEMREAL,T0013,9437184.00,199269.41,15.44,48.19,49.70,47.69,
MEMVIRT,T0013,2097152.00,99.40,0.60,2.78,3.72,0.00,0.01,3.85,3277.72,0.00,
PROC,T0013,11.83,0.20,6752.79,17939.04,657.57,163.31,16.57,15.99,58.80,5.40,123.00,
LAN,T0013,448.56,0.00,0.14,977.81,0.34,0.20,846.97,0.04,0.75,857.93,3.83,2.15,0.00,0.00,0.00,
IP,T0013,11.57,3.72,2.15,857.93,11.57,0.04,0.75,846.96,2.07,0.26,0.17,757.98,2.07,0.00,0.14,448.53,
TCPUDP,T0013,843.55,862.88,13.74,7.95,
FILE,T0013,2.30,3551.53,0.00,1648108.88,30386.20,
JFSFILE,T0013,15.21,71.09,77.01,74.08,3.90,44.33,
JFSINODE,T0013,3.03,9.41,19.58,4.37,0.02,2.26,
LPAR,T0013,0.43,3.00,12.00,64.00,2.00,128.00,39.78,0.67,0.67,1.00,
ZZZZ,T0014,01:13:24,27-Sep-2019,,
CPU_ALL,T0014,4.22,2.98,0.01,92.79,12.00,
CPU011,T0014,0.00,0.84,0.00,99.16,
CPU010,T0014,0.00,1.04,0.00,98.96,
CPU09,T0014,0.00,0.92,0.00,99.08,
CPU08,T0014,0.00,57.07,0.00,42.93,
CPU07,T0014,0.00,0.84,0.00,99.16,
CPU06,T0014,0.00,0.88,0.00,99.12,
CPU05,T0014,0.00,0.95,0.00,99.05,
CPU04,T0014,0.00,56.41,0.00,43.59,
CPU03,T0014,0.51,1.26,0.00,98.23,
CPU02,T0014,0.48,1.31,0.00,98.20,
CPU01,T0014,8.36,9.21,0.00,82.42,
CPU00,T0014,56.79,39.89,0.01,3.31,
DISKBUSY,T0014,0.00,0.00,0.00,
DISKREAD,T0014,7.02,7.02,0.00,
DISKWRITE,T0014,10.96,56.17,0.00,
DISKXFER,T0014,1.12,6.15,0.00,
DISKSERV,T0014,0.00,0.00,0.00,
DISKWAIT,T0014,0.00,0.00,0.00,
MEMREAL,T0014,9437184.00,198689.80,15.44,48.19,49.71,47.70,
MEMVIRT,T0014,2097152.00,99.40,0.60,1.30,2.28,0.00,0.00,3.16,2202.18,0.00,
PROC,T0014,10.50,0.00,5831.12,14831.31,506.45,204.03,12.13,11.42,42.20,3.20,122.40,
LAN,T0014,246.47,0.00,0.12,334.82,0.36,0.20,386.00,0.05,0.57,385.94,4.09,2.40,0.00,0.00,0.00,
IP,T0014,10.37,3.97,2.40,385.94,10.37,0.05,0.57,386.00,2.12,0.27,0.17,329.54,2.13,0.00,0.12,246.47,
TCPUDP,T0014,384.89,389.89,9.99,7.73,
FILE,T0014,0.96,3083.01,0.00,661171.75,21483.12,
JFSFILE,T0014,15.21,71.09,77.01,74.08,3.90,44.34,
JFSINODE,T0014,3.03,9.41,19.58,4.37,0.02,2.26,
LPAR,T0014,0.26,3.00,12.00,64.00,2.00,128.00,41.36,0.40,0.40,1.00,
ZZZZ,T0015,01:18:24,27-Sep-2019,,
CPU_ALL,T0015,4.29,3.12,0.00,92.58,12.00,
CPU011,T0015,0.00,0.74,0.00,99.26,
CPU010,T0015,0.00,0.88,0.00,99.12,
CPU09,T0015,0.00,0.76,0.00,99.24,
CPU08,T0015,0.00,56.69,0.00,43.31,
CPU07,T0015,0.00,0.72,0.00,99.28,
CPU06,T0015,0.00,1.08,0.00,98.92,
CPU05,T0015,0.00,0.83,0.00,99.17,
CPU04,T0015,0.00,56.52,0.00,43.48,
CPU03,T0015,0.71,1.37,0.00,97.92,
CPU02,T0015,0.56,1.43,0.00,98.01,
CPU01,T0015,8.26,10.80,0.01,80.93,
CPU00,T0015,56.28,40.29,0.01,3.42,
DISKBUSY,T0015,0.00,0.00,0.00,
DISKREAD,T0015,7.12,7.04,0.00,
DISKWRITE,T0015,10.91,52.21,0.00,
DISKXFER,T0015,1.13,5.61,0.00,
DISKSERV,T0015,0.00,0.00,0.00,
DISKWAIT,T0015,0.00,0.00,0.00,
MEMREAL,T0015,9437184.00,198234.80,15.44,48.19,49.71,47.70,
MEMVIRT,T0015,2097152.00,99.40,0.60,0.77,2.21,0.00,0.00,2.39,2275.29,0.00,
PROC,T0015,9.56,0.20,5903.80,16241.26,545.84,116.14,12.19,11.49,43.40,3.20,123.20,
LAN,T0015,268.04,0.00,0.13,313.01,0.37,0.34,438.48,0.04,0.65,439.97,4.09,4.81,0.00,0.00,0.00,
IP,T0015,10.25,3.97,4.81,439.97,10.25,0.04,0.65,438.47,2.03,0.29,0.28,307.00,2.03,0.00,0.13,268.04,
TCPUDP,T0015,437.38,443.78,9.99,8.00,
FILE,T0015,0.92,3326.71,0.00,866741.81,20770.31,
JFSFILE,T0015,15.21,71.09,77.01,74.08,3.90,44.34,
JFSINODE,T0015,3.03,9.41,19.58,4.37,0.02,2.26,
LPAR,T0015,0.26,3.00,12.00,64.00,2.00,128.00,41.90,0.41,0.41,1.00,
ZZZZ,T0016,01:23:24,27-Sep-2019,,
CPU_ALL,T0016,2.64,2.67,0.00,94.69,12.00,
CPU011,T0016,0.00,1.53,0.00,98.47,
CPU010,T0016,0.00,1.73,0.00,98.27,
CPU09,T0016,0.00,1.67,0.00,98.33,
CPU08,T0016,0.00,50.50,0.00,49.50,
CPU07,T0016,0.00,1.80,0.00,98.20,
CPU06,T0016,0.00,2.06,0.00,97.94,
CPU05,T0016,0.00,2.11,0.00,97.89,
CPU04,T0016,0.00,48.11,0.00,51.89,
CPU03,T0016,1.33,1.68,0.00,97.00,
CPU02,T0016,0.90,1.13,0.00,97.97,
CPU01,T0016,7.57,8.76,0.00,83.66,
CPU00,T0016,48.62,48.42,0.01,2.96,
DISKBUSY,T0016,0.00,0.00,0.00,
DISKREAD,T0016,7.02,7.02,0.00,
DISKWRITE,T0016,6.21,61.38,0.00,
DISKXFER,T0016,0.77,6.53,0.00,
DISKSERV,T0016,0.00,0.00,0.00,
DISKWAIT,T0016,0.00,0.00,0.00,
MEMREAL,T0016,9437184.00,198097.59,15.44,48.19,49.71,47.70,
MEMVIRT,T0016,2097152.00,99.40,0.60,0.33,1.93,0.00,0.00,1.94,2207.21,0.00,
PROC,T0016,10.89,0.00,4896.52,14157.81,522.12,192.34,12.15,11.44,42.00,2.00,123.00,
LAN,T0016,107.98,0.01,0.13,9.14,0.35,0.18,45.22,0.06,0.66,40.05,4.09,2.05,0.00,0.00,0.00,
IP,T0016,9.67,3.97,2.05,40.05,9.67,0.06,0.66,45.22,1.87,0.27,0.16,8.59,1.87,0.00,0.13,107.98,
TCPUDP,T0016,43.51,43.44,9.94,7.69,
FILE,T0016,0.95,3121.31,0.00,735504.88,20896.68,
JFSFILE,T0016,15.21,71.09,77.01,74.09,3.90,44.34,
JFSINODE,T0016,3.03,9.41,19.58,4.37,0.02,2.26,
LPAR,T0016,0.19,3.00,12.00,64.00,2.00,128.00,43.12,0.29,0.29,1.00,
ZZZZ,T0017,01:28:24,27-Sep-2019,,
CPU_ALL,T0017,2.63,2.78,0.00,94.58,12.00,
CPU011,T0017,0.00,1.64,0.00,98.36,
CPU010,T0017,0.00,1.65,0.00,98.35,
CPU09,T0017,0.00,1.77,0.00,98.23,
CPU08,T0017,0.00,50.85,0.00,49.15,
CPU07,T0017,0.00,1.68,0.00,98.32,
CPU06,T0017,0.00,1.78,0.00,98.22,
CPU05,T0017,0.00,1.94,0.00,98.06,
CPU04,T0017,0.00,48.15,0.00,51.85,
CPU03,T0017,1.10,1.68,0.08,97.14,
CPU02,T0017,0.24,0.73,0.00,99.02,
CPU01,T0017,9.91,9.33,0.02,80.74,
CPU00,T0017,47.19,49.75,0.00,3.06,
DISKBUSY,T0017,0.00,0.00,0.00,
DISKREAD,T0017,7.02,7.02,0.00,
DISKWRITE,T0017,6.85,55.71,0.00,
DISKXFER,T0017,0.84,6.26,0.00,
DISKSERV,T0017,0.00,0.00,0.00,
DISKWAIT,T0017,0.00,0.00,0.00,
MEMREAL,T0017,9437184.00,198035.20,15.44,48.19,49.71,47.70,
MEMVIRT,T0017,2097152.00,99.40,0.60,0.77,1.86,0.00,0.00,1.87,2270.67,0.00,
PROC,T0017,12.49,0.00,4863.50,15164.36,550.51,157.80,12.16,11.48,39.20,2.00,123.00,
LAN,T0017,108.94,0.00,0.13,9.94,0.35,0.19,46.05,0.03,0.65,41.35,3.90,2.10,0.00,0.00,0.00,
IP,T0017,9.89,3.78,2.10,41.35,9.89,0.03,0.65,46.05,2.01,0.27,0.16,9.38,2.01,0.00,0.13,108.94,
TCPUDP,T0017,44.40,44.87,10.05,7.79,
FILE,T0017,0.94,3419.13,0.00,867697.88,21633.38,
JFSFILE,T0017,15.21,71.09,77.01,74.09,3.90,44.35,
JFSINODE,T0017,3.03,9.41,19.58,4.37,0.02,2.26,
LPAR,T0017,0.19,3.00,12.00,64.00,2.00,128.00,46.93,0.30,0.30,1.00,
ZZZZ,T0018,01:33:24,27-Sep-2019,,
CPU_ALL,T0018,2.22,2.76,0.01,95.02,12.00,
CPU011,T0018,0.00,1.35,0.00,98.65,
CPU010,T0018,0.00,1.36,0.00,98.64,
CPU09,T0018,0.00,1.48,0.00,98.52,
CPU08,T0018,9.11,50.34,0.00,40.54,
CPU07,T0018,0.00,1.61,0.00,98.39,
CPU06,T0018,0.00,1.75,0.00,98.25,
CPU05,T0018,0.00,1.82,0.00,98.18,
CPU04,T0018,11.10,46.43,0.02,42.45,
CPU03,T0018,1.20,1.49,0.00,97.31,
CPU02,T0018,0.76,1.14,0.00,98.10,
CPU01,T0018,8.86,13.50,0.04,77.60,
CPU00,T0018,43.04,53.30,0.01,3.65,
DISKBUSY,T0018,0.00,0.00,0.00,
DISKREAD,T0018,28.06,46.92,0.00,
DISKWRITE,T0018,6.51,80.98,0.00,
DISKXFER,T0018,0.91,8.19,0.00,
DISKSERV,T0018,0.00,0.00,0.00,
DISKWAIT,T0018,0.00,0.00,0.00,
MEMREAL,T0018,9437184.00,197793.20,15.44,48.19,49.72,47.70,
MEMVIRT,T0018,2097152.00,99.40,0.60,1.27,4.30,0.00,0.00,4.73,2892.36,0.00,
PROC,T0018,8.37,0.00,5009.30,12782.64,545.13,313.70,16.58,14.49,37.40,2.20,123.00,
LAN,T0018,109.51,0.01,0.13,10.38,0.34,0.20,46.14,0.06,0.66,41.06,4.03,2.31,0.00,0.00,0.00,
IP,T0018,9.91,3.92,2.31,41.06,9.91,0.06,0.66,46.14,1.92,0.26,0.17,9.82,1.92,0.01,0.13,109.51,
TCPUDP,T0018,44.30,44.64,10.50,7.65,
FILE,T0018,1.16,2881.11,0.00,760367.81,47137.35,
JFSFILE,T0018,15.21,71.09,77.01,74.09,3.90,44.35,
JFSINODE,T0018,3.03,9.41,19.58,4.37,0.02,2.26,
LPAR,T0018,0.18,3.00,12.00,64.00,2.00,128.00,46.49,0.27,0.27,1.00,
ZZZZ,T0019,01:38:24,27-Sep-2019,,
CPU_ALL,T0019,2.60,2.68,0.00,94.72,12.00,
CPU011,T0019,0.00,1.56,0.00,98.44,
CPU010,T0019,0.00,1.58,0.00,98.42,
CPU09,T0019,0.00,1.70,0.00,98.30,
CPU08,T0019,2.69,51.78,0.00,45.53,
CPU07,T0019,0.00,1.92,0.00,98.08,
CPU06,T0019,0.00,1.99,0.00,98.01,
CPU05,T0019,0.00,2.21,0.00,97.79,
CPU04,T0019,1.62,48.52,0.00,49.86,
CPU03,T0019,1.27,0.97,0.00,97.76,
CPU02,T0019,0.84,1.32,0.00,97.84,
CPU01,T0019,9.80,11.13,0.06,79.01,
CPU00,T0019,47.53,49.06,0.01,3.41,
DISKBUSY,T0019,0.00,0.00,0.00,
DISKREAD,T0019,7.02,7.02,0.00,
DISKWRITE,T0019,6.80,81.50,0.00,
DISKXFER,T0019,0.83,8.85,0.00,
DISKSERV,T0019,0.00,0.00,0.00,
DISKWAIT,T0019,0.00,0.00,0.00,
MEMREAL,T0019,9437184.00,197967.41,15.44,48.19,49.71,47.70,
MEMVIRT,T0019,2097152.00,99.40,0.60,1.31,3.38,0.00,0.00,3.46,2303.67,0.00,
PROC,T0019,7.74,0.00,4907.26,13689.14,500.01,492.93,12.17,11.49,35.60,2.00,123.00,
LAN,T0019,109.93,0.00,0.12,10.68,0.36,0.37,45.55,0.05,0.63,40.40,3.95,5.31,0.00,0.00,0.00,
IP,T0019,10.02,3.84,5.31,40.40,10.02,0.05,0.63,45.55,2.08,0.28,0.30,10.13,2.08,0.00,0.12,109.90,
TCPUDP,T0019,44.39,43.85,10.60,7.78,
FILE,T0019,1.21,3075.67,0.00,700866.69,28532.33,
JFSFILE,T0019,15.21,71.09,77.01,74.02,3.90,44.36,
JFSINODE,T0019,3.03,9.41,19.58,4.36,0.02,2.26,
LPAR,T0019,0.19,3.00,12.00,64.00,2.00,128.00,47.00,0.29,0.29,1.00,
ZZZZ,T0020,01:43:24,27-Sep-2019,,
CPU_ALL,T0020,2.62,2.68,0.00,94.70,12.00,
CPU011,T0020,0.00,1.61,0.00,98.39,
CPU010,T0020,0.00,1.61,0.00,98.39,
CPU09,T0020,0.00,1.74,0.00,98.26,
CPU08,T0020,0.00,50.81,0.00,49.19,
CPU07,T0020,0.00,1.69,0.00,98.31,
CPU06,T0020,0.00,1.78,0.00,98.22,
CPU05,T0020,0.00,1.98,0.00,98.02,
CPU04,T0020,0.00,47.97,0.00,52.03,
CPU03,T0020,1.33,1.77,0.00,96.90,
CPU02,T0020,0.47,0.82,0.00,98.71,
CPU01,T0020,7.84,8.74,0.00,83.42,
CPU00,T0020,48.24,48.73,0.01,3.02,
DISKBUSY,T0020,0.00,0.00,0.00,
DISKREAD,T0020,14.03,14.03,0.00,
DISKWRITE,T0020,6.29,55.91,0.00,
DISKXFER,T0020,0.82,6.28,0.00,
DISKSERV,T0020,0.00,0.00,0.00,
DISKWAIT,T0020,0.00,0.00,0.00,
MEMREAL,T0020,9437184.00,198388.59,15.44,48.19,49.71,47.70,
MEMVIRT,T0020,2097152.00,99.40,0.60,0.33,1.82,0.00,0.00,1.83,2219.55,0.00,
PROC,T0020,8.00,0.00,4867.26,14306.33,522.21,142.75,12.15,11.46,34.00,2.00,123.00,
LAN,T0020,108.28,0.00,0.13,9.38,0.35,0.49,44.22,0.06,0.65,39.29,4.01,7.52,0.00,0.00,0.00,
IP,T0020,9.89,3.90,7.52,39.29,9.89,0.06,0.65,44.22,2.00,0.26,0.39,8.84,1.99,0.01,0.13,108.28,
TCPUDP,T0020,44.13,42.86,9.96,7.61,
FILE,T0020,0.96,3226.14,0.00,755794.88,20696.92,
JFSFILE,T0020,15.21,71.09,77.01,73.92,3.90,44.36,
JFSINODE,T0020,3.03,9.41,19.58,4.34,0.02,2.26,
LPAR,T0020,0.19,3.00,12.00,64.00,2.00,128.00,48.32,0.29,0.29,1.00,
ZZZZ,T0021,01:48:24,27-Sep-2019,,
CPU_ALL,T0021,2.63,2.60,0.00,94.76,12.00,
CPU011,T0021,0.00,1.89,0.00,98.11,
CPU010,T0021,0.00,1.88,0.00,98.12,
CPU09,T0021,0.00,2.08,0.00,97.92,
CPU08,T0021,0.00,48.99,0.00,51.01,
CPU07,T0021,0.00,1.84,0.00,98.16,
CPU06,T0021,0.00,1.93,0.00,98.07,
CPU05,T0021,0.00,2.13,0.00,97.87,
CPU04,T0021,0.00,47.49,0.00,52.51,
CPU03,T0021,0.99,1.40,0.00,97.60,
CPU02,T0021,0.79,0.88,0.00,98.32,
CPU01,T0021,9.29,11.48,0.01,79.22,
CPU00,T0021,49.21,47.59,0.00,3.19,
DISKBUSY,T0021,0.00,0.00,0.00,
DISKREAD,T0021,7.02,7.10,0.00,
DISKWRITE,T0021,7.09,54.18,0.00,
DISKXFER,T0021,0.87,5.94,0.00,
DISKSERV,T0021,0.00,0.00,0.00,
DISKWAIT,T0021,0.00,0.00,0.00,
MEMREAL,T0021,9437184.00,198309.59,15.44,48.19,49.71,47.70,
MEMVIRT,T0021,2097152.00,99.40,0.60,0.01,1.78,0.00,0.00,1.78,2269.94,0.00,
PROC,T0021,11.26,0.00,4889.05,14440.06,528.98,179.10,12.16,11.48,43.60,2.00,123.00,
LAN,T0021,107.60,0.01,0.13,8.62,0.36,0.23,43.69,0.05,0.68,38.52,3.99,2.83,0.00,0.00,0.00,
IP,T0021,9.79,3.88,2.83,38.52,9.79,0.05,0.68,43.69,1.86,0.27,0.19,8.09,1.86,0.00,0.13,107.60,
TCPUDP,T0021,43.49,42.01,9.97,7.86,
FILE,T0021,0.91,3172.54,0.00,781236.44,20003.93,
JFSFILE,T0021,15.21,71.09,77.01,73.92,3.90,44.37,
JFSINODE,T0021,3.03,9.41,19.58,4.34,0.02,2.26,
LPAR,T0021,0.18,3.00,12.00,64.00,2.00,128.00,50.26,0.29,0.29,1.00,
ZZZZ,T0022,01:53:24,27-Sep-2019,,
CPU_ALL,T0022,2.60,2.62,0.00,94.78,12.00,
CPU011,T0022,0.00,1.86,0.00,98.14,
CPU010,T0022,0.00,1.88,0.00,98.12,
CPU09,T0022,0.00,2.03,0.00,97.97,
CPU08,T0022,0.00,47.58,0.00,52.42,
CPU07,T0022,0.00,1.90,0.00,98.10,
CPU06,T0022,0.00,2.01,0.00,97.99,
CPU05,T0022,0.00,2.18,0.00,97.82,
CPU04,T0022,0.00,47.46,0.00,52.54,
CPU03,T0022,1.64,1.29,0.00,97.07,
CPU02,T0022,0.64,0.97,0.00,98.39,
CPU01,T0022,7.53,11.42,0.01,81.04,
CPU00,T0022,48.85,47.89,0.00,3.25,
DISKBUSY,T0022,0.00,0.00,0.00,
DISKREAD,T0022,14.03,14.03,0.00,
DISKWRITE,T0022,8.48,58.98,0.00,
DISKXFER,T0022,0.99,6.57,0.00,
DISKSERV,T0022,0.00,0.00,0.00,
DISKWAIT,T0022,0.00,0.00,0.00,
MEMREAL,T0022,9437184.00,198204.80,15.44,48.19,49.71,47.70,
MEMVIRT,T0022,2097152.00,99.40,0.60,0.00,2.00,0.00,0.00,1.98,2224.81,0.00,
PROC,T0022,9.11,0.00,5140.18,15103.44,542.76,129.49,12.14,11.44,39.40,2.00,123.00,
LAN,T0022,107.65,0.01,0.12,9.57,0.34,0.19,45.33,0.07,0.60,40.18,4.02,2.11,0.00,0.00,0.00,
IP,T0022,10.35,3.90,2.11,40.18,10.35,0.07,0.60,45.33,2.10,0.27,0.16,9.02,2.10,0.01,0.12,107.65,
TCPUDP,T0022,45.70,44.22,9.96,7.63,
FILE,T0022,0.96,3290.37,0.00,815347.31,21486.89,
JFSFILE,T0022,15.21,71.09,77.01,73.93,3.90,44.37,
JFSINODE,T0022,3.03,9.41,19.58,4.34,0.02,2.26,
LPAR,T0022,0.18,3.00,12.00,64.00,2.00,128.00,51.59,0.29,0.29,1.00,
ZZZZ,T0023,01:58:24,27-Sep-2019,,
CPU_ALL,T0023,2.59,2.64,0.00,94.77,12.00,
CPU011,T0023,0.00,1.92,0.00,98.08,
CPU010,T0023,0.00,1.91,0.00,98.09,
CPU09,T0023,0.00,2.11,0.00,97.89,
CPU08,T0023,0.00,44.62,0.00,55.38,
CPU07,T0023,0.00,1.94,0.00,98.06,
CPU06,T0023,0.00,2.06,0.00,97.94,
CPU05,T0023,0.00,2.22,0.00,97.78,
CPU04,T0023,0.00,43.07,0.00,56.93,
CPU03,T0023,1.62,1.39,0.00,96.99,
CPU02,T0023,0.65,1.15,0.00,98.20,
CPU01,T0023,8.97,9.26,0.02,81.75,
CPU00,T0023,48.02,48.65,0.00,3.33,
DISKBUSY,T0023,0.00,0.00,0.00,
DISKREAD,T0023,7.02,7.02,0.00,
DISKWRITE,T0023,8.11,54.12,0.00,
DISKXFER,T0023,0.90,6.03,0.00,
DISKSERV,T0023,0.00,0.00,0.00,
DISKWAIT,T0023,0.00,0.00,0.00,
MEMREAL,T0023,9437184.00,198120.00,15.44,48.19,49.71,47.70,
MEMVIRT,T0023,2097152.00,99.40,0.60,0.00,1.76,0.00,0.00,1.75,2256.66,0.00,
PROC,T0023,11.03,0.20,5185.25,15450.14,548.04,95.47,12.17,11.48,47.80,2.00,123.00,
LAN,T0023,107.46,0.00,0.13,8.57,0.34,0.19,43.59,0.06,0.66,38.82,3.82,2.17,0.00,0.00,0.00,
IP,T0023,10.08,3.70,2.17,38.82,10.08,0.06,0.66,43.59,1.98,0.26,0.16,8.04,1.98,0.01,0.13,107.46,
TCPUDP,T0023,43.73,42.42,9.89,7.65,
FILE,T0023,0.89,3377.56,0.00,892100.62,19450.46,
JFSFILE,T0023,15.22,71.09,77.01,73.93,3.90,44.37,
JFSINODE,T0023,3.03,9.41,19.58,4.34,0.02,2.26,
LPAR,T0023,0.18,3.00,12.00,64.00,2.00,128.00,51.53,0.29,0.29,1.00,
ZZZZ,T0024,02:03:24,27-Sep-2019,,
CPU_ALL,T0024,3.68,3.34,0.05,92.93,12.00,
CPU011,T0024,0.00,1.06,0.00,98.94,
CPU010,T0024,0.00,1.04,0.00,98.96,
CPU09,T0024,0.00,1.15,0.00,98.85,
CPU08,T0024,0.00,53.95,0.00,46.05,
CPU07,T0024,0.00,1.14,0.00,98.86,
CPU06,T0024,0.00,1.19,0.00,98.81,
CPU05,T0024,0.00,1.31,0.00,98.69,
CPU04,T0024,0.00,51.95,0.00,48.05,
CPU03,T0024,1.33,1.73,0.04,96.90,
CPU02,T0024,0.39,1.42,0.07,98.12,
CPU01,T0024,8.92,9.44,0.05,81.58,
CPU00,T0024,50.70,46.05,0.05,3.20,
DISKBUSY,T0024,0.00,0.00,0.00,
DISKREAD,T0024,17.07,15.10,0.00,
DISKWRITE,T0024,10.96,83.65,0.00,
DISKXFER,T0024,1.35,8.34,0.00,
DISKSERV,T0024,0.00,0.00,0.00,
DISKWAIT,T0024,0.00,0.00,0.00,
MEMREAL,T0024,9437184.00,194612.80,15.44,48.19,49.75,47.73,
MEMVIRT,T0024,2097152.00,99.40,0.60,112.48,558.89,0.01,0.00,67.07,2322.62,0.00,
PROC,T0024,12.50,0.20,5929.75,16054.16,792.91,252.34,12.23,11.53,43.60,3.20,123.00,
LAN,T0024,1796.72,0.01,0.19,464.29,0.38,0.32,306.62,0.06,0.80,376.81,4.35,4.24,0.00,0.00,0.00,
IP,T0024,18.68,4.23,4.24,376.81,18.68,0.06,0.80,306.61,25.51,0.29,0.27,459.14,25.51,0.00,0.19,1796.72,
TCPUDP,T0024,309.63,389.22,15.76,7.93,
FILE,T0024,1.67,3341.07,0.00,2159521.50,1556499.62,
JFSFILE,T0024,15.22,71.09,77.01,73.93,3.90,44.38,
JFSINODE,T0024,3.03,9.41,19.58,4.34,0.02,2.26,
LPAR,T0024,0.25,3.00,12.00,64.00,2.00,128.00,49.06,0.39,0.39,1.00,
ZZZZ,T0025,02:08:24,27-Sep-2019,,
CPU_ALL,T0025,5.16,3.86,0.07,90.91,12.00,
CPU011,T0025,0.00,0.51,0.00,99.49,
CPU010,T0025,0.00,0.52,0.00,99.48,
CPU09,T0025,0.00,0.57,0.00,99.43,
CPU08,T0025,15.59,48.03,0.00,36.38,
CPU07,T0025,0.00,0.71,0.00,99.29,
CPU06,T0025,0.00,0.72,0.00,99.28,
CPU05,T0025,0.00,0.78,0.00,99.22,
CPU04,T0025,3.84,55.68,0.00,40.48,
CPU03,T0025,0.57,1.45,0.00,97.98,
CPU02,T0025,1.07,1.86,0.00,97.07,
CPU01,T0025,11.66,11.43,0.08,76.83,
CPU00,T0025,55.87,40.84,0.08,3.20,
DISKBUSY,T0025,0.00,0.00,0.00,
DISKREAD,T0025,7.07,7.04,0.00,
DISKWRITE,T0025,15.17,135.23,0.00,
DISKXFER,T0025,1.52,12.39,0.00,
DISKSERV,T0025,0.00,0.00,0.00,
DISKWAIT,T0025,0.00,0.00,0.00,
MEMREAL,T0025,9437184.00,189741.41,15.44,48.19,49.80,47.78,
MEMVIRT,T0025,2097152.00,99.40,0.60,84.86,181.90,0.00,0.00,45.49,2345.30,0.00,
PROC,T0025,6.30,0.20,6246.70,17443.18,749.10,243.92,12.17,11.49,47.20,4.00,122.40,
LAN,T0025,1033.12,0.00,0.13,461.49,0.34,0.19,505.19,0.06,0.68,599.74,3.88,2.04,0.00,0.00,0.00,
IP,T0025,38.12,3.77,2.04,599.74,38.12,0.06,0.68,505.18,79.06,0.26,0.16,453.29,79.06,0.00,0.13,1033.11,
TCPUDP,T0025,517.39,631.50,25.47,7.71,
FILE,T0025,2.98,3571.15,0.00,1433745.50,648377.19,
JFSFILE,T0025,15.22,71.09,77.01,73.93,3.90,44.38,
JFSINODE,T0025,3.03,9.41,19.58,4.34,0.02,2.26,
LPAR,T0025,0.32,3.00,12.00,64.00,2.00,128.00,51.76,0.49,0.49,1.00,
ZZZZ,T0026,02:13:24,27-Sep-2019,,
CPU_ALL,T0026,4.80,3.88,0.09,91.23,12.00,
CPU011,T0026,0.00,0.78,0.00,99.22,
CPU010,T0026,0.00,0.71,0.00,99.29,
CPU09,T0026,0.00,1.00,0.00,99.00,
CPU08,T0026,0.00,56.81,0.00,43.19,
CPU07,T0026,0.00,0.90,0.00,99.10,
CPU06,T0026,0.00,0.75,0.00,99.25,
CPU05,T0026,0.00,1.03,0.00,98.97,
CPU04,T0026,0.00,56.02,0.00,43.98,
CPU03,T0026,0.41,1.49,0.01,98.09,
CPU02,T0026,1.05,1.64,0.00,97.31,
CPU01,T0026,8.94,10.15,0.10,80.81,
CPU00,T0026,53.42,43.61,0.11,2.86,
DISKBUSY,T0026,0.00,0.00,0.00,
DISKREAD,T0026,14.03,14.03,0.00,
DISKWRITE,T0026,12.59,131.12,0.00,
DISKXFER,T0026,1.31,12.53,0.00,
DISKSERV,T0026,0.00,0.00,0.00,
DISKWAIT,T0026,0.00,0.00,0.00,
MEMREAL,T0026,9437184.00,190229.41,15.44,48.19,49.79,47.78,
MEMVIRT,T0026,2097152.00,99.40,0.60,91.57,243.53,0.00,0.00,52.03,2264.37,0.00,
PROC,T0026,8.25,0.60,6161.61,16839.68,761.03,336.05,12.15,11.45,50.80,3.60,122.40,
LAN,T0026,1296.61,0.01,0.13,542.58,0.36,0.19,461.03,0.07,0.64,589.60,4.11,2.16,0.00,0.00,0.00,
IP,T0026,39.50,3.99,2.16,589.60,39.50,0.07,0.64,461.02,83.52,0.28,0.16,534.52,83.52,0.01,0.13,869.90,
TCPUDP,T0026,473.24,622.71,26.56,7.75,
FILE,T0026,3.07,3339.17,0.00,1433195.62,871562.81,
JFSFILE,T0026,15.22,71.09,77.01,73.94,3.90,44.39,
JFSINODE,T0026,3.03,9.41,19.58,4.34,0.02,2.26,
LPAR,T0026,0.30,3.00,12.00,64.00,2.00,128.00,52.23,0.48,0.48,1.00,
ZZZZ,T0027,02:18:24,27-Sep-2019,,
CPU_ALL,T0027,2.59,2.65,0.01,94.75,12.00,
CPU011,T0027,0.00,1.74,0.00,98.26,
CPU010,T0027,0.00,1.69,0.00,98.31,
CPU09,T0027,0.00,1.94,0.00,98.06,
CPU08,T0027,0.00,48.75,0.00,51.25,
CPU07,T0027,0.00,1.83,0.00,98.17,
CPU06,T0027,0.00,1.90,0.00,98.10,
CPU05,T0027,0.00,2.08,0.00,97.92,
CPU04,T0027,0.00,45.93,0.00,54.07,
CPU03,T0027,0.59,0.84,0.00,98.57,
CPU02,T0027,1.57,1.06,0.00,97.37,
CPU01,T0027,8.06,10.37,0.02,81.55,
CPU00,T0027,48.23,48.61,0.02,3.15,
DISKBUSY,T0027,0.00,0.00,0.00,
DISKREAD,T0027,7.02,7.02,0.00,
DISKWRITE,T0027,7.07,59.46,0.00,
DISKXFER,T0027,0.86,6.29,0.00,
DISKSERV,T0027,0.00,0.00,0.00,
DISKWAIT,T0027,0.00,0.00,0.00,
MEMREAL,T0027,9437184.00,189717.41,15.44,48.19,49.80,47.78,
MEMVIRT,T0027,2097152.00,99.40,0.60,0.75,12.48,0.00,0.00,3.08,2244.44,0.00,
PROC,T0027,9.73,0.20,4956.21,15026.83,544.73,124.07,12.16,11.48,43.00,2.00,123.00,
LAN,T0027,154.53,0.00,0.13,55.59,0.37,0.19,64.22,0.05,0.66,62.21,4.10,2.05,0.00,0.00,0.00,
IP,T0027,10.07,3.99,2.05,62.21,10.07,0.05,0.66,64.22,1.99,0.29,0.16,54.74,1.99,0.00,0.13,154.52,
TCPUDP,T0027,63.39,65.85,9.84,7.90,
FILE,T0027,0.91,3312.83,0.00,884050.88,63981.41,
JFSFILE,T0027,15.22,71.09,77.01,73.94,3.90,44.39,
JFSINODE,T0027,3.03,9.41,19.58,4.34,0.02,2.26,
LPAR,T0027,0.18,3.00,12.00,64.00,2.00,128.00,54.16,0.29,0.29,1.00,
ZZZZ,T0028,02:23:24,27-Sep-2019,,
CPU_ALL,T0028,2.53,2.53,0.00,94.94,12.00,
CPU011,T0028,0.00,1.81,0.00,98.19,
CPU010,T0028,0.00,1.76,0.00,98.24,
CPU09,T0028,0.00,1.96,0.00,98.04,
CPU08,T0028,0.00,46.19,0.00,53.81,
CPU07,T0028,0.00,2.03,0.00,97.97,
CPU06,T0028,0.00,2.07,0.00,97.93,
CPU05,T0028,0.00,2.31,0.00,97.69,
CPU04,T0028,0.00,43.25,0.00,56.75,
CPU03,T0028,0.54,0.82,0.00,98.65,
CPU02,T0028,1.15,1.78,0.00,97.07,
CPU01,T0028,7.77,9.34,0.02,82.86,
CPU00,T0028,48.91,47.98,0.01,3.10,
DISKBUSY,T0028,0.00,0.00,0.00,
DISKREAD,T0028,14.03,14.03,0.00,
DISKWRITE,T0028,6.77,57.35,0.00,
DISKXFER,T0028,0.88,6.44,0.00,
DISKSERV,T0028,0.00,0.00,0.00,
DISKWAIT,T0028,0.00,0.00,0.00,
MEMREAL,T0028,9437184.00,189768.41,15.44,48.19,49.80,47.78,
MEMVIRT,T0028,2097152.00,99.40,0.60,2.18,2.13,0.00,0.00,2.07,2207.63,0.00,
PROC,T0028,8.17,0.00,4859.54,14240.21,523.48,174.96,12.15,11.46,37.20,2.00,123.00,
LAN,T0028,111.72,0.01,0.12,11.46,0.36,0.72,44.83,0.06,0.57,40.52,4.14,11.68,0.00,0.00,0.00,
IP,T0028,9.73,4.03,11.68,40.52,9.73,0.06,0.57,44.83,1.94,0.27,0.56,10.91,1.94,0.01,0.12,111.71,
TCPUDP,T0028,43.47,43.96,10.08,7.75,
FILE,T0028,0.97,3170.06,0.00,755045.69,23857.34,
JFSFILE,T0028,15.22,71.09,77.01,73.94,3.90,44.36,
JFSINODE,T0028,3.03,9.41,19.58,4.34,0.02,2.26,
LPAR,T0028,0.18,3.00,12.00,64.00,2.00,128.00,54.81,0.28,0.28,1.00,
ZZZZ,T0029,02:28:24,27-Sep-2019,,
CPU_ALL,T0029,2.54,2.63,0.00,94.83,12.00,
CPU011,T0029,0.00,1.96,0.00,98.04,
CPU010,T0029,0.00,1.86,0.00,98.14,
CPU09,T0029,0.00,2.09,0.00,97.91,
CPU08,T0029,0.00,47.06,0.00,52.94,
CPU07,T0029,0.00,1.83,0.00,98.17,
CPU06,T0029,0.00,1.96,0.00,98.04,
CPU05,T0029,0.00,2.21,0.00,97.79,
CPU04,T0029,0.00,45.15,0.00,54.85,
